Timestamp: 23-Oct-2014 20:09:00
MaxDeathAge: 100
MaxInitialSugar: 25
MaxMetabolism: 4
MaxVision: 6
MinDeathAge: 60
MinInitialSugar: 5
NumAgents: 1000
Replacement: true


"tick","Avg. Metabolism","Avg. Vision","AgentCount"
1.0,2.0,3.0,1000
2.0,2.0,3.0,1000
3.0,2.0,3.0,987
4.0,2.0,3.0,959
5.0,2.0,3.0,926
6.0,2.0,3.0,885
7.0,2.0,3.0,837
8.0,2.0,3.0,792
9.0,2.0,3.0,754
10.0,2.0,3.0,720
11.0,1.0,3.0,688
12.0,1.0,3.0,665
13.0,1.0,3.0,647
14.0,1.0,3.0,627
15.0,1.0,3.0,616
16.0,1.0,3.0,604
17.0,1.0,3.0,596
18.0,1.0,3.0,584
19.0,1.0,3.0,576
20.0,1.0,3.0,567
21.0,1.0,3.0,558
22.0,1.0,3.0,545
23.0,1.0,3.0,538
24.0,1.0,3.0,534
25.0,1.0,3.0,529
26.0,1.0,3.0,525
27.0,1.0,3.0,524
28.0,1.0,3.0,521
29.0,1.0,3.0,515
30.0,1.0,3.0,511
31.0,1.0,3.0,510
32.0,1.0,3.0,503
33.0,1.0,3.0,501
34.0,1.0,3.0,498
35.0,1.0,3.0,496
36.0,1.0,3.0,494
37.0,1.0,3.0,491
38.0,1.0,3.0,488
39.0,1.0,3.0,488
40.0,1.0,3.0,488
41.0,1.0,3.0,485
42.0,1.0,3.0,485
43.0,1.0,3.0,484
44.0,1.0,3.0,483
45.0,1.0,3.0,482
46.0,1.0,3.0,482
47.0,1.0,3.0,482
48.0,1.0,3.0,481
49.0,1.0,3.0,481
50.0,1.0,3.0,480
51.0,1.0,3.0,480
52.0,1.0,3.0,480
53.0,1.0,3.0,480
54.0,1.0,3.0,480
55.0,1.0,3.0,480
56.0,1.0,3.0,480
57.0,1.0,3.0,480
58.0,1.0,3.0,480
59.0,1.0,3.0,480
60.0,1.0,3.0,480
61.0,1.0,3.0,480
62.0,1.0,3.0,480
63.0,1.0,3.0,479
64.0,1.0,3.0,479
65.0,1.0,3.0,478
66.0,1.0,3.0,478
67.0,1.0,3.0,478
68.0,1.0,3.0,478
69.0,1.0,3.0,478
70.0,1.0,3.0,478
71.0,1.0,3.0,478
72.0,1.0,3.0,478
73.0,1.0,3.0,478
74.0,1.0,3.0,478
75.0,1.0,3.0,478
76.0,1.0,3.0,478
77.0,1.0,3.0,478
78.0,1.0,3.0,478
79.0,1.0,3.0,478
80.0,1.0,3.0,478
81.0,1.0,3.0,478
82.0,1.0,3.0,478
83.0,1.0,3.0,478
84.0,1.0,3.0,478
85.0,1.0,3.0,478
86.0,1.0,3.0,478
87.0,1.0,3.0,478
88.0,1.0,3.0,478
89.0,1.0,3.0,478
90.0,1.0,3.0,478
91.0,1.0,3.0,478
92.0,1.0,3.0,478
93.0,1.0,3.0,478
94.0,1.0,3.0,478
95.0,1.0,3.0,478
96.0,1.0,3.0,478
97.0,1.0,3.0,478
98.0,1.0,3.0,478
99.0,1.0,3.0,478
100.0,1.0,3.0,478
101.0,1.0,3.0,478
102.0,1.0,3.0,478
103.0,1.0,3.0,478
104.0,1.0,3.0,478
105.0,1.0,3.0,478
106.0,1.0,3.0,478
107.0,1.0,3.0,478
108.0,1.0,3.0,478
109.0,1.0,3.0,478
110.0,1.0,3.0,478
111.0,1.0,3.0,478
112.0,1.0,3.0,478
113.0,1.0,3.0,478
114.0,1.0,3.0,478
115.0,1.0,3.0,478
116.0,1.0,3.0,478
117.0,1.0,3.0,478
118.0,1.0,3.0,478
119.0,1.0,3.0,478
120.0,1.0,3.0,478
121.0,1.0,3.0,478
122.0,1.0,3.0,478
123.0,1.0,3.0,478
124.0,1.0,3.0,478
125.0,1.0,3.0,478
126.0,1.0,3.0,478
127.0,1.0,3.0,478
128.0,1.0,3.0,478
129.0,1.0,3.0,478
130.0,1.0,3.0,478
131.0,1.0,3.0,478
132.0,1.0,3.0,478
133.0,1.0,3.0,478
134.0,1.0,3.0,478
135.0,1.0,3.0,478
136.0,1.0,3.0,478
137.0,1.0,3.0,478
138.0,1.0,3.0,478
139.0,1.0,3.0,478
140.0,1.0,3.0,478
141.0,1.0,3.0,478
142.0,1.0,3.0,478
143.0,1.0,3.0,478
144.0,1.0,3.0,478
145.0,1.0,3.0,478
146.0,1.0,3.0,478
147.0,1.0,3.0,478
148.0,1.0,3.0,478
149.0,1.0,3.0,478
150.0,1.0,3.0,478
151.0,1.0,3.0,478
152.0,1.0,3.0,478
153.0,1.0,3.0,478
154.0,1.0,3.0,478
155.0,1.0,3.0,478
156.0,1.0,3.0,478
157.0,1.0,3.0,478
158.0,1.0,3.0,478
159.0,1.0,3.0,478
160.0,1.0,3.0,478
161.0,1.0,3.0,478
162.0,1.0,3.0,478
163.0,1.0,3.0,478
164.0,1.0,3.0,478
165.0,1.0,3.0,478
166.0,1.0,3.0,478
167.0,1.0,3.0,478
168.0,1.0,3.0,478
169.0,1.0,3.0,478
170.0,1.0,3.0,478
171.0,1.0,3.0,478
172.0,1.0,3.0,478
173.0,1.0,3.0,478
174.0,1.0,3.0,478
175.0,1.0,3.0,478
176.0,1.0,3.0,478
177.0,1.0,3.0,478
178.0,1.0,3.0,478
179.0,1.0,3.0,478
180.0,1.0,3.0,478
181.0,1.0,3.0,478
182.0,1.0,3.0,478
183.0,1.0,3.0,478
184.0,1.0,3.0,478
185.0,1.0,3.0,478
186.0,1.0,3.0,478
187.0,1.0,3.0,478
188.0,1.0,3.0,478
189.0,1.0,3.0,478
190.0,1.0,3.0,478
191.0,1.0,3.0,478
192.0,1.0,3.0,478
193.0,1.0,3.0,478
194.0,1.0,3.0,478
195.0,1.0,3.0,478
196.0,1.0,3.0,478
197.0,1.0,3.0,478
198.0,1.0,3.0,478
199.0,1.0,3.0,478
200.0,1.0,3.0,478
201.0,1.0,3.0,478
202.0,1.0,3.0,478
203.0,1.0,3.0,478
204.0,1.0,3.0,478
205.0,1.0,3.0,478
206.0,1.0,3.0,478
207.0,1.0,3.0,478
208.0,1.0,3.0,478
209.0,1.0,3.0,478
210.0,1.0,3.0,478
211.0,1.0,3.0,478
212.0,1.0,3.0,478
213.0,1.0,3.0,478
214.0,1.0,3.0,478
215.0,1.0,3.0,478
216.0,1.0,3.0,478
217.0,1.0,3.0,478
218.0,1.0,3.0,478
219.0,1.0,3.0,478
220.0,1.0,3.0,478
221.0,1.0,3.0,478
222.0,1.0,3.0,478
223.0,1.0,3.0,478
224.0,1.0,3.0,478
225.0,1.0,3.0,478
226.0,1.0,3.0,478
227.0,1.0,3.0,478
228.0,1.0,3.0,478
229.0,1.0,3.0,478
230.0,1.0,3.0,478
231.0,1.0,3.0,478
232.0,1.0,3.0,478
233.0,1.0,3.0,478
234.0,1.0,3.0,478
235.0,1.0,3.0,478
236.0,1.0,3.0,478
237.0,1.0,3.0,478
238.0,1.0,3.0,478
239.0,1.0,3.0,478
240.0,1.0,3.0,478
241.0,1.0,3.0,478
242.0,1.0,3.0,478
243.0,1.0,3.0,478
244.0,1.0,3.0,478
245.0,1.0,3.0,478
246.0,1.0,3.0,478
247.0,1.0,3.0,478
248.0,1.0,3.0,478
249.0,1.0,3.0,478
250.0,1.0,3.0,478
251.0,1.0,3.0,478
252.0,1.0,3.0,478
253.0,1.0,3.0,478
254.0,1.0,3.0,478
255.0,1.0,3.0,478
256.0,1.0,3.0,478
257.0,1.0,3.0,478
258.0,1.0,3.0,478
259.0,1.0,3.0,478
260.0,1.0,3.0,478
261.0,1.0,3.0,478
262.0,1.0,3.0,478
263.0,1.0,3.0,478
264.0,1.0,3.0,478
265.0,1.0,3.0,478
266.0,1.0,3.0,478
267.0,1.0,3.0,478
268.0,1.0,3.0,478
269.0,1.0,3.0,478
270.0,1.0,3.0,478
271.0,1.0,3.0,478
272.0,1.0,3.0,478
273.0,1.0,3.0,478
274.0,1.0,3.0,478
275.0,1.0,3.0,478
276.0,1.0,3.0,478
277.0,1.0,3.0,478
278.0,1.0,3.0,478
279.0,1.0,3.0,478
280.0,1.0,3.0,478
281.0,1.0,3.0,478
282.0,1.0,3.0,478
283.0,1.0,3.0,478
284.0,1.0,3.0,478
285.0,1.0,3.0,478
286.0,1.0,3.0,478
287.0,1.0,3.0,478
288.0,1.0,3.0,478
289.0,1.0,3.0,478
290.0,1.0,3.0,478
291.0,1.0,3.0,478
292.0,1.0,3.0,478
293.0,1.0,3.0,478
294.0,1.0,3.0,478
295.0,1.0,3.0,478
296.0,1.0,3.0,478
297.0,1.0,3.0,478
298.0,1.0,3.0,478
299.0,1.0,3.0,478
300.0,1.0,3.0,478
301.0,1.0,3.0,478
302.0,1.0,3.0,478
303.0,1.0,3.0,478
304.0,1.0,3.0,478
305.0,1.0,3.0,478
306.0,1.0,3.0,478
307.0,1.0,3.0,478
308.0,1.0,3.0,478
309.0,1.0,3.0,478
310.0,1.0,3.0,478
311.0,1.0,3.0,478
312.0,1.0,3.0,478
313.0,1.0,3.0,478
314.0,1.0,3.0,478
315.0,1.0,3.0,478
316.0,1.0,3.0,478
317.0,1.0,3.0,478
318.0,1.0,3.0,478
319.0,1.0,3.0,478
320.0,1.0,3.0,478
321.0,1.0,3.0,478
322.0,1.0,3.0,478
323.0,1.0,3.0,478
324.0,1.0,3.0,478
325.0,1.0,3.0,478
326.0,1.0,3.0,478
327.0,1.0,3.0,478
328.0,1.0,3.0,478
329.0,1.0,3.0,478
330.0,1.0,3.0,478
331.0,1.0,3.0,478
332.0,1.0,3.0,478
333.0,1.0,3.0,478
334.0,1.0,3.0,478
335.0,1.0,3.0,478
336.0,1.0,3.0,478
337.0,1.0,3.0,478
338.0,1.0,3.0,478
339.0,1.0,3.0,478
340.0,1.0,3.0,478
341.0,1.0,3.0,478
342.0,1.0,3.0,478
343.0,1.0,3.0,478
344.0,1.0,3.0,478
345.0,1.0,3.0,478
346.0,1.0,3.0,478
347.0,1.0,3.0,478
348.0,1.0,3.0,478
349.0,1.0,3.0,478
350.0,1.0,3.0,478
351.0,1.0,3.0,478
352.0,1.0,3.0,478
353.0,1.0,3.0,478
354.0,1.0,3.0,478
355.0,1.0,3.0,478
356.0,1.0,3.0,478
357.0,1.0,3.0,478
358.0,1.0,3.0,478
359.0,1.0,3.0,478
360.0,1.0,3.0,478
361.0,1.0,3.0,478
362.0,1.0,3.0,478
363.0,1.0,3.0,478
364.0,1.0,3.0,478
365.0,1.0,3.0,478
366.0,1.0,3.0,478
367.0,1.0,3.0,478
368.0,1.0,3.0,478
369.0,1.0,3.0,478
370.0,1.0,3.0,478
371.0,1.0,3.0,478
372.0,1.0,3.0,478
373.0,1.0,3.0,478
374.0,1.0,3.0,478
375.0,1.0,3.0,478
376.0,1.0,3.0,478
377.0,1.0,3.0,478
378.0,1.0,3.0,478
379.0,1.0,3.0,478
380.0,1.0,3.0,478
381.0,1.0,3.0,478
382.0,1.0,3.0,478
383.0,1.0,3.0,478
384.0,1.0,3.0,478
385.0,1.0,3.0,478
386.0,1.0,3.0,478
387.0,1.0,3.0,478
388.0,1.0,3.0,478
389.0,1.0,3.0,478
390.0,1.0,3.0,478
391.0,1.0,3.0,478
392.0,1.0,3.0,478
393.0,1.0,3.0,478
394.0,1.0,3.0,478
395.0,1.0,3.0,478
396.0,1.0,3.0,478
397.0,1.0,3.0,478
398.0,1.0,3.0,478
399.0,1.0,3.0,478
400.0,1.0,3.0,478
401.0,1.0,3.0,478
402.0,1.0,3.0,478
403.0,1.0,3.0,478
404.0,1.0,3.0,478
405.0,1.0,3.0,478
406.0,1.0,3.0,478
407.0,1.0,3.0,478
408.0,1.0,3.0,478
409.0,1.0,3.0,478
410.0,1.0,3.0,478
411.0,1.0,3.0,478
412.0,1.0,3.0,478
413.0,1.0,3.0,478
414.0,1.0,3.0,478
415.0,1.0,3.0,478
416.0,1.0,3.0,478
417.0,1.0,3.0,478
418.0,1.0,3.0,478
419.0,1.0,3.0,478
420.0,1.0,3.0,478
421.0,1.0,3.0,478
422.0,1.0,3.0,478
423.0,1.0,3.0,478
424.0,1.0,3.0,478
425.0,1.0,3.0,478
426.0,1.0,3.0,478
427.0,1.0,3.0,478
428.0,1.0,3.0,478
429.0,1.0,3.0,478
430.0,1.0,3.0,478
431.0,1.0,3.0,478
432.0,1.0,3.0,478
433.0,1.0,3.0,478
434.0,1.0,3.0,478
435.0,1.0,3.0,478
436.0,1.0,3.0,478
437.0,1.0,3.0,478
438.0,1.0,3.0,478
439.0,1.0,3.0,478
440.0,1.0,3.0,478
441.0,1.0,3.0,478
442.0,1.0,3.0,478
443.0,1.0,3.0,478
444.0,1.0,3.0,478
445.0,1.0,3.0,478
446.0,1.0,3.0,478
447.0,1.0,3.0,478
448.0,1.0,3.0,478
449.0,1.0,3.0,478
450.0,1.0,3.0,478
451.0,1.0,3.0,478
452.0,1.0,3.0,478
453.0,1.0,3.0,478
454.0,1.0,3.0,478
455.0,1.0,3.0,478
456.0,1.0,3.0,478
457.0,1.0,3.0,478
458.0,1.0,3.0,478
459.0,1.0,3.0,478
460.0,1.0,3.0,478
461.0,1.0,3.0,478
462.0,1.0,3.0,478
463.0,1.0,3.0,478
464.0,1.0,3.0,478
465.0,1.0,3.0,478
466.0,1.0,3.0,478
467.0,1.0,3.0,478
468.0,1.0,3.0,478
469.0,1.0,3.0,478
470.0,1.0,3.0,478
471.0,1.0,3.0,478
472.0,1.0,3.0,478
473.0,1.0,3.0,478
474.0,1.0,3.0,478
475.0,1.0,3.0,478
476.0,1.0,3.0,478
477.0,1.0,3.0,478
478.0,1.0,3.0,478
479.0,1.0,3.0,478
480.0,1.0,3.0,478
481.0,1.0,3.0,478
482.0,1.0,3.0,478
483.0,1.0,3.0,478
484.0,1.0,3.0,478
485.0,1.0,3.0,478
486.0,1.0,3.0,478
487.0,1.0,3.0,478
488.0,1.0,3.0,478
489.0,1.0,3.0,478
490.0,1.0,3.0,478
491.0,1.0,3.0,478
492.0,1.0,3.0,478
493.0,1.0,3.0,478
494.0,1.0,3.0,478
495.0,1.0,3.0,478
496.0,1.0,3.0,478
497.0,1.0,3.0,478
498.0,1.0,3.0,478
499.0,1.0,3.0,478
500.0,1.0,3.0,478
501.0,1.0,3.0,478
502.0,1.0,3.0,478
503.0,1.0,3.0,478
504.0,1.0,3.0,478
505.0,1.0,3.0,478
506.0,1.0,3.0,478
507.0,1.0,3.0,478
508.0,1.0,3.0,478
509.0,1.0,3.0,478
510.0,1.0,3.0,478
511.0,1.0,3.0,478
512.0,1.0,3.0,478
513.0,1.0,3.0,478
514.0,1.0,3.0,478
515.0,1.0,3.0,478
516.0,1.0,3.0,478
517.0,1.0,3.0,478
518.0,1.0,3.0,478
519.0,1.0,3.0,478
520.0,1.0,3.0,478
521.0,1.0,3.0,478
522.0,1.0,3.0,478
523.0,1.0,3.0,478
524.0,1.0,3.0,478
525.0,1.0,3.0,478
526.0,1.0,3.0,478
527.0,1.0,3.0,478
528.0,1.0,3.0,478
529.0,1.0,3.0,478
530.0,1.0,3.0,478
531.0,1.0,3.0,478
532.0,1.0,3.0,478
533.0,1.0,3.0,478
534.0,1.0,3.0,478
535.0,1.0,3.0,478
536.0,1.0,3.0,478
537.0,1.0,3.0,478
538.0,1.0,3.0,478
539.0,1.0,3.0,478
540.0,1.0,3.0,478
541.0,1.0,3.0,478
542.0,1.0,3.0,478
543.0,1.0,3.0,478
544.0,1.0,3.0,478
545.0,1.0,3.0,478
546.0,1.0,3.0,478
547.0,1.0,3.0,478
548.0,1.0,3.0,478
549.0,1.0,3.0,478
550.0,1.0,3.0,478
551.0,1.0,3.0,478
552.0,1.0,3.0,478
553.0,1.0,3.0,478
554.0,1.0,3.0,478
555.0,1.0,3.0,478
556.0,1.0,3.0,478
557.0,1.0,3.0,478
558.0,1.0,3.0,478
559.0,1.0,3.0,478
560.0,1.0,3.0,478
561.0,1.0,3.0,478
562.0,1.0,3.0,478
563.0,1.0,3.0,478
564.0,1.0,3.0,478
565.0,1.0,3.0,478
566.0,1.0,3.0,478
567.0,1.0,3.0,478
568.0,1.0,3.0,478
569.0,1.0,3.0,478
570.0,1.0,3.0,478
571.0,1.0,3.0,478
572.0,1.0,3.0,478
573.0,1.0,3.0,478
574.0,1.0,3.0,478
575.0,1.0,3.0,478
576.0,1.0,3.0,478
577.0,1.0,3.0,478
578.0,1.0,3.0,478
579.0,1.0,3.0,478
580.0,1.0,3.0,478
581.0,1.0,3.0,478
582.0,1.0,3.0,478
583.0,1.0,3.0,478
584.0,1.0,3.0,478
585.0,1.0,3.0,478
586.0,1.0,3.0,478
587.0,1.0,3.0,478
588.0,1.0,3.0,478
589.0,1.0,3.0,478
590.0,1.0,3.0,478
591.0,1.0,3.0,478
592.0,1.0,3.0,478
593.0,1.0,3.0,478
594.0,1.0,3.0,478
595.0,1.0,3.0,478
596.0,1.0,3.0,478
597.0,1.0,3.0,478
598.0,1.0,3.0,478
599.0,1.0,3.0,478
600.0,1.0,3.0,478
601.0,1.0,3.0,478
602.0,1.0,3.0,478
603.0,1.0,3.0,478
604.0,1.0,3.0,478
605.0,1.0,3.0,478
606.0,1.0,3.0,478
607.0,1.0,3.0,478
608.0,1.0,3.0,478
609.0,1.0,3.0,478
610.0,1.0,3.0,478
611.0,1.0,3.0,478
612.0,1.0,3.0,478
613.0,1.0,3.0,478
614.0,1.0,3.0,478
615.0,1.0,3.0,478
616.0,1.0,3.0,478
617.0,1.0,3.0,478
618.0,1.0,3.0,478
619.0,1.0,3.0,478
620.0,1.0,3.0,478
621.0,1.0,3.0,478
622.0,1.0,3.0,478
623.0,1.0,3.0,478
624.0,1.0,3.0,478
625.0,1.0,3.0,478
626.0,1.0,3.0,478
627.0,1.0,3.0,478
628.0,1.0,3.0,478
629.0,1.0,3.0,478
630.0,1.0,3.0,478
631.0,1.0,3.0,478
632.0,1.0,3.0,478
633.0,1.0,3.0,478
634.0,1.0,3.0,478
635.0,1.0,3.0,478
636.0,1.0,3.0,478
637.0,1.0,3.0,478
638.0,1.0,3.0,478
639.0,1.0,3.0,478
640.0,1.0,3.0,478
641.0,1.0,3.0,478
642.0,1.0,3.0,478
643.0,1.0,3.0,478
644.0,1.0,3.0,478
645.0,1.0,3.0,478
646.0,1.0,3.0,478
647.0,1.0,3.0,478
648.0,1.0,3.0,478
649.0,1.0,3.0,478
650.0,1.0,3.0,478
651.0,1.0,3.0,478
652.0,1.0,3.0,478
653.0,1.0,3.0,478
654.0,1.0,3.0,478
655.0,1.0,3.0,478
656.0,1.0,3.0,478
657.0,1.0,3.0,478
658.0,1.0,3.0,478
659.0,1.0,3.0,478
660.0,1.0,3.0,478
661.0,1.0,3.0,478
662.0,1.0,3.0,478
663.0,1.0,3.0,478
664.0,1.0,3.0,478
665.0,1.0,3.0,478
666.0,1.0,3.0,478
667.0,1.0,3.0,478
668.0,1.0,3.0,478
669.0,1.0,3.0,478
670.0,1.0,3.0,478
671.0,1.0,3.0,478
672.0,1.0,3.0,478
673.0,1.0,3.0,478
674.0,1.0,3.0,478
675.0,1.0,3.0,478
676.0,1.0,3.0,478
677.0,1.0,3.0,478
678.0,1.0,3.0,478
679.0,1.0,3.0,478
680.0,1.0,3.0,478
681.0,1.0,3.0,478
682.0,1.0,3.0,478
683.0,1.0,3.0,478
684.0,1.0,3.0,478
685.0,1.0,3.0,478
686.0,1.0,3.0,478
687.0,1.0,3.0,478
688.0,1.0,3.0,478
689.0,1.0,3.0,478
690.0,1.0,3.0,478
691.0,1.0,3.0,478
692.0,1.0,3.0,478
693.0,1.0,3.0,478
694.0,1.0,3.0,478
695.0,1.0,3.0,478
696.0,1.0,3.0,478
697.0,1.0,3.0,478
698.0,1.0,3.0,478
699.0,1.0,3.0,478
700.0,1.0,3.0,478
701.0,1.0,3.0,478
702.0,1.0,3.0,478
703.0,1.0,3.0,478
704.0,1.0,3.0,478
705.0,1.0,3.0,478
706.0,1.0,3.0,478
707.0,1.0,3.0,478
708.0,1.0,3.0,478
709.0,1.0,3.0,478
710.0,1.0,3.0,478
711.0,1.0,3.0,478
712.0,1.0,3.0,478
713.0,1.0,3.0,478
714.0,1.0,3.0,478
715.0,1.0,3.0,478
716.0,1.0,3.0,478
717.0,1.0,3.0,478
718.0,1.0,3.0,478
719.0,1.0,3.0,478
720.0,1.0,3.0,478
721.0,1.0,3.0,478
722.0,1.0,3.0,478
723.0,1.0,3.0,478
724.0,1.0,3.0,478
725.0,1.0,3.0,478
726.0,1.0,3.0,478
727.0,1.0,3.0,478
728.0,1.0,3.0,478
729.0,1.0,3.0,478
730.0,1.0,3.0,478
731.0,1.0,3.0,478
732.0,1.0,3.0,478
733.0,1.0,3.0,478
734.0,1.0,3.0,478
735.0,1.0,3.0,478
736.0,1.0,3.0,478
737.0,1.0,3.0,478
738.0,1.0,3.0,478
739.0,1.0,3.0,478
740.0,1.0,3.0,478
741.0,1.0,3.0,478
742.0,1.0,3.0,478
743.0,1.0,3.0,478
744.0,1.0,3.0,478
745.0,1.0,3.0,478
746.0,1.0,3.0,478
747.0,1.0,3.0,478
748.0,1.0,3.0,478
749.0,1.0,3.0,478
750.0,1.0,3.0,478
751.0,1.0,3.0,478
752.0,1.0,3.0,478
753.0,1.0,3.0,478
754.0,1.0,3.0,478
755.0,1.0,3.0,478
756.0,1.0,3.0,478
757.0,1.0,3.0,478
758.0,1.0,3.0,478
759.0,1.0,3.0,478
760.0,1.0,3.0,478
761.0,1.0,3.0,478
762.0,1.0,3.0,478
763.0,1.0,3.0,478
764.0,1.0,3.0,478
765.0,1.0,3.0,478
766.0,1.0,3.0,478
767.0,1.0,3.0,478
768.0,1.0,3.0,478
769.0,1.0,3.0,478
770.0,1.0,3.0,478
771.0,1.0,3.0,478
772.0,1.0,3.0,478
773.0,1.0,3.0,478
774.0,1.0,3.0,478
775.0,1.0,3.0,478
776.0,1.0,3.0,478
777.0,1.0,3.0,478
778.0,1.0,3.0,478
779.0,1.0,3.0,478
780.0,1.0,3.0,478
781.0,1.0,3.0,478
782.0,1.0,3.0,478
783.0,1.0,3.0,478
784.0,1.0,3.0,478
785.0,1.0,3.0,478
786.0,1.0,3.0,478
787.0,1.0,3.0,478
788.0,1.0,3.0,478
789.0,1.0,3.0,478
790.0,1.0,3.0,478
791.0,1.0,3.0,478
792.0,1.0,3.0,478
793.0,1.0,3.0,478
794.0,1.0,3.0,478
795.0,1.0,3.0,478
796.0,1.0,3.0,478
797.0,1.0,3.0,478
798.0,1.0,3.0,478
799.0,1.0,3.0,478
800.0,1.0,3.0,478
801.0,1.0,3.0,478
802.0,1.0,3.0,478
803.0,1.0,3.0,478
804.0,1.0,3.0,478
805.0,1.0,3.0,478
806.0,1.0,3.0,478
807.0,1.0,3.0,478
808.0,1.0,3.0,478
809.0,1.0,3.0,478
810.0,1.0,3.0,478
811.0,1.0,3.0,478
812.0,1.0,3.0,478
813.0,1.0,3.0,478
814.0,1.0,3.0,478
815.0,1.0,3.0,478
816.0,1.0,3.0,478
817.0,1.0,3.0,478
818.0,1.0,3.0,478
819.0,1.0,3.0,478
820.0,1.0,3.0,478
821.0,1.0,3.0,478
822.0,1.0,3.0,478
823.0,1.0,3.0,478
824.0,1.0,3.0,478
825.0,1.0,3.0,478
826.0,1.0,3.0,478
827.0,1.0,3.0,478
828.0,1.0,3.0,478
829.0,1.0,3.0,478
830.0,1.0,3.0,478
831.0,1.0,3.0,478
832.0,1.0,3.0,478
833.0,1.0,3.0,478
834.0,1.0,3.0,478
835.0,1.0,3.0,478
836.0,1.0,3.0,478
837.0,1.0,3.0,478
838.0,1.0,3.0,478
839.0,1.0,3.0,478
840.0,1.0,3.0,478
841.0,1.0,3.0,478
842.0,1.0,3.0,478
843.0,1.0,3.0,478
844.0,1.0,3.0,478
845.0,1.0,3.0,478
846.0,1.0,3.0,478
847.0,1.0,3.0,478
848.0,1.0,3.0,478
849.0,1.0,3.0,478
850.0,1.0,3.0,478
851.0,1.0,3.0,478
852.0,1.0,3.0,478
853.0,1.0,3.0,478
854.0,1.0,3.0,478
855.0,1.0,3.0,478
856.0,1.0,3.0,478
857.0,1.0,3.0,478
858.0,1.0,3.0,478
859.0,1.0,3.0,478
860.0,1.0,3.0,478
861.0,1.0,3.0,478
862.0,1.0,3.0,478
863.0,1.0,3.0,478
864.0,1.0,3.0,478
865.0,1.0,3.0,478
866.0,1.0,3.0,478
867.0,1.0,3.0,478
868.0,1.0,3.0,478
869.0,1.0,3.0,478
870.0,1.0,3.0,478
871.0,1.0,3.0,478
872.0,1.0,3.0,478
873.0,1.0,3.0,478
874.0,1.0,3.0,478
875.0,1.0,3.0,478
876.0,1.0,3.0,478
877.0,1.0,3.0,478
878.0,1.0,3.0,478
879.0,1.0,3.0,478
880.0,1.0,3.0,478
881.0,1.0,3.0,478
882.0,1.0,3.0,478
883.0,1.0,3.0,478
884.0,1.0,3.0,478
885.0,1.0,3.0,478
886.0,1.0,3.0,478
887.0,1.0,3.0,478
888.0,1.0,3.0,478
889.0,1.0,3.0,478
890.0,1.0,3.0,478
891.0,1.0,3.0,478
892.0,1.0,3.0,478
893.0,1.0,3.0,478
894.0,1.0,3.0,478
895.0,1.0,3.0,478
896.0,1.0,3.0,478
897.0,1.0,3.0,478
898.0,1.0,3.0,478
899.0,1.0,3.0,478
900.0,1.0,3.0,478
901.0,1.0,3.0,478
902.0,1.0,3.0,478
903.0,1.0,3.0,478
904.0,1.0,3.0,478
905.0,1.0,3.0,478
906.0,1.0,3.0,478
907.0,1.0,3.0,478
908.0,1.0,3.0,478
909.0,1.0,3.0,478
910.0,1.0,3.0,478
911.0,1.0,3.0,478
912.0,1.0,3.0,478
913.0,1.0,3.0,478
914.0,1.0,3.0,478
915.0,1.0,3.0,478
916.0,1.0,3.0,478
917.0,1.0,3.0,478
918.0,1.0,3.0,478
919.0,1.0,3.0,478
920.0,1.0,3.0,478
921.0,1.0,3.0,478
922.0,1.0,3.0,478
923.0,1.0,3.0,478
924.0,1.0,3.0,478
925.0,1.0,3.0,478
926.0,1.0,3.0,478
927.0,1.0,3.0,478
928.0,1.0,3.0,478
929.0,1.0,3.0,478
930.0,1.0,3.0,478
931.0,1.0,3.0,478
932.0,1.0,3.0,478
933.0,1.0,3.0,478
934.0,1.0,3.0,478
935.0,1.0,3.0,478
936.0,1.0,3.0,478
937.0,1.0,3.0,478
938.0,1.0,3.0,478
939.0,1.0,3.0,478
940.0,1.0,3.0,478
941.0,1.0,3.0,478
942.0,1.0,3.0,478
943.0,1.0,3.0,478
944.0,1.0,3.0,478
945.0,1.0,3.0,478
946.0,1.0,3.0,478
947.0,1.0,3.0,478
948.0,1.0,3.0,478
949.0,1.0,3.0,478
950.0,1.0,3.0,478
951.0,1.0,3.0,478
952.0,1.0,3.0,478
953.0,1.0,3.0,478
954.0,1.0,3.0,478
955.0,1.0,3.0,478
956.0,1.0,3.0,478
957.0,1.0,3.0,478
958.0,1.0,3.0,478
959.0,1.0,3.0,478
960.0,1.0,3.0,478
961.0,1.0,3.0,478
962.0,1.0,3.0,478
963.0,1.0,3.0,478
964.0,1.0,3.0,478
965.0,1.0,3.0,478
966.0,1.0,3.0,478
967.0,1.0,3.0,478
968.0,1.0,3.0,478
969.0,1.0,3.0,478
970.0,1.0,3.0,478
971.0,1.0,3.0,478
972.0,1.0,3.0,478
973.0,1.0,3.0,478
974.0,1.0,3.0,478
975.0,1.0,3.0,478
976.0,1.0,3.0,478
977.0,1.0,3.0,478
978.0,1.0,3.0,478
979.0,1.0,3.0,478
980.0,1.0,3.0,478
981.0,1.0,3.0,478
982.0,1.0,3.0,478
983.0,1.0,3.0,478
984.0,1.0,3.0,478
985.0,1.0,3.0,478
986.0,1.0,3.0,478
987.0,1.0,3.0,478
988.0,1.0,3.0,478
989.0,1.0,3.0,478
990.0,1.0,3.0,478
991.0,1.0,3.0,478
992.0,1.0,3.0,478
993.0,1.0,3.0,478
994.0,1.0,3.0,478
995.0,1.0,3.0,478
996.0,1.0,3.0,478
997.0,1.0,3.0,478
998.0,1.0,3.0,478
999.0,1.0,3.0,478
1000.0,1.0,3.0,478
1001.0,1.0,3.0,478
1002.0,1.0,3.0,478
1003.0,1.0,3.0,478
1004.0,1.0,3.0,478
1005.0,1.0,3.0,478
1006.0,1.0,3.0,478
1007.0,1.0,3.0,478
1008.0,1.0,3.0,478
1009.0,1.0,3.0,478
1010.0,1.0,3.0,478
1011.0,1.0,3.0,478
1012.0,1.0,3.0,478
1013.0,1.0,3.0,478
1014.0,1.0,3.0,478
1015.0,1.0,3.0,478
1016.0,1.0,3.0,478
1017.0,1.0,3.0,478
1018.0,1.0,3.0,478
1019.0,1.0,3.0,478
1020.0,1.0,3.0,478
1021.0,1.0,3.0,478
1022.0,1.0,3.0,478
1023.0,1.0,3.0,478
1024.0,1.0,3.0,478
1025.0,1.0,3.0,478
1026.0,1.0,3.0,478
1027.0,1.0,3.0,478
1028.0,1.0,3.0,478
1029.0,1.0,3.0,478
1030.0,1.0,3.0,478
1031.0,1.0,3.0,478
1032.0,1.0,3.0,478
1033.0,1.0,3.0,478
1034.0,1.0,3.0,478
1035.0,1.0,3.0,478
1036.0,1.0,3.0,478
1037.0,1.0,3.0,478
1038.0,1.0,3.0,478
1039.0,1.0,3.0,478
1040.0,1.0,3.0,478
1041.0,1.0,3.0,478
1042.0,1.0,3.0,478
1043.0,1.0,3.0,478
1044.0,1.0,3.0,478
1045.0,1.0,3.0,478
1046.0,1.0,3.0,478
1047.0,1.0,3.0,478
1048.0,1.0,3.0,478
1049.0,1.0,3.0,478
1050.0,1.0,3.0,478
1051.0,1.0,3.0,478
1052.0,1.0,3.0,478
1053.0,1.0,3.0,478
1054.0,1.0,3.0,478
1055.0,1.0,3.0,478
1056.0,1.0,3.0,478
1057.0,1.0,3.0,478
1058.0,1.0,3.0,478
1059.0,1.0,3.0,478
1060.0,1.0,3.0,478
1061.0,1.0,3.0,478
1062.0,1.0,3.0,478
1063.0,1.0,3.0,478
1064.0,1.0,3.0,478
1065.0,1.0,3.0,478
1066.0,1.0,3.0,478
1067.0,1.0,3.0,478
1068.0,1.0,3.0,478
1069.0,1.0,3.0,478
1070.0,1.0,3.0,478
1071.0,1.0,3.0,478
1072.0,1.0,3.0,478
1073.0,1.0,3.0,478
1074.0,1.0,3.0,478
1075.0,1.0,3.0,478
1076.0,1.0,3.0,478
1077.0,1.0,3.0,478
1078.0,1.0,3.0,478
1079.0,1.0,3.0,478
1080.0,1.0,3.0,478
1081.0,1.0,3.0,478
1082.0,1.0,3.0,478
1083.0,1.0,3.0,478
1084.0,1.0,3.0,478
1085.0,1.0,3.0,478
1086.0,1.0,3.0,478
1087.0,1.0,3.0,478
1088.0,1.0,3.0,478
1089.0,1.0,3.0,478
1090.0,1.0,3.0,478
1091.0,1.0,3.0,478
1092.0,1.0,3.0,478
1093.0,1.0,3.0,478
1094.0,1.0,3.0,478
1095.0,1.0,3.0,478
1096.0,1.0,3.0,478
1097.0,1.0,3.0,478
1098.0,1.0,3.0,478
1099.0,1.0,3.0,478
1100.0,1.0,3.0,478
1101.0,1.0,3.0,478
1102.0,1.0,3.0,478
1103.0,1.0,3.0,478
1104.0,1.0,3.0,478
1105.0,1.0,3.0,478
1106.0,1.0,3.0,478
1107.0,1.0,3.0,478
1108.0,1.0,3.0,478
1109.0,1.0,3.0,478
1110.0,1.0,3.0,478
1111.0,1.0,3.0,478
1112.0,1.0,3.0,478
1113.0,1.0,3.0,478
1114.0,1.0,3.0,478
1115.0,1.0,3.0,478
1116.0,1.0,3.0,478
1117.0,1.0,3.0,478
1118.0,1.0,3.0,478
1119.0,1.0,3.0,478
1120.0,1.0,3.0,478
1121.0,1.0,3.0,478
1122.0,1.0,3.0,478
1123.0,1.0,3.0,478
1124.0,1.0,3.0,478
1125.0,1.0,3.0,478
1126.0,1.0,3.0,478
1127.0,1.0,3.0,478
1128.0,1.0,3.0,478
1129.0,1.0,3.0,478
1130.0,1.0,3.0,478
1131.0,1.0,3.0,478
1132.0,1.0,3.0,478
1133.0,1.0,3.0,478
1134.0,1.0,3.0,478
1135.0,1.0,3.0,478
1136.0,1.0,3.0,478
1137.0,1.0,3.0,478
1138.0,1.0,3.0,478
1139.0,1.0,3.0,478
1140.0,1.0,3.0,478
1141.0,1.0,3.0,478
1142.0,1.0,3.0,478
1143.0,1.0,3.0,478
1144.0,1.0,3.0,478
1145.0,1.0,3.0,478
1146.0,1.0,3.0,478
1147.0,1.0,3.0,478
1148.0,1.0,3.0,478
1149.0,1.0,3.0,478
1150.0,1.0,3.0,478
1151.0,1.0,3.0,478
1152.0,1.0,3.0,478
1153.0,1.0,3.0,478
1154.0,1.0,3.0,478
1155.0,1.0,3.0,478
1156.0,1.0,3.0,478
1157.0,1.0,3.0,478
1158.0,1.0,3.0,478
1159.0,1.0,3.0,478
1160.0,1.0,3.0,478
1161.0,1.0,3.0,478
1162.0,1.0,3.0,478
1163.0,1.0,3.0,478
1164.0,1.0,3.0,478
1165.0,1.0,3.0,478
1166.0,1.0,3.0,478
1167.0,1.0,3.0,478
1168.0,1.0,3.0,478
1169.0,1.0,3.0,478
1170.0,1.0,3.0,478
1171.0,1.0,3.0,478
1172.0,1.0,3.0,478
1173.0,1.0,3.0,478
1174.0,1.0,3.0,478
1175.0,1.0,3.0,478
1176.0,1.0,3.0,478
1177.0,1.0,3.0,478
1178.0,1.0,3.0,478
1179.0,1.0,3.0,478
1180.0,1.0,3.0,478
1181.0,1.0,3.0,478
1182.0,1.0,3.0,478
1183.0,1.0,3.0,478
1184.0,1.0,3.0,478
1185.0,1.0,3.0,478
1186.0,1.0,3.0,478
1187.0,1.0,3.0,478
1188.0,1.0,3.0,478
1189.0,1.0,3.0,478
1190.0,1.0,3.0,478
1191.0,1.0,3.0,478
1192.0,1.0,3.0,478
1193.0,1.0,3.0,478
1194.0,1.0,3.0,478
1195.0,1.0,3.0,478
1196.0,1.0,3.0,478
1197.0,1.0,3.0,478
1198.0,1.0,3.0,478
1199.0,1.0,3.0,478
1200.0,1.0,3.0,478
1201.0,1.0,3.0,478
1202.0,1.0,3.0,478
1203.0,1.0,3.0,478
1204.0,1.0,3.0,478
1205.0,1.0,3.0,478
1206.0,1.0,3.0,478
1207.0,1.0,3.0,478
1208.0,1.0,3.0,478
1209.0,1.0,3.0,478
1210.0,1.0,3.0,478
1211.0,1.0,3.0,478
1212.0,1.0,3.0,478
1213.0,1.0,3.0,478
1214.0,1.0,3.0,478
1215.0,1.0,3.0,478
1216.0,1.0,3.0,478
1217.0,1.0,3.0,478
1218.0,1.0,3.0,478
1219.0,1.0,3.0,478
1220.0,1.0,3.0,478
1221.0,1.0,3.0,478
1222.0,1.0,3.0,478
1223.0,1.0,3.0,478
1224.0,1.0,3.0,478
1225.0,1.0,3.0,478
1226.0,1.0,3.0,478
1227.0,1.0,3.0,478
1228.0,1.0,3.0,478
1229.0,1.0,3.0,478
1230.0,1.0,3.0,478
1231.0,1.0,3.0,478
1232.0,1.0,3.0,478
1233.0,1.0,3.0,478
1234.0,1.0,3.0,478
1235.0,1.0,3.0,478
1236.0,1.0,3.0,478
1237.0,1.0,3.0,478
1238.0,1.0,3.0,478
1239.0,1.0,3.0,478
1240.0,1.0,3.0,478
1241.0,1.0,3.0,478
1242.0,1.0,3.0,478
1243.0,1.0,3.0,478
1244.0,1.0,3.0,478
1245.0,1.0,3.0,478
1246.0,1.0,3.0,478
1247.0,1.0,3.0,478
1248.0,1.0,3.0,478
1249.0,1.0,3.0,478
1250.0,1.0,3.0,478
1251.0,1.0,3.0,478
1252.0,1.0,3.0,478
1253.0,1.0,3.0,478
1254.0,1.0,3.0,478
1255.0,1.0,3.0,478
1256.0,1.0,3.0,478
1257.0,1.0,3.0,478
1258.0,1.0,3.0,478
1259.0,1.0,3.0,478
1260.0,1.0,3.0,478
1261.0,1.0,3.0,478
1262.0,1.0,3.0,478
1263.0,1.0,3.0,478
1264.0,1.0,3.0,478
1265.0,1.0,3.0,478
1266.0,1.0,3.0,478
1267.0,1.0,3.0,478
1268.0,1.0,3.0,478
1269.0,1.0,3.0,478
1270.0,1.0,3.0,478
1271.0,1.0,3.0,478
1272.0,1.0,3.0,478
1273.0,1.0,3.0,478
1274.0,1.0,3.0,478
1275.0,1.0,3.0,478
1276.0,1.0,3.0,478
1277.0,1.0,3.0,478
1278.0,1.0,3.0,478
1279.0,1.0,3.0,478
1280.0,1.0,3.0,478
1281.0,1.0,3.0,478
1282.0,1.0,3.0,478
1283.0,1.0,3.0,478
1284.0,1.0,3.0,478
1285.0,1.0,3.0,478
1286.0,1.0,3.0,478
1287.0,1.0,3.0,478
1288.0,1.0,3.0,478
1289.0,1.0,3.0,478
1290.0,1.0,3.0,478
1291.0,1.0,3.0,478
1292.0,1.0,3.0,478
1293.0,1.0,3.0,478
1294.0,1.0,3.0,478
1295.0,1.0,3.0,478
1296.0,1.0,3.0,478
1297.0,1.0,3.0,478
1298.0,1.0,3.0,478
1299.0,1.0,3.0,478
1300.0,1.0,3.0,478
1301.0,1.0,3.0,478
1302.0,1.0,3.0,478
1303.0,1.0,3.0,478
1304.0,1.0,3.0,478
1305.0,1.0,3.0,478
1306.0,1.0,3.0,478
1307.0,1.0,3.0,478
1308.0,1.0,3.0,478
1309.0,1.0,3.0,478
1310.0,1.0,3.0,478
1311.0,1.0,3.0,478
1312.0,1.0,3.0,478
1313.0,1.0,3.0,478
1314.0,1.0,3.0,478
1315.0,1.0,3.0,478
1316.0,1.0,3.0,478
1317.0,1.0,3.0,478
1318.0,1.0,3.0,478
1319.0,1.0,3.0,478
1320.0,1.0,3.0,478
1321.0,1.0,3.0,478
1322.0,1.0,3.0,478
1323.0,1.0,3.0,478
1324.0,1.0,3.0,478
1325.0,1.0,3.0,478
1326.0,1.0,3.0,478
1327.0,1.0,3.0,478
1328.0,1.0,3.0,478
1329.0,1.0,3.0,478
1330.0,1.0,3.0,478
1331.0,1.0,3.0,478
1332.0,1.0,3.0,478
1333.0,1.0,3.0,478
1334.0,1.0,3.0,478
1335.0,1.0,3.0,478
1336.0,1.0,3.0,478
1337.0,1.0,3.0,478
1338.0,1.0,3.0,478
1339.0,1.0,3.0,478
1340.0,1.0,3.0,478
1341.0,1.0,3.0,478
1342.0,1.0,3.0,478
1343.0,1.0,3.0,478
1344.0,1.0,3.0,478
1345.0,1.0,3.0,478
1346.0,1.0,3.0,478
1347.0,1.0,3.0,478
1348.0,1.0,3.0,478
1349.0,1.0,3.0,478
1350.0,1.0,3.0,478
1351.0,1.0,3.0,478
1352.0,1.0,3.0,478
1353.0,1.0,3.0,478
1354.0,1.0,3.0,478
1355.0,1.0,3.0,478
1356.0,1.0,3.0,478
1357.0,1.0,3.0,478
1358.0,1.0,3.0,478
1359.0,1.0,3.0,478
1360.0,1.0,3.0,478
1361.0,1.0,3.0,478
1362.0,1.0,3.0,478
1363.0,1.0,3.0,478
1364.0,1.0,3.0,478
1365.0,1.0,3.0,478
1366.0,1.0,3.0,478
1367.0,1.0,3.0,478
1368.0,1.0,3.0,478
1369.0,1.0,3.0,478
1370.0,1.0,3.0,478
1371.0,1.0,3.0,478
1372.0,1.0,3.0,478
1373.0,1.0,3.0,478
1374.0,1.0,3.0,478
1375.0,1.0,3.0,478
1376.0,1.0,3.0,478
1377.0,1.0,3.0,478
1378.0,1.0,3.0,478
1379.0,1.0,3.0,478
1380.0,1.0,3.0,478
1381.0,1.0,3.0,478
1382.0,1.0,3.0,478
1383.0,1.0,3.0,478
1384.0,1.0,3.0,478
1385.0,1.0,3.0,478
1386.0,1.0,3.0,478
1387.0,1.0,3.0,478
1388.0,1.0,3.0,478
1389.0,1.0,3.0,478
1390.0,1.0,3.0,478
1391.0,1.0,3.0,478
1392.0,1.0,3.0,478
1393.0,1.0,3.0,478
1394.0,1.0,3.0,478
1395.0,1.0,3.0,478
1396.0,1.0,3.0,478
1397.0,1.0,3.0,478
1398.0,1.0,3.0,478
1399.0,1.0,3.0,478
1400.0,1.0,3.0,478
1401.0,1.0,3.0,478
1402.0,1.0,3.0,478
1403.0,1.0,3.0,478
1404.0,1.0,3.0,478
1405.0,1.0,3.0,478
1406.0,1.0,3.0,478
1407.0,1.0,3.0,478
1408.0,1.0,3.0,478
1409.0,1.0,3.0,478
1410.0,1.0,3.0,478
1411.0,1.0,3.0,478
1412.0,1.0,3.0,478
1413.0,1.0,3.0,478
1414.0,1.0,3.0,478
1415.0,1.0,3.0,478
1416.0,1.0,3.0,478
1417.0,1.0,3.0,478
1418.0,1.0,3.0,478
1419.0,1.0,3.0,478
1420.0,1.0,3.0,478
1421.0,1.0,3.0,478
1422.0,1.0,3.0,478
1423.0,1.0,3.0,478
1424.0,1.0,3.0,478
1425.0,1.0,3.0,478
1426.0,1.0,3.0,478
1427.0,1.0,3.0,478
1428.0,1.0,3.0,478
1429.0,1.0,3.0,478
1430.0,1.0,3.0,478
1431.0,1.0,3.0,478
1432.0,1.0,3.0,478
1433.0,1.0,3.0,478
1434.0,1.0,3.0,478
1435.0,1.0,3.0,478
1436.0,1.0,3.0,478
1437.0,1.0,3.0,478
1438.0,1.0,3.0,478
1439.0,1.0,3.0,478
1440.0,1.0,3.0,478
1441.0,1.0,3.0,478
1442.0,1.0,3.0,478
1443.0,1.0,3.0,478
1444.0,1.0,3.0,478
1445.0,1.0,3.0,478
1446.0,1.0,3.0,478
1447.0,1.0,3.0,478
1448.0,1.0,3.0,478
1449.0,1.0,3.0,478
1450.0,1.0,3.0,478
1451.0,1.0,3.0,478
1452.0,1.0,3.0,478
1453.0,1.0,3.0,478
1454.0,1.0,3.0,478
1455.0,1.0,3.0,478
1456.0,1.0,3.0,478
1457.0,1.0,3.0,478
1458.0,1.0,3.0,478
1459.0,1.0,3.0,478
1460.0,1.0,3.0,478
1461.0,1.0,3.0,478
1462.0,1.0,3.0,478
1463.0,1.0,3.0,478
1464.0,1.0,3.0,478
1465.0,1.0,3.0,478
1466.0,1.0,3.0,478
1467.0,1.0,3.0,478
1468.0,1.0,3.0,478
1469.0,1.0,3.0,478
1470.0,1.0,3.0,478
1471.0,1.0,3.0,478
1472.0,1.0,3.0,478
1473.0,1.0,3.0,478
1474.0,1.0,3.0,478
1475.0,1.0,3.0,478
1476.0,1.0,3.0,478
1477.0,1.0,3.0,478
1478.0,1.0,3.0,478
1479.0,1.0,3.0,478
1480.0,1.0,3.0,478
1481.0,1.0,3.0,478
1482.0,1.0,3.0,478
1483.0,1.0,3.0,478
1484.0,1.0,3.0,478
1485.0,1.0,3.0,478
1486.0,1.0,3.0,478
1487.0,1.0,3.0,478
1488.0,1.0,3.0,478
1489.0,1.0,3.0,478
1490.0,1.0,3.0,478
1491.0,1.0,3.0,478
1492.0,1.0,3.0,478
1493.0,1.0,3.0,478
1494.0,1.0,3.0,478
1495.0,1.0,3.0,478
1496.0,1.0,3.0,478
1497.0,1.0,3.0,478
1498.0,1.0,3.0,478
1499.0,1.0,3.0,478
1500.0,1.0,3.0,478
1501.0,1.0,3.0,478
1502.0,1.0,3.0,478
1503.0,1.0,3.0,478
1504.0,1.0,3.0,478
1505.0,1.0,3.0,478
1506.0,1.0,3.0,478
1507.0,1.0,3.0,478
1508.0,1.0,3.0,478
1509.0,1.0,3.0,478
1510.0,1.0,3.0,478
1511.0,1.0,3.0,478
1512.0,1.0,3.0,478
1513.0,1.0,3.0,478
1514.0,1.0,3.0,478
1515.0,1.0,3.0,478
1516.0,1.0,3.0,478
1517.0,1.0,3.0,478
1518.0,1.0,3.0,478
1519.0,1.0,3.0,478
1520.0,1.0,3.0,478
1521.0,1.0,3.0,478
1522.0,1.0,3.0,478
1523.0,1.0,3.0,478
1524.0,1.0,3.0,478
1525.0,1.0,3.0,478
1526.0,1.0,3.0,478
1527.0,1.0,3.0,478
1528.0,1.0,3.0,478
1529.0,1.0,3.0,478
1530.0,1.0,3.0,478
1531.0,1.0,3.0,478
1532.0,1.0,3.0,478
1533.0,1.0,3.0,478
1534.0,1.0,3.0,478
1535.0,1.0,3.0,478
1536.0,1.0,3.0,478
1537.0,1.0,3.0,478
1538.0,1.0,3.0,478
1539.0,1.0,3.0,478
1540.0,1.0,3.0,478
1541.0,1.0,3.0,478
1542.0,1.0,3.0,478
1543.0,1.0,3.0,478
1544.0,1.0,3.0,478
1545.0,1.0,3.0,478
1546.0,1.0,3.0,478
1547.0,1.0,3.0,478
1548.0,1.0,3.0,478
1549.0,1.0,3.0,478
1550.0,1.0,3.0,478
1551.0,1.0,3.0,478
1552.0,1.0,3.0,478
1553.0,1.0,3.0,478
1554.0,1.0,3.0,478
1555.0,1.0,3.0,478
1556.0,1.0,3.0,478
1557.0,1.0,3.0,478
1558.0,1.0,3.0,478
1559.0,1.0,3.0,478
1560.0,1.0,3.0,478
1561.0,1.0,3.0,478
1562.0,1.0,3.0,478
1563.0,1.0,3.0,478
1564.0,1.0,3.0,478
1565.0,1.0,3.0,478
1566.0,1.0,3.0,478
1567.0,1.0,3.0,478
1568.0,1.0,3.0,478
1569.0,1.0,3.0,478
1570.0,1.0,3.0,478
1571.0,1.0,3.0,478
1572.0,1.0,3.0,478
1573.0,1.0,3.0,478
1574.0,1.0,3.0,478
1575.0,1.0,3.0,478
1576.0,1.0,3.0,478
1577.0,1.0,3.0,478
1578.0,1.0,3.0,478
1579.0,1.0,3.0,478
1580.0,1.0,3.0,478
1581.0,1.0,3.0,478
1582.0,1.0,3.0,478
1583.0,1.0,3.0,478
1584.0,1.0,3.0,478
1585.0,1.0,3.0,478
1586.0,1.0,3.0,478
1587.0,1.0,3.0,478
1588.0,1.0,3.0,478
1589.0,1.0,3.0,478
1590.0,1.0,3.0,478
1591.0,1.0,3.0,478
1592.0,1.0,3.0,478
1593.0,1.0,3.0,478
1594.0,1.0,3.0,478
1595.0,1.0,3.0,478
1596.0,1.0,3.0,478
1597.0,1.0,3.0,478
1598.0,1.0,3.0,478
1599.0,1.0,3.0,478
1600.0,1.0,3.0,478
1601.0,1.0,3.0,478
1602.0,1.0,3.0,478
1603.0,1.0,3.0,478
1604.0,1.0,3.0,478
1605.0,1.0,3.0,478
1606.0,1.0,3.0,478
1607.0,1.0,3.0,478
1608.0,1.0,3.0,478
1609.0,1.0,3.0,478
1610.0,1.0,3.0,478
1611.0,1.0,3.0,478
1612.0,1.0,3.0,478
1613.0,1.0,3.0,478
1614.0,1.0,3.0,478
1615.0,1.0,3.0,478
1616.0,1.0,3.0,478
1617.0,1.0,3.0,478
1618.0,1.0,3.0,478
1619.0,1.0,3.0,478
1620.0,1.0,3.0,478
1621.0,1.0,3.0,478
1622.0,1.0,3.0,478
1623.0,1.0,3.0,478
1624.0,1.0,3.0,478
1625.0,1.0,3.0,478
1626.0,1.0,3.0,478
1627.0,1.0,3.0,478
1628.0,1.0,3.0,478
1629.0,1.0,3.0,478
1630.0,1.0,3.0,478
1631.0,1.0,3.0,478
1632.0,1.0,3.0,478
1633.0,1.0,3.0,478
1634.0,1.0,3.0,478
1635.0,1.0,3.0,478
1636.0,1.0,3.0,478
1637.0,1.0,3.0,478
1638.0,1.0,3.0,478
1639.0,1.0,3.0,478
1640.0,1.0,3.0,478
1641.0,1.0,3.0,478
1642.0,1.0,3.0,478
1643.0,1.0,3.0,478
1644.0,1.0,3.0,478
1645.0,1.0,3.0,478
1646.0,1.0,3.0,478
1647.0,1.0,3.0,478
1648.0,1.0,3.0,478
1649.0,1.0,3.0,478
1650.0,1.0,3.0,478
1651.0,1.0,3.0,478
1652.0,1.0,3.0,478
1653.0,1.0,3.0,478
1654.0,1.0,3.0,478
1655.0,1.0,3.0,478
1656.0,1.0,3.0,478
1657.0,1.0,3.0,478
1658.0,1.0,3.0,478
1659.0,1.0,3.0,478
1660.0,1.0,3.0,478
1661.0,1.0,3.0,478
1662.0,1.0,3.0,478
1663.0,1.0,3.0,478
1664.0,1.0,3.0,478
1665.0,1.0,3.0,478
1666.0,1.0,3.0,478
1667.0,1.0,3.0,478
1668.0,1.0,3.0,478
1669.0,1.0,3.0,478
1670.0,1.0,3.0,478
1671.0,1.0,3.0,478
1672.0,1.0,3.0,478
1673.0,1.0,3.0,478
1674.0,1.0,3.0,478
1675.0,1.0,3.0,478
1676.0,1.0,3.0,478
1677.0,1.0,3.0,478
1678.0,1.0,3.0,478
1679.0,1.0,3.0,478
1680.0,1.0,3.0,478
1681.0,1.0,3.0,478
1682.0,1.0,3.0,478
1683.0,1.0,3.0,478
1684.0,1.0,3.0,478
1685.0,1.0,3.0,478
1686.0,1.0,3.0,478
1687.0,1.0,3.0,478
1688.0,1.0,3.0,478
1689.0,1.0,3.0,478
1690.0,1.0,3.0,478
1691.0,1.0,3.0,478
1692.0,1.0,3.0,478
1693.0,1.0,3.0,478
1694.0,1.0,3.0,478
1695.0,1.0,3.0,478
1696.0,1.0,3.0,478
1697.0,1.0,3.0,478
1698.0,1.0,3.0,478
1699.0,1.0,3.0,478
1700.0,1.0,3.0,478
1701.0,1.0,3.0,478
1702.0,1.0,3.0,478
1703.0,1.0,3.0,478
1704.0,1.0,3.0,478
1705.0,1.0,3.0,478
1706.0,1.0,3.0,478
1707.0,1.0,3.0,478
1708.0,1.0,3.0,478
1709.0,1.0,3.0,478
1710.0,1.0,3.0,478
1711.0,1.0,3.0,478
1712.0,1.0,3.0,478
1713.0,1.0,3.0,478
1714.0,1.0,3.0,478
1715.0,1.0,3.0,478
1716.0,1.0,3.0,478
1717.0,1.0,3.0,478
1718.0,1.0,3.0,478
1719.0,1.0,3.0,478
1720.0,1.0,3.0,478
1721.0,1.0,3.0,478
1722.0,1.0,3.0,478
1723.0,1.0,3.0,478
1724.0,1.0,3.0,478
1725.0,1.0,3.0,478
1726.0,1.0,3.0,478
1727.0,1.0,3.0,478
1728.0,1.0,3.0,478
1729.0,1.0,3.0,478
1730.0,1.0,3.0,478
1731.0,1.0,3.0,478
1732.0,1.0,3.0,478
1733.0,1.0,3.0,478
1734.0,1.0,3.0,478
1735.0,1.0,3.0,478
1736.0,1.0,3.0,478
1737.0,1.0,3.0,478
1738.0,1.0,3.0,478
1739.0,1.0,3.0,478
1740.0,1.0,3.0,478
1741.0,1.0,3.0,478
1742.0,1.0,3.0,478
1743.0,1.0,3.0,478
1744.0,1.0,3.0,478
1745.0,1.0,3.0,478
1746.0,1.0,3.0,478
1747.0,1.0,3.0,478
1748.0,1.0,3.0,478
1749.0,1.0,3.0,478
1750.0,1.0,3.0,478
1751.0,1.0,3.0,478
1752.0,1.0,3.0,478
1753.0,1.0,3.0,478
1754.0,1.0,3.0,478
1755.0,1.0,3.0,478
1756.0,1.0,3.0,478
1757.0,1.0,3.0,478
1758.0,1.0,3.0,478
1759.0,1.0,3.0,478
1760.0,1.0,3.0,478
1761.0,1.0,3.0,478
1762.0,1.0,3.0,478
1763.0,1.0,3.0,478
1764.0,1.0,3.0,478
1765.0,1.0,3.0,478
1766.0,1.0,3.0,478
1767.0,1.0,3.0,478
1768.0,1.0,3.0,478
1769.0,1.0,3.0,478
1770.0,1.0,3.0,478
1771.0,1.0,3.0,478
1772.0,1.0,3.0,478
1773.0,1.0,3.0,478
1774.0,1.0,3.0,478
1775.0,1.0,3.0,478
1776.0,1.0,3.0,478
1777.0,1.0,3.0,478
1778.0,1.0,3.0,478
1779.0,1.0,3.0,478
1780.0,1.0,3.0,478
1781.0,1.0,3.0,478
1782.0,1.0,3.0,478
1783.0,1.0,3.0,478
1784.0,1.0,3.0,478
1785.0,1.0,3.0,478
1786.0,1.0,3.0,478
1787.0,1.0,3.0,478
1788.0,1.0,3.0,478
1789.0,1.0,3.0,478
1790.0,1.0,3.0,478
1791.0,1.0,3.0,478
1792.0,1.0,3.0,478
1793.0,1.0,3.0,478
1794.0,1.0,3.0,478
1795.0,1.0,3.0,478
1796.0,1.0,3.0,478
1797.0,1.0,3.0,478
1798.0,1.0,3.0,478
1799.0,1.0,3.0,478
1800.0,1.0,3.0,478
1801.0,1.0,3.0,478
1802.0,1.0,3.0,478
1803.0,1.0,3.0,478
1804.0,1.0,3.0,478
1805.0,1.0,3.0,478
1806.0,1.0,3.0,478
1807.0,1.0,3.0,478
1808.0,1.0,3.0,478
1809.0,1.0,3.0,478
1810.0,1.0,3.0,478
1811.0,1.0,3.0,478
1812.0,1.0,3.0,478
1813.0,1.0,3.0,478
1814.0,1.0,3.0,478
1815.0,1.0,3.0,478
1816.0,1.0,3.0,478
1817.0,1.0,3.0,478
1818.0,1.0,3.0,478
1819.0,1.0,3.0,478
1820.0,1.0,3.0,478
1821.0,1.0,3.0,478
1822.0,1.0,3.0,478
1823.0,1.0,3.0,478
1824.0,1.0,3.0,478
1825.0,1.0,3.0,478
1826.0,1.0,3.0,478
1827.0,1.0,3.0,478
1828.0,1.0,3.0,478
1829.0,1.0,3.0,478
1830.0,1.0,3.0,478
1831.0,1.0,3.0,478
1832.0,1.0,3.0,478
1833.0,1.0,3.0,478
1834.0,1.0,3.0,478
1835.0,1.0,3.0,478
1836.0,1.0,3.0,478
1837.0,1.0,3.0,478
1838.0,1.0,3.0,478
1839.0,1.0,3.0,478
1840.0,1.0,3.0,478
1841.0,1.0,3.0,478
1842.0,1.0,3.0,478
1843.0,1.0,3.0,478
1844.0,1.0,3.0,478
1845.0,1.0,3.0,478
1846.0,1.0,3.0,478
1847.0,1.0,3.0,478
1848.0,1.0,3.0,478
1849.0,1.0,3.0,478
1850.0,1.0,3.0,478
1851.0,1.0,3.0,478
1852.0,1.0,3.0,478
1853.0,1.0,3.0,478
1854.0,1.0,3.0,478
1855.0,1.0,3.0,478
1856.0,1.0,3.0,478
1857.0,1.0,3.0,478
1858.0,1.0,3.0,478
1859.0,1.0,3.0,478
1860.0,1.0,3.0,478
1861.0,1.0,3.0,478
1862.0,1.0,3.0,478
1863.0,1.0,3.0,478
1864.0,1.0,3.0,478
1865.0,1.0,3.0,478
1866.0,1.0,3.0,478
1867.0,1.0,3.0,478
1868.0,1.0,3.0,478
1869.0,1.0,3.0,478
1870.0,1.0,3.0,478
1871.0,1.0,3.0,478
1872.0,1.0,3.0,478
1873.0,1.0,3.0,478
1874.0,1.0,3.0,478
1875.0,1.0,3.0,478
1876.0,1.0,3.0,478
1877.0,1.0,3.0,478
1878.0,1.0,3.0,478
1879.0,1.0,3.0,478
1880.0,1.0,3.0,478
1881.0,1.0,3.0,478
1882.0,1.0,3.0,478
1883.0,1.0,3.0,478
1884.0,1.0,3.0,478
1885.0,1.0,3.0,478
1886.0,1.0,3.0,478
1887.0,1.0,3.0,478
1888.0,1.0,3.0,478
1889.0,1.0,3.0,478
1890.0,1.0,3.0,478
1891.0,1.0,3.0,478
1892.0,1.0,3.0,478
1893.0,1.0,3.0,478
1894.0,1.0,3.0,478
1895.0,1.0,3.0,478
1896.0,1.0,3.0,478
1897.0,1.0,3.0,478
1898.0,1.0,3.0,478
1899.0,1.0,3.0,478
1900.0,1.0,3.0,478
1901.0,1.0,3.0,478
1902.0,1.0,3.0,478
1903.0,1.0,3.0,478
1904.0,1.0,3.0,478
1905.0,1.0,3.0,478
1906.0,1.0,3.0,478
1907.0,1.0,3.0,478
1908.0,1.0,3.0,478
1909.0,1.0,3.0,478
1910.0,1.0,3.0,478
1911.0,1.0,3.0,478
1912.0,1.0,3.0,478
1913.0,1.0,3.0,478
1914.0,1.0,3.0,478
1915.0,1.0,3.0,478
1916.0,1.0,3.0,478
1917.0,1.0,3.0,478
1918.0,1.0,3.0,478
1919.0,1.0,3.0,478
1920.0,1.0,3.0,478
1921.0,1.0,3.0,478
1922.0,1.0,3.0,478
1923.0,1.0,3.0,478
1924.0,1.0,3.0,478
1925.0,1.0,3.0,478
1926.0,1.0,3.0,478
1927.0,1.0,3.0,478
1928.0,1.0,3.0,478
1929.0,1.0,3.0,478
1930.0,1.0,3.0,478
1931.0,1.0,3.0,478
1932.0,1.0,3.0,478
1933.0,1.0,3.0,478
1934.0,1.0,3.0,478
1935.0,1.0,3.0,478
1936.0,1.0,3.0,478
1937.0,1.0,3.0,478
1938.0,1.0,3.0,478
1939.0,1.0,3.0,478
1940.0,1.0,3.0,478
1941.0,1.0,3.0,478
1942.0,1.0,3.0,478
1943.0,1.0,3.0,478
1944.0,1.0,3.0,478
1945.0,1.0,3.0,478
1946.0,1.0,3.0,478
1947.0,1.0,3.0,478
1948.0,1.0,3.0,478
1949.0,1.0,3.0,478
1950.0,1.0,3.0,478
1951.0,1.0,3.0,478
1952.0,1.0,3.0,478
1953.0,1.0,3.0,478
1954.0,1.0,3.0,478
1955.0,1.0,3.0,478
1956.0,1.0,3.0,478
1957.0,1.0,3.0,478
1958.0,1.0,3.0,478
1959.0,1.0,3.0,478
1960.0,1.0,3.0,478
1961.0,1.0,3.0,478
1962.0,1.0,3.0,478
1963.0,1.0,3.0,478
1964.0,1.0,3.0,478
1965.0,1.0,3.0,478
1966.0,1.0,3.0,478
1967.0,1.0,3.0,478
1968.0,1.0,3.0,478
1969.0,1.0,3.0,478
1970.0,1.0,3.0,478
1971.0,1.0,3.0,478
1972.0,1.0,3.0,478
1973.0,1.0,3.0,478
1974.0,1.0,3.0,478
1975.0,1.0,3.0,478
1976.0,1.0,3.0,478
1977.0,1.0,3.0,478
1978.0,1.0,3.0,478
1979.0,1.0,3.0,478
1980.0,1.0,3.0,478
1981.0,1.0,3.0,478
1982.0,1.0,3.0,478
1983.0,1.0,3.0,478
1984.0,1.0,3.0,478
1985.0,1.0,3.0,478
1986.0,1.0,3.0,478
1987.0,1.0,3.0,478
1988.0,1.0,3.0,478
1989.0,1.0,3.0,478
1990.0,1.0,3.0,478
1991.0,1.0,3.0,478
1992.0,1.0,3.0,478
1993.0,1.0,3.0,478
1994.0,1.0,3.0,478
1995.0,1.0,3.0,478
1996.0,1.0,3.0,478
1997.0,1.0,3.0,478
1998.0,1.0,3.0,478
1999.0,1.0,3.0,478
2000.0,1.0,3.0,478
2001.0,1.0,3.0,478
2002.0,1.0,3.0,478
2003.0,1.0,3.0,478
2004.0,1.0,3.0,478
2005.0,1.0,3.0,478
2006.0,1.0,3.0,478
2007.0,1.0,3.0,478
2008.0,1.0,3.0,478
2009.0,1.0,3.0,478
2010.0,1.0,3.0,478
2011.0,1.0,3.0,478
2012.0,1.0,3.0,478
2013.0,1.0,3.0,478
2014.0,1.0,3.0,478
2015.0,1.0,3.0,478
2016.0,1.0,3.0,478
2017.0,1.0,3.0,478
2018.0,1.0,3.0,478
2019.0,1.0,3.0,478
2020.0,1.0,3.0,478
2021.0,1.0,3.0,478
2022.0,1.0,3.0,478
2023.0,1.0,3.0,478
2024.0,1.0,3.0,478
2025.0,1.0,3.0,478
2026.0,1.0,3.0,478
2027.0,1.0,3.0,478
2028.0,1.0,3.0,478
2029.0,1.0,3.0,478
2030.0,1.0,3.0,478
2031.0,1.0,3.0,478
2032.0,1.0,3.0,478
2033.0,1.0,3.0,478
2034.0,1.0,3.0,478
2035.0,1.0,3.0,478
2036.0,1.0,3.0,478
2037.0,1.0,3.0,478
2038.0,1.0,3.0,478
2039.0,1.0,3.0,478
2040.0,1.0,3.0,478
2041.0,1.0,3.0,478
2042.0,1.0,3.0,478
2043.0,1.0,3.0,478
2044.0,1.0,3.0,478
2045.0,1.0,3.0,478
2046.0,1.0,3.0,478
2047.0,1.0,3.0,478
