Timestamp: 23-Oct-2014 20:50:57
MaxDeathAge: 100
MaxInitialSugar: 25
MaxMetabolism: 4
MaxVision: 6
MinDeathAge: 60
MinInitialSugar: 5
NumAgents: 1500
Replacement: true


"tick","Avg. Metabolism","Avg. Vision","AgentCount"
1.0,2.0,3.0,1500
2.0,2.0,3.0,1500
3.0,2.0,3.0,1485
4.0,2.0,3.0,1425
5.0,2.0,3.0,1350
6.0,2.0,3.0,1272
7.0,2.0,3.0,1193
8.0,2.0,3.0,1122
9.0,2.0,3.0,1059
10.0,1.0,3.0,990
11.0,1.0,3.0,925
12.0,1.0,3.0,871
13.0,1.0,3.0,831
14.0,1.0,3.0,803
15.0,1.0,3.0,775
16.0,1.0,3.0,753
17.0,1.0,3.0,733
18.0,1.0,3.0,714
19.0,1.0,3.0,702
20.0,1.0,3.0,688
21.0,1.0,3.0,683
22.0,1.0,3.0,677
23.0,1.0,3.0,671
24.0,1.0,3.0,665
25.0,1.0,3.0,660
26.0,1.0,3.0,657
27.0,1.0,3.0,655
28.0,1.0,3.0,653
29.0,1.0,3.0,650
30.0,1.0,3.0,647
31.0,1.0,3.0,647
32.0,1.0,3.0,646
33.0,1.0,3.0,646
34.0,1.0,3.0,646
35.0,1.0,3.0,646
36.0,1.0,3.0,646
37.0,1.0,3.0,646
38.0,1.0,3.0,646
39.0,1.0,3.0,646
40.0,1.0,3.0,646
41.0,1.0,3.0,646
42.0,1.0,3.0,646
43.0,1.0,3.0,646
44.0,1.0,3.0,646
45.0,1.0,3.0,646
46.0,1.0,3.0,646
47.0,1.0,3.0,646
48.0,1.0,3.0,646
49.0,1.0,3.0,646
50.0,1.0,3.0,646
51.0,1.0,3.0,646
52.0,1.0,3.0,646
53.0,1.0,3.0,646
54.0,1.0,3.0,646
55.0,1.0,3.0,646
56.0,1.0,3.0,645
57.0,1.0,3.0,645
58.0,1.0,3.0,645
59.0,1.0,3.0,645
60.0,1.0,3.0,645
61.0,1.0,3.0,645
62.0,1.0,3.0,645
63.0,1.0,3.0,645
64.0,1.0,3.0,645
65.0,1.0,3.0,645
66.0,1.0,3.0,645
67.0,1.0,3.0,645
68.0,1.0,3.0,645
69.0,1.0,3.0,645
70.0,1.0,3.0,645
71.0,1.0,3.0,645
72.0,1.0,3.0,645
73.0,1.0,3.0,645
74.0,1.0,3.0,645
75.0,1.0,3.0,644
76.0,1.0,3.0,644
77.0,1.0,3.0,644
78.0,1.0,3.0,644
79.0,1.0,3.0,643
80.0,1.0,3.0,643
81.0,1.0,3.0,643
82.0,1.0,3.0,643
83.0,1.0,3.0,643
84.0,1.0,3.0,642
85.0,1.0,3.0,642
86.0,1.0,3.0,641
87.0,1.0,3.0,641
88.0,1.0,3.0,641
89.0,1.0,3.0,640
90.0,1.0,3.0,640
91.0,1.0,3.0,640
92.0,1.0,3.0,639
93.0,1.0,3.0,639
94.0,1.0,3.0,639
95.0,1.0,3.0,639
96.0,1.0,3.0,639
97.0,1.0,3.0,639
98.0,1.0,3.0,639
99.0,1.0,3.0,639
100.0,1.0,3.0,639
101.0,1.0,3.0,639
102.0,1.0,3.0,639
103.0,1.0,3.0,639
104.0,1.0,3.0,639
105.0,1.0,3.0,639
106.0,1.0,3.0,639
107.0,1.0,3.0,639
108.0,1.0,3.0,639
109.0,1.0,3.0,639
110.0,1.0,3.0,639
111.0,1.0,3.0,639
112.0,1.0,3.0,639
113.0,1.0,3.0,639
114.0,1.0,3.0,638
115.0,1.0,3.0,638
116.0,1.0,3.0,638
117.0,1.0,3.0,638
118.0,1.0,3.0,638
119.0,1.0,3.0,638
120.0,1.0,3.0,638
121.0,1.0,3.0,638
122.0,1.0,3.0,638
123.0,1.0,3.0,638
124.0,1.0,3.0,638
125.0,1.0,3.0,638
126.0,1.0,3.0,638
127.0,1.0,3.0,638
128.0,1.0,3.0,638
129.0,1.0,3.0,638
130.0,1.0,3.0,638
131.0,1.0,3.0,638
132.0,1.0,3.0,638
133.0,1.0,3.0,638
134.0,1.0,3.0,637
135.0,1.0,3.0,637
136.0,1.0,3.0,637
137.0,1.0,3.0,637
138.0,1.0,3.0,637
139.0,1.0,3.0,637
140.0,1.0,3.0,637
141.0,1.0,3.0,637
142.0,1.0,3.0,637
143.0,1.0,3.0,637
144.0,1.0,3.0,637
145.0,1.0,3.0,637
146.0,1.0,3.0,637
147.0,1.0,3.0,636
148.0,1.0,3.0,636
149.0,1.0,3.0,636
150.0,1.0,3.0,636
151.0,1.0,3.0,636
152.0,1.0,3.0,636
153.0,1.0,3.0,636
154.0,1.0,3.0,636
155.0,1.0,3.0,636
156.0,1.0,3.0,636
157.0,1.0,3.0,636
158.0,1.0,3.0,636
159.0,1.0,3.0,636
160.0,1.0,3.0,636
161.0,1.0,3.0,636
162.0,1.0,3.0,635
163.0,1.0,3.0,635
164.0,1.0,3.0,635
165.0,1.0,3.0,635
166.0,1.0,3.0,635
167.0,1.0,3.0,635
168.0,1.0,3.0,635
169.0,1.0,3.0,635
170.0,1.0,3.0,635
171.0,1.0,3.0,635
172.0,1.0,3.0,635
173.0,1.0,3.0,635
174.0,1.0,3.0,635
175.0,1.0,3.0,635
176.0,1.0,3.0,635
177.0,1.0,3.0,635
178.0,1.0,3.0,635
179.0,1.0,3.0,635
180.0,1.0,3.0,635
181.0,1.0,3.0,635
182.0,1.0,3.0,635
183.0,1.0,3.0,635
184.0,1.0,3.0,635
185.0,1.0,3.0,635
186.0,1.0,3.0,635
187.0,1.0,3.0,635
188.0,1.0,3.0,635
189.0,1.0,3.0,635
190.0,1.0,3.0,635
191.0,1.0,3.0,635
192.0,1.0,3.0,635
193.0,1.0,3.0,635
194.0,1.0,3.0,635
195.0,1.0,3.0,635
196.0,1.0,3.0,635
197.0,1.0,3.0,635
198.0,1.0,3.0,635
199.0,1.0,3.0,635
200.0,1.0,3.0,635
201.0,1.0,3.0,635
202.0,1.0,3.0,635
203.0,1.0,3.0,635
204.0,1.0,3.0,635
205.0,1.0,3.0,635
206.0,1.0,3.0,635
207.0,1.0,3.0,635
208.0,1.0,3.0,635
209.0,1.0,3.0,635
210.0,1.0,3.0,635
211.0,1.0,3.0,635
212.0,1.0,3.0,635
213.0,1.0,3.0,635
214.0,1.0,3.0,635
215.0,1.0,3.0,635
216.0,1.0,3.0,635
217.0,1.0,3.0,635
218.0,1.0,3.0,635
219.0,1.0,3.0,635
220.0,1.0,3.0,635
221.0,1.0,3.0,635
222.0,1.0,3.0,635
223.0,1.0,3.0,635
224.0,1.0,3.0,635
225.0,1.0,3.0,635
226.0,1.0,3.0,635
227.0,1.0,3.0,635
228.0,1.0,3.0,635
229.0,1.0,3.0,635
230.0,1.0,3.0,634
231.0,1.0,3.0,634
232.0,1.0,3.0,634
233.0,1.0,3.0,634
234.0,1.0,3.0,634
235.0,1.0,3.0,634
236.0,1.0,3.0,634
237.0,1.0,3.0,634
238.0,1.0,3.0,634
239.0,1.0,3.0,634
240.0,1.0,3.0,634
241.0,1.0,3.0,634
242.0,1.0,3.0,634
243.0,1.0,3.0,634
244.0,1.0,3.0,634
245.0,1.0,3.0,634
246.0,1.0,3.0,634
247.0,1.0,3.0,634
248.0,1.0,3.0,633
249.0,1.0,3.0,633
250.0,1.0,3.0,633
251.0,1.0,3.0,633
252.0,1.0,3.0,633
253.0,1.0,3.0,633
254.0,1.0,3.0,633
255.0,1.0,3.0,633
256.0,1.0,3.0,633
257.0,1.0,3.0,633
258.0,1.0,3.0,633
259.0,1.0,3.0,633
260.0,1.0,3.0,633
261.0,1.0,3.0,633
262.0,1.0,3.0,633
263.0,1.0,3.0,633
264.0,1.0,3.0,633
265.0,1.0,3.0,633
266.0,1.0,3.0,633
267.0,1.0,3.0,633
268.0,1.0,3.0,633
269.0,1.0,3.0,633
270.0,1.0,3.0,633
271.0,1.0,3.0,633
272.0,1.0,3.0,633
273.0,1.0,3.0,633
274.0,1.0,3.0,633
275.0,1.0,3.0,633
276.0,1.0,3.0,633
277.0,1.0,3.0,633
278.0,1.0,3.0,633
279.0,1.0,3.0,633
280.0,1.0,3.0,633
281.0,1.0,3.0,633
282.0,1.0,3.0,633
283.0,1.0,3.0,633
284.0,1.0,3.0,633
285.0,1.0,3.0,633
286.0,1.0,3.0,633
287.0,1.0,3.0,633
288.0,1.0,3.0,633
289.0,1.0,3.0,633
290.0,1.0,3.0,633
291.0,1.0,3.0,633
292.0,1.0,3.0,633
293.0,1.0,3.0,633
294.0,1.0,3.0,633
295.0,1.0,3.0,633
296.0,1.0,3.0,633
297.0,1.0,3.0,633
298.0,1.0,3.0,633
299.0,1.0,3.0,633
300.0,1.0,3.0,633
301.0,1.0,3.0,633
302.0,1.0,3.0,633
303.0,1.0,3.0,633
304.0,1.0,3.0,632
305.0,1.0,3.0,632
306.0,1.0,3.0,630
307.0,1.0,3.0,630
308.0,1.0,3.0,630
309.0,1.0,3.0,630
310.0,1.0,3.0,630
311.0,1.0,3.0,630
312.0,1.0,3.0,630
313.0,1.0,3.0,630
314.0,1.0,3.0,630
315.0,1.0,3.0,630
316.0,1.0,3.0,630
317.0,1.0,3.0,630
318.0,1.0,3.0,630
319.0,1.0,3.0,630
320.0,1.0,3.0,630
321.0,1.0,3.0,630
322.0,1.0,3.0,629
323.0,1.0,3.0,629
324.0,1.0,3.0,629
325.0,1.0,3.0,629
326.0,1.0,3.0,629
327.0,1.0,3.0,629
328.0,1.0,3.0,629
329.0,1.0,3.0,629
330.0,1.0,3.0,629
331.0,1.0,3.0,629
332.0,1.0,3.0,629
333.0,1.0,3.0,629
334.0,1.0,3.0,629
335.0,1.0,3.0,629
336.0,1.0,3.0,629
337.0,1.0,3.0,629
338.0,1.0,3.0,627
339.0,1.0,3.0,627
340.0,1.0,3.0,627
341.0,1.0,3.0,626
342.0,1.0,3.0,626
343.0,1.0,3.0,626
344.0,1.0,3.0,626
345.0,1.0,3.0,626
346.0,1.0,3.0,626
347.0,1.0,3.0,626
348.0,1.0,3.0,626
349.0,1.0,3.0,626
350.0,1.0,3.0,626
351.0,1.0,3.0,626
352.0,1.0,3.0,626
353.0,1.0,3.0,626
354.0,1.0,3.0,626
355.0,1.0,3.0,626
356.0,1.0,3.0,626
357.0,1.0,3.0,626
358.0,1.0,3.0,626
359.0,1.0,3.0,626
360.0,1.0,3.0,626
361.0,1.0,3.0,626
362.0,1.0,3.0,626
363.0,1.0,3.0,626
364.0,1.0,3.0,626
365.0,1.0,3.0,626
366.0,1.0,3.0,626
367.0,1.0,3.0,626
368.0,1.0,3.0,626
369.0,1.0,3.0,626
370.0,1.0,3.0,626
371.0,1.0,3.0,626
372.0,1.0,3.0,626
373.0,1.0,3.0,626
374.0,1.0,3.0,626
375.0,1.0,3.0,626
376.0,1.0,3.0,626
377.0,1.0,3.0,625
378.0,1.0,3.0,625
379.0,1.0,3.0,625
380.0,1.0,3.0,625
381.0,1.0,3.0,625
382.0,1.0,3.0,625
383.0,1.0,3.0,625
384.0,1.0,3.0,625
385.0,1.0,3.0,625
386.0,1.0,3.0,625
387.0,1.0,3.0,625
388.0,1.0,3.0,625
389.0,1.0,3.0,625
390.0,1.0,3.0,625
391.0,1.0,3.0,625
392.0,1.0,3.0,625
393.0,1.0,3.0,625
394.0,1.0,3.0,625
395.0,1.0,3.0,625
396.0,1.0,3.0,625
397.0,1.0,3.0,625
398.0,1.0,3.0,625
399.0,1.0,3.0,625
400.0,1.0,3.0,625
401.0,1.0,3.0,625
402.0,1.0,3.0,625
403.0,1.0,3.0,625
404.0,1.0,3.0,625
405.0,1.0,3.0,625
406.0,1.0,3.0,625
407.0,1.0,3.0,625
408.0,1.0,3.0,625
409.0,1.0,3.0,625
410.0,1.0,3.0,625
411.0,1.0,3.0,625
412.0,1.0,3.0,625
413.0,1.0,3.0,625
414.0,1.0,3.0,625
415.0,1.0,3.0,625
416.0,1.0,3.0,625
417.0,1.0,3.0,625
418.0,1.0,3.0,625
419.0,1.0,3.0,625
420.0,1.0,3.0,624
421.0,1.0,3.0,624
422.0,1.0,3.0,624
423.0,1.0,3.0,624
424.0,1.0,3.0,624
425.0,1.0,3.0,624
426.0,1.0,3.0,624
427.0,1.0,3.0,624
428.0,1.0,3.0,624
429.0,1.0,3.0,624
430.0,1.0,3.0,624
431.0,1.0,3.0,624
432.0,1.0,3.0,624
433.0,1.0,3.0,624
434.0,1.0,3.0,624
435.0,1.0,3.0,624
436.0,1.0,3.0,624
437.0,1.0,3.0,624
438.0,1.0,3.0,624
439.0,1.0,3.0,624
440.0,1.0,3.0,624
441.0,1.0,3.0,624
442.0,1.0,3.0,624
443.0,1.0,3.0,624
444.0,1.0,3.0,624
445.0,1.0,3.0,624
446.0,1.0,3.0,624
447.0,1.0,3.0,624
448.0,1.0,3.0,624
449.0,1.0,3.0,624
450.0,1.0,3.0,624
451.0,1.0,3.0,624
452.0,1.0,3.0,624
453.0,1.0,3.0,624
454.0,1.0,3.0,624
455.0,1.0,3.0,624
456.0,1.0,3.0,624
457.0,1.0,3.0,624
458.0,1.0,3.0,624
459.0,1.0,3.0,624
460.0,1.0,3.0,624
461.0,1.0,3.0,624
462.0,1.0,3.0,624
463.0,1.0,3.0,624
464.0,1.0,3.0,624
465.0,1.0,3.0,624
466.0,1.0,3.0,624
467.0,1.0,3.0,624
468.0,1.0,3.0,624
469.0,1.0,3.0,624
470.0,1.0,3.0,624
471.0,1.0,3.0,624
472.0,1.0,3.0,624
473.0,1.0,3.0,624
474.0,1.0,3.0,623
475.0,1.0,3.0,623
476.0,1.0,3.0,623
477.0,1.0,3.0,623
478.0,1.0,3.0,623
479.0,1.0,3.0,623
480.0,1.0,3.0,622
481.0,1.0,3.0,621
482.0,1.0,3.0,621
483.0,1.0,3.0,621
484.0,1.0,3.0,620
485.0,1.0,3.0,620
486.0,1.0,3.0,620
487.0,1.0,3.0,620
488.0,1.0,3.0,620
489.0,1.0,3.0,620
490.0,1.0,3.0,620
491.0,1.0,3.0,620
492.0,1.0,3.0,620
493.0,1.0,3.0,620
494.0,1.0,3.0,620
495.0,1.0,3.0,620
496.0,1.0,3.0,620
497.0,1.0,3.0,620
498.0,1.0,3.0,620
499.0,1.0,3.0,620
500.0,1.0,3.0,620
501.0,1.0,3.0,620
502.0,1.0,3.0,620
503.0,1.0,3.0,620
504.0,1.0,3.0,620
505.0,1.0,3.0,620
506.0,1.0,3.0,620
507.0,1.0,3.0,620
508.0,1.0,3.0,620
509.0,1.0,3.0,620
510.0,1.0,3.0,620
511.0,1.0,3.0,620
512.0,1.0,3.0,620
513.0,1.0,3.0,620
514.0,1.0,3.0,620
515.0,1.0,3.0,620
516.0,1.0,3.0,620
517.0,1.0,3.0,620
518.0,1.0,3.0,620
519.0,1.0,3.0,620
520.0,1.0,3.0,620
521.0,1.0,3.0,620
522.0,1.0,3.0,620
523.0,1.0,3.0,620
524.0,1.0,3.0,620
525.0,1.0,3.0,620
526.0,1.0,3.0,620
527.0,1.0,3.0,620
528.0,1.0,3.0,620
529.0,1.0,3.0,620
530.0,1.0,3.0,620
531.0,1.0,3.0,620
532.0,1.0,3.0,620
533.0,1.0,3.0,620
534.0,1.0,3.0,620
535.0,1.0,3.0,620
536.0,1.0,3.0,620
537.0,1.0,3.0,620
538.0,1.0,3.0,620
539.0,1.0,3.0,620
540.0,1.0,3.0,620
541.0,1.0,3.0,620
542.0,1.0,3.0,620
543.0,1.0,3.0,620
544.0,1.0,3.0,620
545.0,1.0,3.0,620
546.0,1.0,3.0,620
547.0,1.0,3.0,620
548.0,1.0,3.0,620
549.0,1.0,3.0,620
550.0,1.0,3.0,620
551.0,1.0,3.0,620
552.0,1.0,3.0,620
553.0,1.0,3.0,620
554.0,1.0,3.0,620
555.0,1.0,3.0,620
556.0,1.0,3.0,620
557.0,1.0,3.0,620
558.0,1.0,3.0,620
559.0,1.0,3.0,620
560.0,1.0,3.0,620
561.0,1.0,3.0,620
562.0,1.0,3.0,620
563.0,1.0,3.0,620
564.0,1.0,3.0,620
565.0,1.0,3.0,620
566.0,1.0,3.0,620
567.0,1.0,3.0,620
568.0,1.0,3.0,620
569.0,1.0,3.0,620
570.0,1.0,3.0,620
571.0,1.0,3.0,620
572.0,1.0,3.0,620
573.0,1.0,3.0,620
574.0,1.0,3.0,620
575.0,1.0,3.0,620
576.0,1.0,3.0,620
577.0,1.0,3.0,620
578.0,1.0,3.0,620
579.0,1.0,3.0,620
580.0,1.0,3.0,620
581.0,1.0,3.0,620
582.0,1.0,3.0,620
583.0,1.0,3.0,620
584.0,1.0,3.0,620
585.0,1.0,3.0,620
586.0,1.0,3.0,620
587.0,1.0,3.0,620
588.0,1.0,3.0,620
589.0,1.0,3.0,620
590.0,1.0,3.0,620
591.0,1.0,3.0,620
592.0,1.0,3.0,620
593.0,1.0,3.0,620
594.0,1.0,3.0,620
595.0,1.0,3.0,620
596.0,1.0,3.0,620
597.0,1.0,3.0,620
598.0,1.0,3.0,620
599.0,1.0,3.0,620
600.0,1.0,3.0,620
601.0,1.0,3.0,620
602.0,1.0,3.0,620
603.0,1.0,3.0,620
604.0,1.0,3.0,620
605.0,1.0,3.0,620
606.0,1.0,3.0,620
607.0,1.0,3.0,620
608.0,1.0,3.0,620
609.0,1.0,3.0,620
610.0,1.0,3.0,620
611.0,1.0,3.0,620
612.0,1.0,3.0,620
613.0,1.0,3.0,620
614.0,1.0,3.0,620
615.0,1.0,3.0,620
616.0,1.0,3.0,620
617.0,1.0,3.0,620
618.0,1.0,3.0,620
619.0,1.0,3.0,620
620.0,1.0,3.0,620
621.0,1.0,3.0,620
622.0,1.0,3.0,620
623.0,1.0,3.0,620
624.0,1.0,3.0,620
625.0,1.0,3.0,620
626.0,1.0,3.0,620
627.0,1.0,3.0,620
628.0,1.0,3.0,620
629.0,1.0,3.0,620
630.0,1.0,3.0,620
631.0,1.0,3.0,620
632.0,1.0,3.0,620
633.0,1.0,3.0,620
634.0,1.0,3.0,620
635.0,1.0,3.0,620
636.0,1.0,3.0,620
637.0,1.0,3.0,620
638.0,1.0,3.0,620
639.0,1.0,3.0,620
640.0,1.0,3.0,620
641.0,1.0,3.0,620
642.0,1.0,3.0,620
643.0,1.0,3.0,619
644.0,1.0,3.0,619
645.0,1.0,3.0,619
646.0,1.0,3.0,619
647.0,1.0,3.0,619
648.0,1.0,3.0,619
649.0,1.0,3.0,619
650.0,1.0,3.0,619
651.0,1.0,3.0,619
652.0,1.0,3.0,619
653.0,1.0,3.0,619
654.0,1.0,3.0,619
655.0,1.0,3.0,619
656.0,1.0,3.0,619
657.0,1.0,3.0,619
658.0,1.0,3.0,619
659.0,1.0,3.0,619
660.0,1.0,3.0,619
661.0,1.0,3.0,619
662.0,1.0,3.0,619
663.0,1.0,3.0,619
664.0,1.0,3.0,619
665.0,1.0,3.0,619
666.0,1.0,3.0,619
667.0,1.0,3.0,619
668.0,1.0,3.0,619
669.0,1.0,3.0,619
670.0,1.0,3.0,619
671.0,1.0,3.0,619
672.0,1.0,3.0,619
673.0,1.0,3.0,619
674.0,1.0,3.0,619
675.0,1.0,3.0,619
676.0,1.0,3.0,619
677.0,1.0,3.0,619
678.0,1.0,3.0,619
679.0,1.0,3.0,619
680.0,1.0,3.0,618
681.0,1.0,3.0,618
682.0,1.0,3.0,618
683.0,1.0,3.0,618
684.0,1.0,3.0,618
685.0,1.0,3.0,618
686.0,1.0,3.0,618
687.0,1.0,3.0,618
688.0,1.0,3.0,618
689.0,1.0,3.0,618
690.0,1.0,3.0,618
691.0,1.0,3.0,618
692.0,1.0,3.0,618
693.0,1.0,3.0,618
694.0,1.0,3.0,618
695.0,1.0,3.0,618
696.0,1.0,3.0,618
697.0,1.0,3.0,618
698.0,1.0,3.0,618
699.0,1.0,3.0,618
700.0,1.0,3.0,618
701.0,1.0,3.0,618
702.0,1.0,3.0,618
703.0,1.0,3.0,618
704.0,1.0,3.0,618
705.0,1.0,3.0,618
706.0,1.0,3.0,618
707.0,1.0,3.0,618
708.0,1.0,3.0,618
709.0,1.0,3.0,618
710.0,1.0,3.0,618
711.0,1.0,3.0,618
712.0,1.0,3.0,618
713.0,1.0,3.0,618
714.0,1.0,3.0,618
715.0,1.0,3.0,618
716.0,1.0,3.0,618
717.0,1.0,3.0,618
718.0,1.0,3.0,618
719.0,1.0,3.0,618
720.0,1.0,3.0,618
721.0,1.0,3.0,618
722.0,1.0,3.0,618
723.0,1.0,3.0,618
724.0,1.0,3.0,618
725.0,1.0,3.0,618
726.0,1.0,3.0,618
727.0,1.0,3.0,618
728.0,1.0,3.0,618
729.0,1.0,3.0,618
730.0,1.0,3.0,618
731.0,1.0,3.0,618
732.0,1.0,3.0,618
733.0,1.0,3.0,618
734.0,1.0,3.0,618
735.0,1.0,3.0,618
736.0,1.0,3.0,618
737.0,1.0,3.0,618
738.0,1.0,3.0,618
739.0,1.0,3.0,618
740.0,1.0,3.0,618
741.0,1.0,3.0,618
742.0,1.0,3.0,618
743.0,1.0,3.0,618
744.0,1.0,3.0,618
745.0,1.0,3.0,618
746.0,1.0,3.0,618
747.0,1.0,3.0,618
748.0,1.0,3.0,618
749.0,1.0,3.0,618
750.0,1.0,3.0,618
751.0,1.0,3.0,618
752.0,1.0,3.0,618
753.0,1.0,3.0,618
754.0,1.0,3.0,618
755.0,1.0,3.0,618
756.0,1.0,3.0,618
757.0,1.0,3.0,618
758.0,1.0,3.0,618
759.0,1.0,3.0,618
760.0,1.0,3.0,618
761.0,1.0,3.0,618
762.0,1.0,3.0,618
763.0,1.0,3.0,618
764.0,1.0,3.0,618
765.0,1.0,3.0,618
766.0,1.0,3.0,618
767.0,1.0,3.0,618
768.0,1.0,3.0,618
769.0,1.0,3.0,618
770.0,1.0,3.0,618
771.0,1.0,3.0,618
772.0,1.0,3.0,618
773.0,1.0,3.0,618
774.0,1.0,3.0,618
775.0,1.0,3.0,618
776.0,1.0,3.0,618
777.0,1.0,3.0,618
778.0,1.0,3.0,618
779.0,1.0,3.0,618
780.0,1.0,3.0,618
781.0,1.0,3.0,618
782.0,1.0,3.0,618
783.0,1.0,3.0,618
784.0,1.0,3.0,618
785.0,1.0,3.0,618
786.0,1.0,3.0,618
787.0,1.0,3.0,618
788.0,1.0,3.0,618
789.0,1.0,3.0,618
790.0,1.0,3.0,618
791.0,1.0,3.0,618
792.0,1.0,3.0,618
793.0,1.0,3.0,618
794.0,1.0,3.0,618
795.0,1.0,3.0,618
796.0,1.0,3.0,618
797.0,1.0,3.0,618
798.0,1.0,3.0,618
799.0,1.0,3.0,618
800.0,1.0,3.0,618
801.0,1.0,3.0,618
802.0,1.0,3.0,618
803.0,1.0,3.0,618
804.0,1.0,3.0,618
805.0,1.0,3.0,618
806.0,1.0,3.0,618
807.0,1.0,3.0,618
808.0,1.0,3.0,618
809.0,1.0,3.0,618
810.0,1.0,3.0,618
811.0,1.0,3.0,618
812.0,1.0,3.0,618
813.0,1.0,3.0,618
814.0,1.0,3.0,618
815.0,1.0,3.0,618
816.0,1.0,3.0,618
817.0,1.0,3.0,618
818.0,1.0,3.0,618
819.0,1.0,3.0,618
820.0,1.0,3.0,618
821.0,1.0,3.0,618
822.0,1.0,3.0,618
823.0,1.0,3.0,618
824.0,1.0,3.0,618
825.0,1.0,3.0,618
826.0,1.0,3.0,618
827.0,1.0,3.0,618
828.0,1.0,3.0,618
829.0,1.0,3.0,618
830.0,1.0,3.0,618
831.0,1.0,3.0,618
832.0,1.0,3.0,618
833.0,1.0,3.0,618
834.0,1.0,3.0,618
835.0,1.0,3.0,618
836.0,1.0,3.0,618
837.0,1.0,3.0,618
838.0,1.0,3.0,618
839.0,1.0,3.0,618
840.0,1.0,3.0,618
841.0,1.0,3.0,618
842.0,1.0,3.0,618
843.0,1.0,3.0,618
844.0,1.0,3.0,618
845.0,1.0,3.0,618
846.0,1.0,3.0,618
847.0,1.0,3.0,618
848.0,1.0,3.0,618
849.0,1.0,3.0,618
850.0,1.0,3.0,618
851.0,1.0,3.0,618
852.0,1.0,3.0,618
853.0,1.0,3.0,618
854.0,1.0,3.0,618
855.0,1.0,3.0,618
856.0,1.0,3.0,618
857.0,1.0,3.0,618
858.0,1.0,3.0,618
859.0,1.0,3.0,618
860.0,1.0,3.0,618
861.0,1.0,3.0,618
862.0,1.0,3.0,618
863.0,1.0,3.0,618
864.0,1.0,3.0,618
865.0,1.0,3.0,618
866.0,1.0,3.0,618
867.0,1.0,3.0,618
868.0,1.0,3.0,618
869.0,1.0,3.0,618
870.0,1.0,3.0,618
871.0,1.0,3.0,618
872.0,1.0,3.0,618
873.0,1.0,3.0,618
874.0,1.0,3.0,618
875.0,1.0,3.0,618
876.0,1.0,3.0,618
877.0,1.0,3.0,618
878.0,1.0,3.0,618
879.0,1.0,3.0,618
880.0,1.0,3.0,618
881.0,1.0,3.0,618
882.0,1.0,3.0,618
883.0,1.0,3.0,618
884.0,1.0,3.0,618
885.0,1.0,3.0,618
886.0,1.0,3.0,618
887.0,1.0,3.0,618
888.0,1.0,3.0,618
889.0,1.0,3.0,618
890.0,1.0,3.0,618
891.0,1.0,3.0,618
892.0,1.0,3.0,618
893.0,1.0,3.0,618
894.0,1.0,3.0,618
895.0,1.0,3.0,618
896.0,1.0,3.0,618
897.0,1.0,3.0,618
898.0,1.0,3.0,618
899.0,1.0,3.0,618
900.0,1.0,3.0,618
901.0,1.0,3.0,618
902.0,1.0,3.0,618
903.0,1.0,3.0,618
904.0,1.0,3.0,618
905.0,1.0,3.0,618
906.0,1.0,3.0,618
907.0,1.0,3.0,618
908.0,1.0,3.0,618
909.0,1.0,3.0,618
910.0,1.0,3.0,618
911.0,1.0,3.0,618
912.0,1.0,3.0,618
913.0,1.0,3.0,617
914.0,1.0,3.0,617
915.0,1.0,3.0,617
916.0,1.0,3.0,616
917.0,1.0,3.0,616
918.0,1.0,3.0,616
919.0,1.0,3.0,616
920.0,1.0,3.0,616
921.0,1.0,3.0,616
922.0,1.0,3.0,616
923.0,1.0,3.0,616
924.0,1.0,3.0,616
925.0,1.0,3.0,616
926.0,1.0,3.0,616
927.0,1.0,3.0,616
928.0,1.0,3.0,616
929.0,1.0,3.0,616
930.0,1.0,3.0,616
931.0,1.0,3.0,616
932.0,1.0,3.0,616
933.0,1.0,3.0,616
934.0,1.0,3.0,616
935.0,1.0,3.0,616
936.0,1.0,3.0,616
937.0,1.0,3.0,616
938.0,1.0,3.0,616
939.0,1.0,3.0,616
940.0,1.0,3.0,616
941.0,1.0,3.0,616
942.0,1.0,3.0,616
943.0,1.0,3.0,616
944.0,1.0,3.0,616
945.0,1.0,3.0,616
946.0,1.0,3.0,616
947.0,1.0,3.0,616
948.0,1.0,3.0,616
949.0,1.0,3.0,616
950.0,1.0,3.0,616
951.0,1.0,3.0,616
952.0,1.0,3.0,616
953.0,1.0,3.0,616
954.0,1.0,3.0,616
955.0,1.0,3.0,616
956.0,1.0,3.0,616
957.0,1.0,3.0,616
958.0,1.0,3.0,616
959.0,1.0,3.0,616
960.0,1.0,3.0,616
961.0,1.0,3.0,616
962.0,1.0,3.0,616
963.0,1.0,3.0,616
964.0,1.0,3.0,616
965.0,1.0,3.0,616
966.0,1.0,3.0,616
967.0,1.0,3.0,616
968.0,1.0,3.0,616
969.0,1.0,3.0,616
970.0,1.0,3.0,616
971.0,1.0,3.0,616
972.0,1.0,3.0,616
973.0,1.0,3.0,615
974.0,1.0,3.0,615
975.0,1.0,3.0,615
976.0,1.0,3.0,615
977.0,1.0,3.0,615
978.0,1.0,3.0,615
979.0,1.0,3.0,615
980.0,1.0,3.0,615
981.0,1.0,3.0,615
982.0,1.0,3.0,615
983.0,1.0,3.0,615
984.0,1.0,3.0,615
985.0,1.0,3.0,615
986.0,1.0,3.0,615
987.0,1.0,3.0,615
988.0,1.0,3.0,615
989.0,1.0,3.0,615
990.0,1.0,3.0,615
991.0,1.0,3.0,615
992.0,1.0,3.0,615
993.0,1.0,3.0,615
994.0,1.0,3.0,615
995.0,1.0,3.0,615
996.0,1.0,3.0,615
997.0,1.0,3.0,615
998.0,1.0,3.0,615
999.0,1.0,3.0,615
1000.0,1.0,3.0,615
1001.0,1.0,3.0,615
1002.0,1.0,3.0,615
1003.0,1.0,3.0,615
1004.0,1.0,3.0,615
1005.0,1.0,3.0,615
1006.0,1.0,3.0,615
1007.0,1.0,3.0,615
1008.0,1.0,3.0,615
1009.0,1.0,3.0,615
1010.0,1.0,3.0,615
1011.0,1.0,3.0,615
1012.0,1.0,3.0,615
1013.0,1.0,3.0,615
1014.0,1.0,3.0,615
1015.0,1.0,3.0,615
1016.0,1.0,3.0,615
1017.0,1.0,3.0,615
1018.0,1.0,3.0,615
1019.0,1.0,3.0,615
1020.0,1.0,3.0,615
1021.0,1.0,3.0,615
1022.0,1.0,3.0,615
1023.0,1.0,3.0,615
1024.0,1.0,3.0,615
1025.0,1.0,3.0,615
1026.0,1.0,3.0,615
1027.0,1.0,3.0,615
1028.0,1.0,3.0,615
1029.0,1.0,3.0,615
1030.0,1.0,3.0,615
1031.0,1.0,3.0,615
1032.0,1.0,3.0,615
1033.0,1.0,3.0,615
1034.0,1.0,3.0,615
1035.0,1.0,3.0,615
1036.0,1.0,3.0,615
1037.0,1.0,3.0,615
1038.0,1.0,3.0,615
1039.0,1.0,3.0,615
1040.0,1.0,3.0,615
1041.0,1.0,3.0,615
1042.0,1.0,3.0,615
1043.0,1.0,3.0,615
1044.0,1.0,3.0,615
1045.0,1.0,3.0,615
1046.0,1.0,3.0,615
1047.0,1.0,3.0,615
1048.0,1.0,3.0,615
1049.0,1.0,3.0,615
1050.0,1.0,3.0,615
1051.0,1.0,3.0,615
1052.0,1.0,3.0,615
1053.0,1.0,3.0,615
1054.0,1.0,3.0,615
1055.0,1.0,3.0,615
1056.0,1.0,3.0,615
1057.0,1.0,3.0,615
1058.0,1.0,3.0,615
1059.0,1.0,3.0,615
1060.0,1.0,3.0,615
1061.0,1.0,3.0,615
1062.0,1.0,3.0,615
1063.0,1.0,3.0,615
1064.0,1.0,3.0,615
1065.0,1.0,3.0,615
1066.0,1.0,3.0,615
1067.0,1.0,3.0,615
1068.0,1.0,3.0,614
1069.0,1.0,3.0,614
1070.0,1.0,3.0,614
1071.0,1.0,3.0,614
1072.0,1.0,3.0,614
1073.0,1.0,3.0,614
1074.0,1.0,3.0,614
1075.0,1.0,3.0,614
1076.0,1.0,3.0,614
1077.0,1.0,3.0,614
1078.0,1.0,3.0,614
1079.0,1.0,3.0,614
1080.0,1.0,3.0,614
1081.0,1.0,3.0,614
1082.0,1.0,3.0,614
1083.0,1.0,3.0,614
1084.0,1.0,3.0,614
1085.0,1.0,3.0,614
1086.0,1.0,3.0,614
1087.0,1.0,3.0,614
1088.0,1.0,3.0,614
1089.0,1.0,3.0,614
1090.0,1.0,3.0,614
1091.0,1.0,3.0,614
1092.0,1.0,3.0,614
1093.0,1.0,3.0,614
1094.0,1.0,3.0,614
1095.0,1.0,3.0,614
1096.0,1.0,3.0,614
1097.0,1.0,3.0,614
1098.0,1.0,3.0,614
1099.0,1.0,3.0,614
1100.0,1.0,3.0,614
1101.0,1.0,3.0,614
1102.0,1.0,3.0,614
1103.0,1.0,3.0,614
1104.0,1.0,3.0,614
1105.0,1.0,3.0,614
1106.0,1.0,3.0,614
1107.0,1.0,3.0,614
1108.0,1.0,3.0,614
1109.0,1.0,3.0,614
1110.0,1.0,3.0,614
1111.0,1.0,3.0,614
1112.0,1.0,3.0,614
1113.0,1.0,3.0,614
1114.0,1.0,3.0,614
1115.0,1.0,3.0,614
1116.0,1.0,3.0,614
1117.0,1.0,3.0,614
1118.0,1.0,3.0,614
1119.0,1.0,3.0,614
1120.0,1.0,3.0,614
1121.0,1.0,3.0,614
1122.0,1.0,3.0,614
1123.0,1.0,3.0,614
1124.0,1.0,3.0,614
1125.0,1.0,3.0,614
1126.0,1.0,3.0,614
1127.0,1.0,3.0,614
1128.0,1.0,3.0,614
1129.0,1.0,3.0,614
1130.0,1.0,3.0,614
1131.0,1.0,3.0,614
1132.0,1.0,3.0,614
1133.0,1.0,3.0,614
1134.0,1.0,3.0,614
1135.0,1.0,3.0,614
1136.0,1.0,3.0,614
1137.0,1.0,3.0,614
1138.0,1.0,3.0,614
1139.0,1.0,3.0,614
1140.0,1.0,3.0,614
1141.0,1.0,3.0,614
1142.0,1.0,3.0,614
1143.0,1.0,3.0,614
1144.0,1.0,3.0,614
1145.0,1.0,3.0,614
1146.0,1.0,3.0,614
1147.0,1.0,3.0,614
1148.0,1.0,3.0,614
1149.0,1.0,3.0,614
1150.0,1.0,3.0,614
1151.0,1.0,3.0,614
1152.0,1.0,3.0,614
1153.0,1.0,3.0,614
1154.0,1.0,3.0,614
1155.0,1.0,3.0,614
1156.0,1.0,3.0,614
1157.0,1.0,3.0,614
1158.0,1.0,3.0,614
1159.0,1.0,3.0,614
1160.0,1.0,3.0,614
1161.0,1.0,3.0,614
1162.0,1.0,3.0,614
1163.0,1.0,3.0,614
1164.0,1.0,3.0,614
1165.0,1.0,3.0,614
1166.0,1.0,3.0,614
1167.0,1.0,3.0,614
1168.0,1.0,3.0,614
1169.0,1.0,3.0,614
1170.0,1.0,3.0,614
1171.0,1.0,3.0,614
1172.0,1.0,3.0,614
1173.0,1.0,3.0,614
1174.0,1.0,3.0,614
1175.0,1.0,3.0,614
1176.0,1.0,3.0,614
1177.0,1.0,3.0,614
1178.0,1.0,3.0,614
1179.0,1.0,3.0,614
1180.0,1.0,3.0,614
1181.0,1.0,3.0,614
1182.0,1.0,3.0,614
1183.0,1.0,3.0,614
1184.0,1.0,3.0,614
1185.0,1.0,3.0,614
1186.0,1.0,3.0,614
1187.0,1.0,3.0,614
1188.0,1.0,3.0,614
1189.0,1.0,3.0,614
1190.0,1.0,3.0,614
1191.0,1.0,3.0,614
1192.0,1.0,3.0,614
1193.0,1.0,3.0,614
1194.0,1.0,3.0,614
1195.0,1.0,3.0,614
1196.0,1.0,3.0,614
1197.0,1.0,3.0,614
1198.0,1.0,3.0,614
1199.0,1.0,3.0,614
1200.0,1.0,3.0,614
1201.0,1.0,3.0,614
1202.0,1.0,3.0,614
1203.0,1.0,3.0,614
1204.0,1.0,3.0,614
1205.0,1.0,3.0,614
1206.0,1.0,3.0,614
1207.0,1.0,3.0,614
1208.0,1.0,3.0,614
1209.0,1.0,3.0,614
1210.0,1.0,3.0,614
1211.0,1.0,3.0,614
1212.0,1.0,3.0,614
1213.0,1.0,3.0,614
1214.0,1.0,3.0,614
1215.0,1.0,3.0,614
1216.0,1.0,3.0,614
1217.0,1.0,3.0,614
1218.0,1.0,3.0,614
1219.0,1.0,3.0,614
1220.0,1.0,3.0,614
1221.0,1.0,3.0,614
1222.0,1.0,3.0,614
1223.0,1.0,3.0,614
1224.0,1.0,3.0,614
1225.0,1.0,3.0,614
1226.0,1.0,3.0,614
1227.0,1.0,3.0,614
1228.0,1.0,3.0,614
1229.0,1.0,3.0,614
1230.0,1.0,3.0,614
1231.0,1.0,3.0,614
1232.0,1.0,3.0,614
1233.0,1.0,3.0,614
1234.0,1.0,3.0,614
1235.0,1.0,3.0,614
1236.0,1.0,3.0,614
1237.0,1.0,3.0,614
1238.0,1.0,3.0,614
1239.0,1.0,3.0,614
1240.0,1.0,3.0,614
1241.0,1.0,3.0,614
1242.0,1.0,3.0,614
1243.0,1.0,3.0,614
1244.0,1.0,3.0,614
1245.0,1.0,3.0,614
1246.0,1.0,3.0,614
1247.0,1.0,3.0,614
1248.0,1.0,3.0,614
1249.0,1.0,3.0,614
1250.0,1.0,3.0,614
1251.0,1.0,3.0,614
1252.0,1.0,3.0,614
1253.0,1.0,3.0,614
1254.0,1.0,3.0,614
1255.0,1.0,3.0,614
1256.0,1.0,3.0,614
1257.0,1.0,3.0,614
1258.0,1.0,3.0,614
1259.0,1.0,3.0,614
1260.0,1.0,3.0,614
1261.0,1.0,3.0,614
1262.0,1.0,3.0,614
1263.0,1.0,3.0,614
1264.0,1.0,3.0,614
1265.0,1.0,3.0,614
1266.0,1.0,3.0,614
1267.0,1.0,3.0,614
1268.0,1.0,3.0,614
1269.0,1.0,3.0,614
1270.0,1.0,3.0,614
1271.0,1.0,3.0,614
1272.0,1.0,3.0,614
1273.0,1.0,3.0,614
1274.0,1.0,3.0,614
1275.0,1.0,3.0,614
1276.0,1.0,3.0,614
1277.0,1.0,3.0,614
1278.0,1.0,3.0,614
1279.0,1.0,3.0,614
1280.0,1.0,3.0,614
1281.0,1.0,3.0,614
1282.0,1.0,3.0,614
1283.0,1.0,3.0,614
1284.0,1.0,3.0,614
1285.0,1.0,3.0,614
1286.0,1.0,3.0,614
1287.0,1.0,3.0,614
1288.0,1.0,3.0,614
1289.0,1.0,3.0,614
1290.0,1.0,3.0,614
1291.0,1.0,3.0,614
1292.0,1.0,3.0,614
1293.0,1.0,3.0,614
1294.0,1.0,3.0,614
1295.0,1.0,3.0,614
1296.0,1.0,3.0,614
1297.0,1.0,3.0,614
1298.0,1.0,3.0,614
1299.0,1.0,3.0,614
1300.0,1.0,3.0,614
1301.0,1.0,3.0,614
1302.0,1.0,3.0,614
1303.0,1.0,3.0,614
1304.0,1.0,3.0,614
1305.0,1.0,3.0,614
1306.0,1.0,3.0,614
1307.0,1.0,3.0,614
1308.0,1.0,3.0,614
1309.0,1.0,3.0,614
1310.0,1.0,3.0,614
1311.0,1.0,3.0,614
1312.0,1.0,3.0,614
1313.0,1.0,3.0,614
1314.0,1.0,3.0,614
1315.0,1.0,3.0,614
1316.0,1.0,3.0,614
1317.0,1.0,3.0,614
1318.0,1.0,3.0,614
1319.0,1.0,3.0,614
1320.0,1.0,3.0,614
1321.0,1.0,3.0,614
1322.0,1.0,3.0,614
1323.0,1.0,3.0,614
1324.0,1.0,3.0,614
1325.0,1.0,3.0,614
1326.0,1.0,3.0,614
1327.0,1.0,3.0,614
1328.0,1.0,3.0,614
1329.0,1.0,3.0,614
1330.0,1.0,3.0,614
1331.0,1.0,3.0,614
1332.0,1.0,3.0,614
1333.0,1.0,3.0,614
1334.0,1.0,3.0,614
1335.0,1.0,3.0,614
1336.0,1.0,3.0,614
1337.0,1.0,3.0,614
1338.0,1.0,3.0,614
1339.0,1.0,3.0,614
1340.0,1.0,3.0,614
1341.0,1.0,3.0,614
1342.0,1.0,3.0,614
1343.0,1.0,3.0,614
1344.0,1.0,3.0,614
1345.0,1.0,3.0,614
1346.0,1.0,3.0,614
1347.0,1.0,3.0,614
1348.0,1.0,3.0,614
1349.0,1.0,3.0,614
1350.0,1.0,3.0,614
1351.0,1.0,3.0,614
1352.0,1.0,3.0,614
1353.0,1.0,3.0,614
1354.0,1.0,3.0,614
1355.0,1.0,3.0,614
1356.0,1.0,3.0,614
1357.0,1.0,3.0,614
1358.0,1.0,3.0,614
1359.0,1.0,3.0,614
1360.0,1.0,3.0,614
1361.0,1.0,3.0,614
1362.0,1.0,3.0,614
1363.0,1.0,3.0,614
1364.0,1.0,3.0,614
1365.0,1.0,3.0,614
1366.0,1.0,3.0,614
1367.0,1.0,3.0,614
1368.0,1.0,3.0,614
1369.0,1.0,3.0,614
1370.0,1.0,3.0,614
1371.0,1.0,3.0,614
1372.0,1.0,3.0,614
1373.0,1.0,3.0,614
1374.0,1.0,3.0,614
1375.0,1.0,3.0,614
1376.0,1.0,3.0,614
1377.0,1.0,3.0,614
1378.0,1.0,3.0,614
1379.0,1.0,3.0,614
1380.0,1.0,3.0,614
1381.0,1.0,3.0,614
1382.0,1.0,3.0,614
1383.0,1.0,3.0,614
1384.0,1.0,3.0,614
1385.0,1.0,3.0,614
1386.0,1.0,3.0,614
1387.0,1.0,3.0,614
1388.0,1.0,3.0,614
1389.0,1.0,3.0,614
1390.0,1.0,3.0,614
1391.0,1.0,3.0,614
1392.0,1.0,3.0,614
1393.0,1.0,3.0,614
1394.0,1.0,3.0,614
1395.0,1.0,3.0,614
1396.0,1.0,3.0,614
1397.0,1.0,3.0,614
1398.0,1.0,3.0,614
1399.0,1.0,3.0,614
1400.0,1.0,3.0,614
1401.0,1.0,3.0,614
1402.0,1.0,3.0,614
1403.0,1.0,3.0,614
1404.0,1.0,3.0,614
1405.0,1.0,3.0,614
1406.0,1.0,3.0,614
1407.0,1.0,3.0,614
1408.0,1.0,3.0,614
1409.0,1.0,3.0,614
1410.0,1.0,3.0,614
1411.0,1.0,3.0,614
1412.0,1.0,3.0,614
1413.0,1.0,3.0,614
1414.0,1.0,3.0,614
1415.0,1.0,3.0,614
1416.0,1.0,3.0,614
1417.0,1.0,3.0,614
1418.0,1.0,3.0,614
1419.0,1.0,3.0,614
1420.0,1.0,3.0,614
1421.0,1.0,3.0,614
1422.0,1.0,3.0,614
1423.0,1.0,3.0,614
1424.0,1.0,3.0,614
1425.0,1.0,3.0,614
1426.0,1.0,3.0,614
1427.0,1.0,3.0,614
1428.0,1.0,3.0,614
1429.0,1.0,3.0,614
1430.0,1.0,3.0,614
1431.0,1.0,3.0,614
1432.0,1.0,3.0,614
1433.0,1.0,3.0,614
1434.0,1.0,3.0,614
1435.0,1.0,3.0,614
1436.0,1.0,3.0,614
1437.0,1.0,3.0,614
1438.0,1.0,3.0,614
1439.0,1.0,3.0,614
1440.0,1.0,3.0,614
1441.0,1.0,3.0,614
1442.0,1.0,3.0,614
1443.0,1.0,3.0,614
1444.0,1.0,3.0,614
1445.0,1.0,3.0,614
1446.0,1.0,3.0,614
1447.0,1.0,3.0,614
1448.0,1.0,3.0,614
1449.0,1.0,3.0,614
1450.0,1.0,3.0,614
1451.0,1.0,3.0,614
1452.0,1.0,3.0,614
1453.0,1.0,3.0,614
1454.0,1.0,3.0,614
1455.0,1.0,3.0,614
1456.0,1.0,3.0,614
1457.0,1.0,3.0,614
1458.0,1.0,3.0,614
1459.0,1.0,3.0,614
1460.0,1.0,3.0,614
1461.0,1.0,3.0,614
1462.0,1.0,3.0,614
1463.0,1.0,3.0,614
1464.0,1.0,3.0,614
1465.0,1.0,3.0,614
1466.0,1.0,3.0,614
1467.0,1.0,3.0,614
1468.0,1.0,3.0,614
1469.0,1.0,3.0,614
1470.0,1.0,3.0,614
1471.0,1.0,3.0,614
1472.0,1.0,3.0,614
1473.0,1.0,3.0,614
1474.0,1.0,3.0,614
1475.0,1.0,3.0,614
1476.0,1.0,3.0,614
1477.0,1.0,3.0,614
1478.0,1.0,3.0,614
1479.0,1.0,3.0,614
1480.0,1.0,3.0,614
1481.0,1.0,3.0,614
1482.0,1.0,3.0,614
1483.0,1.0,3.0,614
1484.0,1.0,3.0,614
1485.0,1.0,3.0,614
1486.0,1.0,3.0,614
1487.0,1.0,3.0,614
1488.0,1.0,3.0,614
1489.0,1.0,3.0,614
1490.0,1.0,3.0,614
1491.0,1.0,3.0,614
1492.0,1.0,3.0,614
1493.0,1.0,3.0,614
1494.0,1.0,3.0,614
1495.0,1.0,3.0,614
1496.0,1.0,3.0,614
1497.0,1.0,3.0,614
1498.0,1.0,3.0,614
1499.0,1.0,3.0,614
1500.0,1.0,3.0,614
1501.0,1.0,3.0,614
1502.0,1.0,3.0,614
1503.0,1.0,3.0,614
1504.0,1.0,3.0,614
1505.0,1.0,3.0,614
1506.0,1.0,3.0,614
1507.0,1.0,3.0,614
1508.0,1.0,3.0,614
1509.0,1.0,3.0,614
1510.0,1.0,3.0,614
1511.0,1.0,3.0,614
1512.0,1.0,3.0,614
1513.0,1.0,3.0,614
1514.0,1.0,3.0,614
1515.0,1.0,3.0,614
1516.0,1.0,3.0,614
1517.0,1.0,3.0,614
1518.0,1.0,3.0,614
1519.0,1.0,3.0,614
1520.0,1.0,3.0,614
1521.0,1.0,3.0,614
1522.0,1.0,3.0,614
1523.0,1.0,3.0,614
1524.0,1.0,3.0,614
1525.0,1.0,3.0,614
1526.0,1.0,3.0,614
1527.0,1.0,3.0,614
1528.0,1.0,3.0,614
1529.0,1.0,3.0,614
1530.0,1.0,3.0,614
1531.0,1.0,3.0,614
1532.0,1.0,3.0,614
1533.0,1.0,3.0,614
1534.0,1.0,3.0,614
1535.0,1.0,3.0,614
1536.0,1.0,3.0,614
1537.0,1.0,3.0,614
1538.0,1.0,3.0,614
1539.0,1.0,3.0,614
1540.0,1.0,3.0,614
1541.0,1.0,3.0,614
1542.0,1.0,3.0,614
1543.0,1.0,3.0,614
1544.0,1.0,3.0,614
1545.0,1.0,3.0,614
1546.0,1.0,3.0,614
1547.0,1.0,3.0,614
1548.0,1.0,3.0,614
1549.0,1.0,3.0,614
1550.0,1.0,3.0,614
1551.0,1.0,3.0,614
1552.0,1.0,3.0,614
1553.0,1.0,3.0,614
1554.0,1.0,3.0,614
1555.0,1.0,3.0,614
1556.0,1.0,3.0,614
1557.0,1.0,3.0,614
1558.0,1.0,3.0,614
1559.0,1.0,3.0,614
1560.0,1.0,3.0,614
1561.0,1.0,3.0,614
1562.0,1.0,3.0,614
1563.0,1.0,3.0,614
1564.0,1.0,3.0,614
1565.0,1.0,3.0,614
1566.0,1.0,3.0,614
1567.0,1.0,3.0,614
1568.0,1.0,3.0,614
1569.0,1.0,3.0,614
1570.0,1.0,3.0,614
1571.0,1.0,3.0,614
1572.0,1.0,3.0,614
1573.0,1.0,3.0,614
1574.0,1.0,3.0,614
1575.0,1.0,3.0,614
1576.0,1.0,3.0,614
1577.0,1.0,3.0,614
1578.0,1.0,3.0,614
1579.0,1.0,3.0,614
1580.0,1.0,3.0,614
1581.0,1.0,3.0,614
1582.0,1.0,3.0,614
1583.0,1.0,3.0,614
1584.0,1.0,3.0,614
1585.0,1.0,3.0,614
1586.0,1.0,3.0,614
1587.0,1.0,3.0,614
1588.0,1.0,3.0,614
1589.0,1.0,3.0,614
1590.0,1.0,3.0,614
1591.0,1.0,3.0,614
1592.0,1.0,3.0,614
1593.0,1.0,3.0,614
1594.0,1.0,3.0,614
1595.0,1.0,3.0,614
1596.0,1.0,3.0,614
1597.0,1.0,3.0,614
1598.0,1.0,3.0,614
1599.0,1.0,3.0,614
1600.0,1.0,3.0,614
1601.0,1.0,3.0,614
1602.0,1.0,3.0,614
1603.0,1.0,3.0,614
1604.0,1.0,3.0,614
1605.0,1.0,3.0,614
1606.0,1.0,3.0,614
1607.0,1.0,3.0,614
1608.0,1.0,3.0,614
1609.0,1.0,3.0,614
1610.0,1.0,3.0,614
1611.0,1.0,3.0,614
1612.0,1.0,3.0,614
1613.0,1.0,3.0,614
1614.0,1.0,3.0,614
1615.0,1.0,3.0,614
1616.0,1.0,3.0,614
1617.0,1.0,3.0,614
1618.0,1.0,3.0,614
1619.0,1.0,3.0,614
1620.0,1.0,3.0,614
1621.0,1.0,3.0,614
1622.0,1.0,3.0,614
1623.0,1.0,3.0,614
1624.0,1.0,3.0,614
1625.0,1.0,3.0,614
1626.0,1.0,3.0,614
1627.0,1.0,3.0,614
1628.0,1.0,3.0,614
1629.0,1.0,3.0,614
1630.0,1.0,3.0,614
1631.0,1.0,3.0,614
1632.0,1.0,3.0,614
1633.0,1.0,3.0,614
1634.0,1.0,3.0,614
1635.0,1.0,3.0,614
1636.0,1.0,3.0,614
1637.0,1.0,3.0,614
1638.0,1.0,3.0,614
1639.0,1.0,3.0,614
1640.0,1.0,3.0,614
1641.0,1.0,3.0,614
1642.0,1.0,3.0,614
1643.0,1.0,3.0,614
1644.0,1.0,3.0,614
1645.0,1.0,3.0,614
1646.0,1.0,3.0,614
1647.0,1.0,3.0,614
1648.0,1.0,3.0,614
1649.0,1.0,3.0,614
1650.0,1.0,3.0,614
1651.0,1.0,3.0,614
1652.0,1.0,3.0,614
1653.0,1.0,3.0,614
1654.0,1.0,3.0,614
1655.0,1.0,3.0,614
1656.0,1.0,3.0,614
1657.0,1.0,3.0,614
1658.0,1.0,3.0,614
1659.0,1.0,3.0,614
1660.0,1.0,3.0,614
1661.0,1.0,3.0,614
1662.0,1.0,3.0,614
1663.0,1.0,3.0,614
1664.0,1.0,3.0,614
1665.0,1.0,3.0,614
1666.0,1.0,3.0,614
1667.0,1.0,3.0,614
1668.0,1.0,3.0,614
1669.0,1.0,3.0,614
1670.0,1.0,3.0,614
1671.0,1.0,3.0,614
1672.0,1.0,3.0,614
1673.0,1.0,3.0,614
1674.0,1.0,3.0,614
1675.0,1.0,3.0,614
1676.0,1.0,3.0,614
1677.0,1.0,3.0,614
1678.0,1.0,3.0,614
1679.0,1.0,3.0,614
1680.0,1.0,3.0,614
1681.0,1.0,3.0,614
1682.0,1.0,3.0,614
1683.0,1.0,3.0,614
1684.0,1.0,3.0,614
1685.0,1.0,3.0,614
1686.0,1.0,3.0,614
1687.0,1.0,3.0,614
1688.0,1.0,3.0,614
1689.0,1.0,3.0,614
1690.0,1.0,3.0,614
1691.0,1.0,3.0,614
1692.0,1.0,3.0,614
1693.0,1.0,3.0,614
1694.0,1.0,3.0,614
1695.0,1.0,3.0,614
1696.0,1.0,3.0,614
1697.0,1.0,3.0,614
1698.0,1.0,3.0,614
1699.0,1.0,3.0,614
1700.0,1.0,3.0,614
1701.0,1.0,3.0,614
1702.0,1.0,3.0,614
1703.0,1.0,3.0,614
1704.0,1.0,3.0,614
1705.0,1.0,3.0,614
1706.0,1.0,3.0,614
1707.0,1.0,3.0,614
1708.0,1.0,3.0,614
1709.0,1.0,3.0,614
1710.0,1.0,3.0,614
1711.0,1.0,3.0,614
1712.0,1.0,3.0,614
1713.0,1.0,3.0,614
1714.0,1.0,3.0,614
1715.0,1.0,3.0,614
1716.0,1.0,3.0,614
1717.0,1.0,3.0,614
1718.0,1.0,3.0,614
1719.0,1.0,3.0,614
1720.0,1.0,3.0,614
1721.0,1.0,3.0,614
1722.0,1.0,3.0,614
1723.0,1.0,3.0,614
1724.0,1.0,3.0,614
1725.0,1.0,3.0,614
1726.0,1.0,3.0,614
1727.0,1.0,3.0,614
1728.0,1.0,3.0,614
1729.0,1.0,3.0,614
1730.0,1.0,3.0,614
1731.0,1.0,3.0,614
1732.0,1.0,3.0,614
1733.0,1.0,3.0,614
1734.0,1.0,3.0,614
1735.0,1.0,3.0,614
1736.0,1.0,3.0,614
1737.0,1.0,3.0,614
1738.0,1.0,3.0,614
1739.0,1.0,3.0,614
1740.0,1.0,3.0,614
1741.0,1.0,3.0,614
1742.0,1.0,3.0,614
1743.0,1.0,3.0,614
1744.0,1.0,3.0,614
1745.0,1.0,3.0,614
1746.0,1.0,3.0,614
1747.0,1.0,3.0,614
1748.0,1.0,3.0,614
1749.0,1.0,3.0,614
1750.0,1.0,3.0,614
1751.0,1.0,3.0,614
1752.0,1.0,3.0,614
1753.0,1.0,3.0,614
1754.0,1.0,3.0,614
1755.0,1.0,3.0,614
1756.0,1.0,3.0,614
1757.0,1.0,3.0,614
1758.0,1.0,3.0,614
1759.0,1.0,3.0,614
1760.0,1.0,3.0,614
1761.0,1.0,3.0,614
1762.0,1.0,3.0,614
1763.0,1.0,3.0,614
