Timestamp: 23-Oct-2014 20:51:40
MaxDeathAge: 100
MaxInitialSugar: 25
MaxMetabolism: 4
MaxVision: 6
MinDeathAge: 60
MinInitialSugar: 5
NumAgents: 1750
Replacement: true


"tick","Avg. Metabolism","Avg. Vision","AgentCount"
1.0,2.0,3.0,1750
2.0,2.0,3.0,1750
3.0,2.0,3.0,1723
4.0,2.0,3.0,1639
5.0,2.0,3.0,1543
6.0,2.0,3.0,1461
7.0,2.0,3.0,1343
8.0,2.0,3.0,1230
9.0,1.0,3.0,1139
10.0,1.0,3.0,1054
11.0,1.0,3.0,992
12.0,1.0,3.0,942
13.0,1.0,3.0,909
14.0,1.0,3.0,885
15.0,1.0,3.0,869
16.0,1.0,3.0,855
17.0,1.0,3.0,829
18.0,1.0,3.0,814
19.0,1.0,3.0,801
20.0,1.0,3.0,786
21.0,1.0,3.0,775
22.0,1.0,3.0,761
23.0,1.0,3.0,756
24.0,1.0,3.0,750
25.0,1.0,3.0,744
26.0,1.0,3.0,740
27.0,1.0,3.0,740
28.0,1.0,3.0,740
29.0,1.0,3.0,740
30.0,1.0,3.0,738
31.0,1.0,3.0,738
32.0,1.0,3.0,738
33.0,1.0,3.0,738
34.0,1.0,3.0,738
35.0,1.0,3.0,738
36.0,1.0,3.0,737
37.0,1.0,3.0,737
38.0,1.0,3.0,736
39.0,1.0,3.0,736
40.0,1.0,3.0,736
41.0,1.0,3.0,736
42.0,1.0,3.0,734
43.0,1.0,3.0,734
44.0,1.0,3.0,734
45.0,1.0,3.0,733
46.0,1.0,3.0,733
47.0,1.0,3.0,733
48.0,1.0,3.0,732
49.0,1.0,3.0,732
50.0,1.0,3.0,732
51.0,1.0,3.0,731
52.0,1.0,3.0,731
53.0,1.0,3.0,731
54.0,1.0,3.0,731
55.0,1.0,3.0,731
56.0,1.0,3.0,730
57.0,1.0,3.0,730
58.0,1.0,3.0,730
59.0,1.0,3.0,730
60.0,1.0,3.0,730
61.0,1.0,3.0,730
62.0,1.0,3.0,729
63.0,1.0,3.0,728
64.0,1.0,3.0,728
65.0,1.0,3.0,728
66.0,1.0,3.0,726
67.0,1.0,3.0,725
68.0,1.0,3.0,725
69.0,1.0,3.0,725
70.0,1.0,3.0,724
71.0,1.0,3.0,724
72.0,1.0,3.0,724
73.0,1.0,3.0,724
74.0,1.0,3.0,724
75.0,1.0,3.0,724
76.0,1.0,3.0,722
77.0,1.0,3.0,722
78.0,1.0,3.0,722
79.0,1.0,3.0,722
80.0,1.0,3.0,722
81.0,1.0,3.0,722
82.0,1.0,3.0,722
83.0,1.0,3.0,721
84.0,1.0,3.0,721
85.0,1.0,3.0,721
86.0,1.0,3.0,721
87.0,1.0,3.0,721
88.0,1.0,3.0,721
89.0,1.0,3.0,721
90.0,1.0,3.0,721
91.0,1.0,3.0,721
92.0,1.0,3.0,721
93.0,1.0,3.0,721
94.0,1.0,3.0,721
95.0,1.0,3.0,721
96.0,1.0,3.0,721
97.0,1.0,3.0,721
98.0,1.0,3.0,721
99.0,1.0,3.0,721
100.0,1.0,3.0,721
101.0,1.0,3.0,721
102.0,1.0,3.0,721
103.0,1.0,3.0,721
104.0,1.0,3.0,721
105.0,1.0,3.0,720
106.0,1.0,3.0,720
107.0,1.0,3.0,720
108.0,1.0,3.0,720
109.0,1.0,3.0,720
110.0,1.0,3.0,720
111.0,1.0,3.0,720
112.0,1.0,3.0,720
113.0,1.0,3.0,720
114.0,1.0,3.0,720
115.0,1.0,3.0,719
116.0,1.0,3.0,719
117.0,1.0,3.0,719
118.0,1.0,3.0,719
119.0,1.0,3.0,719
120.0,1.0,3.0,719
121.0,1.0,3.0,719
122.0,1.0,3.0,719
123.0,1.0,3.0,719
124.0,1.0,3.0,719
125.0,1.0,3.0,719
126.0,1.0,3.0,719
127.0,1.0,3.0,719
128.0,1.0,3.0,718
129.0,1.0,3.0,718
130.0,1.0,3.0,717
131.0,1.0,3.0,717
132.0,1.0,3.0,717
133.0,1.0,3.0,717
134.0,1.0,3.0,717
135.0,1.0,3.0,717
136.0,1.0,3.0,717
137.0,1.0,3.0,716
138.0,1.0,3.0,716
139.0,1.0,3.0,715
140.0,1.0,3.0,715
141.0,1.0,3.0,715
142.0,1.0,3.0,715
143.0,1.0,3.0,715
144.0,1.0,3.0,715
145.0,1.0,3.0,715
146.0,1.0,3.0,715
147.0,1.0,3.0,715
148.0,1.0,3.0,715
149.0,1.0,3.0,715
150.0,1.0,3.0,714
151.0,1.0,3.0,714
152.0,1.0,3.0,713
153.0,1.0,3.0,713
154.0,1.0,3.0,713
155.0,1.0,3.0,713
156.0,1.0,3.0,713
157.0,1.0,3.0,713
158.0,1.0,3.0,713
159.0,1.0,3.0,713
160.0,1.0,3.0,713
161.0,1.0,3.0,713
162.0,1.0,3.0,713
163.0,1.0,3.0,713
164.0,1.0,3.0,713
165.0,1.0,3.0,713
166.0,1.0,3.0,713
167.0,1.0,3.0,712
168.0,1.0,3.0,712
169.0,1.0,3.0,712
170.0,1.0,3.0,712
171.0,1.0,3.0,712
172.0,1.0,3.0,712
173.0,1.0,3.0,712
174.0,1.0,3.0,712
175.0,1.0,3.0,712
176.0,1.0,3.0,712
177.0,1.0,3.0,712
178.0,1.0,3.0,711
179.0,1.0,3.0,711
180.0,1.0,3.0,711
181.0,1.0,3.0,711
182.0,1.0,3.0,710
183.0,1.0,3.0,710
184.0,1.0,3.0,710
185.0,1.0,3.0,709
186.0,1.0,3.0,709
187.0,1.0,3.0,709
188.0,1.0,3.0,709
189.0,1.0,3.0,709
190.0,1.0,3.0,709
191.0,1.0,3.0,709
192.0,1.0,3.0,709
193.0,1.0,3.0,709
194.0,1.0,3.0,709
195.0,1.0,3.0,709
196.0,1.0,3.0,709
197.0,1.0,3.0,709
198.0,1.0,3.0,709
199.0,1.0,3.0,709
200.0,1.0,3.0,709
201.0,1.0,3.0,708
202.0,1.0,3.0,708
203.0,1.0,3.0,708
204.0,1.0,3.0,708
205.0,1.0,3.0,708
206.0,1.0,3.0,708
207.0,1.0,3.0,708
208.0,1.0,3.0,708
209.0,1.0,3.0,708
210.0,1.0,3.0,708
211.0,1.0,3.0,707
212.0,1.0,3.0,707
213.0,1.0,3.0,707
214.0,1.0,3.0,707
215.0,1.0,3.0,707
216.0,1.0,3.0,707
217.0,1.0,3.0,707
218.0,1.0,3.0,707
219.0,1.0,3.0,707
220.0,1.0,3.0,707
221.0,1.0,3.0,707
222.0,1.0,3.0,707
223.0,1.0,3.0,707
224.0,1.0,3.0,707
225.0,1.0,3.0,707
226.0,1.0,3.0,707
227.0,1.0,3.0,707
228.0,1.0,3.0,707
229.0,1.0,3.0,707
230.0,1.0,3.0,707
231.0,1.0,3.0,707
232.0,1.0,3.0,707
233.0,1.0,3.0,707
234.0,1.0,3.0,707
235.0,1.0,3.0,707
236.0,1.0,3.0,707
237.0,1.0,3.0,707
238.0,1.0,3.0,707
239.0,1.0,3.0,707
240.0,1.0,3.0,707
241.0,1.0,3.0,707
242.0,1.0,3.0,707
243.0,1.0,3.0,707
244.0,1.0,3.0,707
245.0,1.0,3.0,707
246.0,1.0,3.0,707
247.0,1.0,3.0,707
248.0,1.0,3.0,707
249.0,1.0,3.0,707
250.0,1.0,3.0,707
251.0,1.0,3.0,707
252.0,1.0,3.0,707
253.0,1.0,3.0,707
254.0,1.0,3.0,707
255.0,1.0,3.0,707
256.0,1.0,3.0,707
257.0,1.0,3.0,707
258.0,1.0,3.0,707
259.0,1.0,3.0,707
260.0,1.0,3.0,707
261.0,1.0,3.0,707
262.0,1.0,3.0,707
263.0,1.0,3.0,707
264.0,1.0,3.0,707
265.0,1.0,3.0,707
266.0,1.0,3.0,707
267.0,1.0,3.0,707
268.0,1.0,3.0,707
269.0,1.0,3.0,707
270.0,1.0,3.0,707
271.0,1.0,3.0,707
272.0,1.0,3.0,707
273.0,1.0,3.0,707
274.0,1.0,3.0,707
275.0,1.0,3.0,707
276.0,1.0,3.0,707
277.0,1.0,3.0,707
278.0,1.0,3.0,707
279.0,1.0,3.0,707
280.0,1.0,3.0,707
281.0,1.0,3.0,707
282.0,1.0,3.0,707
283.0,1.0,3.0,707
284.0,1.0,3.0,707
285.0,1.0,3.0,707
286.0,1.0,3.0,706
287.0,1.0,3.0,706
288.0,1.0,3.0,706
289.0,1.0,3.0,706
290.0,1.0,3.0,706
291.0,1.0,3.0,706
292.0,1.0,3.0,706
293.0,1.0,3.0,706
294.0,1.0,3.0,706
295.0,1.0,3.0,706
296.0,1.0,3.0,706
297.0,1.0,3.0,706
298.0,1.0,3.0,706
299.0,1.0,3.0,706
300.0,1.0,3.0,706
301.0,1.0,3.0,706
302.0,1.0,3.0,706
303.0,1.0,3.0,706
304.0,1.0,3.0,706
305.0,1.0,3.0,706
306.0,1.0,3.0,706
307.0,1.0,3.0,706
308.0,1.0,3.0,706
309.0,1.0,3.0,706
310.0,1.0,3.0,706
311.0,1.0,3.0,706
312.0,1.0,3.0,706
313.0,1.0,3.0,706
314.0,1.0,3.0,706
315.0,1.0,3.0,705
316.0,1.0,3.0,705
317.0,1.0,3.0,705
318.0,1.0,3.0,705
319.0,1.0,3.0,705
320.0,1.0,3.0,705
321.0,1.0,3.0,705
322.0,1.0,3.0,705
323.0,1.0,3.0,704
324.0,1.0,3.0,704
325.0,1.0,3.0,704
326.0,1.0,3.0,704
327.0,1.0,3.0,704
328.0,1.0,3.0,704
329.0,1.0,3.0,704
330.0,1.0,3.0,704
331.0,1.0,3.0,704
332.0,1.0,3.0,704
333.0,1.0,3.0,704
334.0,1.0,3.0,704
335.0,1.0,3.0,704
336.0,1.0,3.0,704
337.0,1.0,3.0,704
338.0,1.0,3.0,704
339.0,1.0,3.0,704
340.0,1.0,3.0,704
341.0,1.0,3.0,704
342.0,1.0,3.0,704
343.0,1.0,3.0,704
344.0,1.0,3.0,704
345.0,1.0,3.0,704
346.0,1.0,3.0,704
347.0,1.0,3.0,704
348.0,1.0,3.0,704
349.0,1.0,3.0,704
350.0,1.0,3.0,704
351.0,1.0,3.0,704
352.0,1.0,3.0,704
353.0,1.0,3.0,704
354.0,1.0,3.0,704
355.0,1.0,3.0,703
356.0,1.0,3.0,703
357.0,1.0,3.0,703
358.0,1.0,3.0,703
359.0,1.0,3.0,703
360.0,1.0,3.0,702
361.0,1.0,3.0,702
362.0,1.0,3.0,702
363.0,1.0,3.0,702
364.0,1.0,3.0,702
365.0,1.0,3.0,701
366.0,1.0,3.0,701
367.0,1.0,3.0,700
368.0,1.0,3.0,700
369.0,1.0,3.0,700
370.0,1.0,3.0,699
371.0,1.0,3.0,699
372.0,1.0,3.0,699
373.0,1.0,3.0,699
374.0,1.0,3.0,699
375.0,1.0,3.0,699
376.0,1.0,3.0,699
377.0,1.0,3.0,699
378.0,1.0,3.0,699
379.0,1.0,3.0,699
380.0,1.0,3.0,699
381.0,1.0,3.0,699
382.0,1.0,3.0,699
383.0,1.0,3.0,699
384.0,1.0,3.0,699
385.0,1.0,3.0,699
386.0,1.0,3.0,699
387.0,1.0,3.0,698
388.0,1.0,3.0,698
389.0,1.0,3.0,698
390.0,1.0,3.0,698
391.0,1.0,3.0,698
392.0,1.0,3.0,698
393.0,1.0,3.0,698
394.0,1.0,3.0,698
395.0,1.0,3.0,697
396.0,1.0,3.0,697
397.0,1.0,3.0,697
398.0,1.0,3.0,697
399.0,1.0,3.0,697
400.0,1.0,3.0,697
401.0,1.0,3.0,697
402.0,1.0,3.0,697
403.0,1.0,3.0,697
404.0,1.0,3.0,697
405.0,1.0,3.0,697
406.0,1.0,3.0,697
407.0,1.0,3.0,697
408.0,1.0,3.0,697
409.0,1.0,3.0,697
410.0,1.0,3.0,697
411.0,1.0,3.0,697
412.0,1.0,3.0,697
413.0,1.0,3.0,697
414.0,1.0,3.0,697
415.0,1.0,3.0,697
416.0,1.0,3.0,697
417.0,1.0,3.0,697
418.0,1.0,3.0,697
419.0,1.0,3.0,697
420.0,1.0,3.0,697
421.0,1.0,3.0,697
422.0,1.0,3.0,697
423.0,1.0,3.0,697
424.0,1.0,3.0,697
425.0,1.0,3.0,697
426.0,1.0,3.0,697
427.0,1.0,3.0,697
428.0,1.0,3.0,697
429.0,1.0,3.0,697
430.0,1.0,3.0,697
431.0,1.0,3.0,697
432.0,1.0,3.0,697
433.0,1.0,3.0,697
434.0,1.0,3.0,697
435.0,1.0,3.0,697
436.0,1.0,3.0,697
437.0,1.0,3.0,697
438.0,1.0,3.0,697
439.0,1.0,3.0,697
440.0,1.0,3.0,697
441.0,1.0,3.0,697
442.0,1.0,3.0,697
443.0,1.0,3.0,697
444.0,1.0,3.0,697
445.0,1.0,3.0,697
446.0,1.0,3.0,697
447.0,1.0,3.0,697
448.0,1.0,3.0,697
449.0,1.0,3.0,697
450.0,1.0,3.0,697
451.0,1.0,3.0,697
452.0,1.0,3.0,697
453.0,1.0,3.0,697
454.0,1.0,3.0,696
455.0,1.0,3.0,696
456.0,1.0,3.0,696
457.0,1.0,3.0,696
458.0,1.0,3.0,696
459.0,1.0,3.0,696
460.0,1.0,3.0,696
461.0,1.0,3.0,696
462.0,1.0,3.0,696
463.0,1.0,3.0,696
464.0,1.0,3.0,696
465.0,1.0,3.0,696
466.0,1.0,3.0,696
467.0,1.0,3.0,696
468.0,1.0,3.0,696
469.0,1.0,3.0,696
470.0,1.0,3.0,696
471.0,1.0,3.0,696
472.0,1.0,3.0,696
473.0,1.0,3.0,696
474.0,1.0,3.0,696
475.0,1.0,3.0,696
476.0,1.0,3.0,696
477.0,1.0,3.0,696
478.0,1.0,3.0,696
479.0,1.0,3.0,696
480.0,1.0,3.0,696
481.0,1.0,3.0,696
482.0,1.0,3.0,696
483.0,1.0,3.0,696
484.0,1.0,3.0,696
485.0,1.0,3.0,696
486.0,1.0,3.0,696
487.0,1.0,3.0,696
488.0,1.0,3.0,696
489.0,1.0,3.0,696
490.0,1.0,3.0,696
491.0,1.0,3.0,696
492.0,1.0,3.0,696
493.0,1.0,3.0,696
494.0,1.0,3.0,696
495.0,1.0,3.0,696
496.0,1.0,3.0,696
497.0,1.0,3.0,696
498.0,1.0,3.0,696
499.0,1.0,3.0,696
500.0,1.0,3.0,696
501.0,1.0,3.0,696
502.0,1.0,3.0,696
503.0,1.0,3.0,696
504.0,1.0,3.0,696
505.0,1.0,3.0,696
506.0,1.0,3.0,696
507.0,1.0,3.0,696
508.0,1.0,3.0,696
509.0,1.0,3.0,696
510.0,1.0,3.0,696
511.0,1.0,3.0,696
512.0,1.0,3.0,696
513.0,1.0,3.0,696
514.0,1.0,3.0,696
515.0,1.0,3.0,696
516.0,1.0,3.0,696
517.0,1.0,3.0,696
518.0,1.0,3.0,696
519.0,1.0,3.0,696
520.0,1.0,3.0,696
521.0,1.0,3.0,696
522.0,1.0,3.0,696
523.0,1.0,3.0,696
524.0,1.0,3.0,696
525.0,1.0,3.0,696
526.0,1.0,3.0,696
527.0,1.0,3.0,696
528.0,1.0,3.0,696
529.0,1.0,3.0,695
530.0,1.0,3.0,695
531.0,1.0,3.0,695
532.0,1.0,3.0,695
533.0,1.0,3.0,695
534.0,1.0,3.0,695
535.0,1.0,3.0,695
536.0,1.0,3.0,695
537.0,1.0,3.0,695
538.0,1.0,3.0,695
539.0,1.0,3.0,695
540.0,1.0,3.0,695
541.0,1.0,3.0,695
542.0,1.0,3.0,695
543.0,1.0,3.0,695
544.0,1.0,3.0,695
545.0,1.0,3.0,695
546.0,1.0,3.0,695
547.0,1.0,3.0,695
548.0,1.0,3.0,695
549.0,1.0,3.0,695
550.0,1.0,3.0,695
551.0,1.0,3.0,695
552.0,1.0,3.0,695
553.0,1.0,3.0,695
554.0,1.0,3.0,695
555.0,1.0,3.0,695
556.0,1.0,3.0,695
557.0,1.0,3.0,695
558.0,1.0,3.0,695
559.0,1.0,3.0,695
560.0,1.0,3.0,695
561.0,1.0,3.0,695
562.0,1.0,3.0,695
563.0,1.0,3.0,695
564.0,1.0,3.0,695
565.0,1.0,3.0,695
566.0,1.0,3.0,695
567.0,1.0,3.0,695
568.0,1.0,3.0,695
569.0,1.0,3.0,695
570.0,1.0,3.0,695
571.0,1.0,3.0,695
572.0,1.0,3.0,695
573.0,1.0,3.0,695
574.0,1.0,3.0,694
575.0,1.0,3.0,694
576.0,1.0,3.0,694
577.0,1.0,3.0,694
578.0,1.0,3.0,694
579.0,1.0,3.0,694
580.0,1.0,3.0,694
581.0,1.0,3.0,694
582.0,1.0,3.0,694
583.0,1.0,3.0,694
584.0,1.0,3.0,694
585.0,1.0,3.0,694
586.0,1.0,3.0,694
587.0,1.0,3.0,694
588.0,1.0,3.0,694
589.0,1.0,3.0,694
590.0,1.0,3.0,694
591.0,1.0,3.0,694
592.0,1.0,3.0,694
593.0,1.0,3.0,694
594.0,1.0,3.0,694
595.0,1.0,3.0,694
596.0,1.0,3.0,694
597.0,1.0,3.0,694
598.0,1.0,3.0,694
599.0,1.0,3.0,694
600.0,1.0,3.0,694
601.0,1.0,3.0,694
602.0,1.0,3.0,694
603.0,1.0,3.0,694
604.0,1.0,3.0,694
605.0,1.0,3.0,694
606.0,1.0,3.0,694
607.0,1.0,3.0,694
608.0,1.0,3.0,694
609.0,1.0,3.0,694
610.0,1.0,3.0,694
611.0,1.0,3.0,694
612.0,1.0,3.0,694
613.0,1.0,3.0,694
614.0,1.0,3.0,694
615.0,1.0,3.0,694
616.0,1.0,3.0,694
617.0,1.0,3.0,694
618.0,1.0,3.0,694
619.0,1.0,3.0,694
620.0,1.0,3.0,694
621.0,1.0,3.0,694
622.0,1.0,3.0,694
623.0,1.0,3.0,694
624.0,1.0,3.0,694
625.0,1.0,3.0,694
626.0,1.0,3.0,694
627.0,1.0,3.0,694
628.0,1.0,3.0,694
629.0,1.0,3.0,694
630.0,1.0,3.0,694
631.0,1.0,3.0,694
632.0,1.0,3.0,694
633.0,1.0,3.0,694
634.0,1.0,3.0,694
635.0,1.0,3.0,694
636.0,1.0,3.0,694
637.0,1.0,3.0,694
638.0,1.0,3.0,694
639.0,1.0,3.0,694
640.0,1.0,3.0,694
641.0,1.0,3.0,694
642.0,1.0,3.0,694
643.0,1.0,3.0,694
644.0,1.0,3.0,694
645.0,1.0,3.0,694
646.0,1.0,3.0,694
647.0,1.0,3.0,694
648.0,1.0,3.0,694
649.0,1.0,3.0,694
650.0,1.0,3.0,694
651.0,1.0,3.0,694
652.0,1.0,3.0,694
653.0,1.0,3.0,694
654.0,1.0,3.0,694
655.0,1.0,3.0,694
656.0,1.0,3.0,694
657.0,1.0,3.0,694
658.0,1.0,3.0,694
659.0,1.0,3.0,694
660.0,1.0,3.0,694
661.0,1.0,3.0,694
662.0,1.0,3.0,694
663.0,1.0,3.0,694
664.0,1.0,3.0,694
665.0,1.0,3.0,694
666.0,1.0,3.0,694
667.0,1.0,3.0,694
668.0,1.0,3.0,694
669.0,1.0,3.0,694
670.0,1.0,3.0,694
671.0,1.0,3.0,694
672.0,1.0,3.0,694
673.0,1.0,3.0,694
674.0,1.0,3.0,694
675.0,1.0,3.0,693
676.0,1.0,3.0,693
677.0,1.0,3.0,693
678.0,1.0,3.0,693
679.0,1.0,3.0,693
680.0,1.0,3.0,693
681.0,1.0,3.0,693
682.0,1.0,3.0,693
683.0,1.0,3.0,693
684.0,1.0,3.0,693
685.0,1.0,3.0,693
686.0,1.0,3.0,693
687.0,1.0,3.0,693
688.0,1.0,3.0,693
689.0,1.0,3.0,693
690.0,1.0,3.0,693
691.0,1.0,3.0,693
692.0,1.0,3.0,693
693.0,1.0,3.0,693
694.0,1.0,3.0,693
695.0,1.0,3.0,693
696.0,1.0,3.0,693
697.0,1.0,3.0,693
698.0,1.0,3.0,693
699.0,1.0,3.0,693
700.0,1.0,3.0,693
701.0,1.0,3.0,693
702.0,1.0,3.0,693
703.0,1.0,3.0,693
704.0,1.0,3.0,693
705.0,1.0,3.0,693
706.0,1.0,3.0,693
707.0,1.0,3.0,693
708.0,1.0,3.0,693
709.0,1.0,3.0,693
710.0,1.0,3.0,693
711.0,1.0,3.0,693
712.0,1.0,3.0,693
713.0,1.0,3.0,693
714.0,1.0,3.0,693
715.0,1.0,3.0,693
716.0,1.0,3.0,693
717.0,1.0,3.0,693
718.0,1.0,3.0,693
719.0,1.0,3.0,693
720.0,1.0,3.0,693
721.0,1.0,3.0,693
722.0,1.0,3.0,693
723.0,1.0,3.0,693
724.0,1.0,3.0,693
725.0,1.0,3.0,693
726.0,1.0,3.0,693
727.0,1.0,3.0,693
728.0,1.0,3.0,693
729.0,1.0,3.0,693
730.0,1.0,3.0,693
731.0,1.0,3.0,693
732.0,1.0,3.0,693
733.0,1.0,3.0,693
734.0,1.0,3.0,693
735.0,1.0,3.0,693
736.0,1.0,3.0,693
737.0,1.0,3.0,693
738.0,1.0,3.0,693
739.0,1.0,3.0,693
740.0,1.0,3.0,693
741.0,1.0,3.0,693
742.0,1.0,3.0,693
743.0,1.0,3.0,693
744.0,1.0,3.0,693
745.0,1.0,3.0,693
746.0,1.0,3.0,693
747.0,1.0,3.0,693
748.0,1.0,3.0,693
749.0,1.0,3.0,693
750.0,1.0,3.0,693
751.0,1.0,3.0,693
752.0,1.0,3.0,693
753.0,1.0,3.0,693
754.0,1.0,3.0,693
755.0,1.0,3.0,693
756.0,1.0,3.0,693
757.0,1.0,3.0,693
758.0,1.0,3.0,693
759.0,1.0,3.0,693
760.0,1.0,3.0,693
761.0,1.0,3.0,693
762.0,1.0,3.0,693
763.0,1.0,3.0,693
764.0,1.0,3.0,693
765.0,1.0,3.0,693
766.0,1.0,3.0,693
767.0,1.0,3.0,693
768.0,1.0,3.0,693
769.0,1.0,3.0,693
770.0,1.0,3.0,693
771.0,1.0,3.0,693
772.0,1.0,3.0,693
773.0,1.0,3.0,693
774.0,1.0,3.0,693
775.0,1.0,3.0,693
776.0,1.0,3.0,693
777.0,1.0,3.0,693
778.0,1.0,3.0,693
779.0,1.0,3.0,693
780.0,1.0,3.0,693
781.0,1.0,3.0,693
782.0,1.0,3.0,693
783.0,1.0,3.0,693
784.0,1.0,3.0,693
785.0,1.0,3.0,693
786.0,1.0,3.0,693
787.0,1.0,3.0,693
788.0,1.0,3.0,693
789.0,1.0,3.0,693
790.0,1.0,3.0,693
791.0,1.0,3.0,693
792.0,1.0,3.0,693
793.0,1.0,3.0,693
794.0,1.0,3.0,693
795.0,1.0,3.0,693
796.0,1.0,3.0,693
797.0,1.0,3.0,693
798.0,1.0,3.0,693
799.0,1.0,3.0,693
800.0,1.0,3.0,693
801.0,1.0,3.0,693
802.0,1.0,3.0,693
803.0,1.0,3.0,693
804.0,1.0,3.0,693
805.0,1.0,3.0,693
806.0,1.0,3.0,693
807.0,1.0,3.0,693
808.0,1.0,3.0,693
809.0,1.0,3.0,693
810.0,1.0,3.0,693
811.0,1.0,3.0,693
812.0,1.0,3.0,693
813.0,1.0,3.0,693
814.0,1.0,3.0,693
815.0,1.0,3.0,693
816.0,1.0,3.0,693
817.0,1.0,3.0,693
818.0,1.0,3.0,693
819.0,1.0,3.0,693
820.0,1.0,3.0,693
821.0,1.0,3.0,693
822.0,1.0,3.0,693
823.0,1.0,3.0,693
824.0,1.0,3.0,693
825.0,1.0,3.0,693
826.0,1.0,3.0,693
827.0,1.0,3.0,693
828.0,1.0,3.0,693
829.0,1.0,3.0,693
830.0,1.0,3.0,693
831.0,1.0,3.0,693
832.0,1.0,3.0,693
833.0,1.0,3.0,693
834.0,1.0,3.0,693
835.0,1.0,3.0,693
836.0,1.0,3.0,693
837.0,1.0,3.0,693
838.0,1.0,3.0,693
839.0,1.0,3.0,693
840.0,1.0,3.0,693
841.0,1.0,3.0,693
842.0,1.0,3.0,693
843.0,1.0,3.0,693
844.0,1.0,3.0,693
845.0,1.0,3.0,693
846.0,1.0,3.0,693
847.0,1.0,3.0,693
848.0,1.0,3.0,693
849.0,1.0,3.0,693
850.0,1.0,3.0,693
851.0,1.0,3.0,693
852.0,1.0,3.0,693
853.0,1.0,3.0,693
854.0,1.0,3.0,693
855.0,1.0,3.0,693
856.0,1.0,3.0,693
857.0,1.0,3.0,693
858.0,1.0,3.0,693
859.0,1.0,3.0,693
860.0,1.0,3.0,693
861.0,1.0,3.0,693
862.0,1.0,3.0,693
863.0,1.0,3.0,693
864.0,1.0,3.0,693
865.0,1.0,3.0,693
866.0,1.0,3.0,693
867.0,1.0,3.0,693
868.0,1.0,3.0,693
869.0,1.0,3.0,693
870.0,1.0,3.0,693
871.0,1.0,3.0,693
872.0,1.0,3.0,693
873.0,1.0,3.0,693
874.0,1.0,3.0,693
875.0,1.0,3.0,693
876.0,1.0,3.0,693
877.0,1.0,3.0,693
878.0,1.0,3.0,693
879.0,1.0,3.0,693
880.0,1.0,3.0,693
881.0,1.0,3.0,693
882.0,1.0,3.0,693
883.0,1.0,3.0,693
884.0,1.0,3.0,693
885.0,1.0,3.0,693
886.0,1.0,3.0,693
887.0,1.0,3.0,693
888.0,1.0,3.0,693
889.0,1.0,3.0,693
890.0,1.0,3.0,693
891.0,1.0,3.0,693
892.0,1.0,3.0,693
893.0,1.0,3.0,693
894.0,1.0,3.0,693
895.0,1.0,3.0,693
896.0,1.0,3.0,693
897.0,1.0,3.0,693
898.0,1.0,3.0,693
899.0,1.0,3.0,693
900.0,1.0,3.0,693
901.0,1.0,3.0,693
902.0,1.0,3.0,693
903.0,1.0,3.0,693
904.0,1.0,3.0,693
905.0,1.0,3.0,693
906.0,1.0,3.0,693
907.0,1.0,3.0,693
908.0,1.0,3.0,693
909.0,1.0,3.0,693
910.0,1.0,3.0,693
911.0,1.0,3.0,693
912.0,1.0,3.0,693
913.0,1.0,3.0,693
914.0,1.0,3.0,693
915.0,1.0,3.0,693
916.0,1.0,3.0,693
917.0,1.0,3.0,692
918.0,1.0,3.0,692
919.0,1.0,3.0,692
920.0,1.0,3.0,692
921.0,1.0,3.0,692
922.0,1.0,3.0,692
923.0,1.0,3.0,692
924.0,1.0,3.0,692
925.0,1.0,3.0,692
926.0,1.0,3.0,692
927.0,1.0,3.0,692
928.0,1.0,3.0,692
929.0,1.0,3.0,692
930.0,1.0,3.0,692
931.0,1.0,3.0,692
932.0,1.0,3.0,692
933.0,1.0,3.0,692
934.0,1.0,3.0,692
935.0,1.0,3.0,692
936.0,1.0,3.0,692
937.0,1.0,3.0,692
938.0,1.0,3.0,692
939.0,1.0,3.0,692
940.0,1.0,3.0,692
941.0,1.0,3.0,692
942.0,1.0,3.0,692
943.0,1.0,3.0,692
944.0,1.0,3.0,692
945.0,1.0,3.0,692
946.0,1.0,3.0,692
947.0,1.0,3.0,692
948.0,1.0,3.0,692
949.0,1.0,3.0,692
950.0,1.0,3.0,692
951.0,1.0,3.0,691
952.0,1.0,3.0,691
953.0,1.0,3.0,691
954.0,1.0,3.0,691
955.0,1.0,3.0,691
956.0,1.0,3.0,691
957.0,1.0,3.0,691
958.0,1.0,3.0,691
959.0,1.0,3.0,691
960.0,1.0,3.0,691
961.0,1.0,3.0,691
962.0,1.0,3.0,691
963.0,1.0,3.0,691
964.0,1.0,3.0,691
965.0,1.0,3.0,691
966.0,1.0,3.0,691
967.0,1.0,3.0,691
968.0,1.0,3.0,691
969.0,1.0,3.0,691
970.0,1.0,3.0,691
971.0,1.0,3.0,691
972.0,1.0,3.0,691
973.0,1.0,3.0,691
974.0,1.0,3.0,691
975.0,1.0,3.0,691
976.0,1.0,3.0,691
977.0,1.0,3.0,691
978.0,1.0,3.0,691
979.0,1.0,3.0,691
980.0,1.0,3.0,691
981.0,1.0,3.0,691
982.0,1.0,3.0,691
983.0,1.0,3.0,691
984.0,1.0,3.0,691
985.0,1.0,3.0,691
986.0,1.0,3.0,691
987.0,1.0,3.0,691
988.0,1.0,3.0,691
989.0,1.0,3.0,691
990.0,1.0,3.0,691
991.0,1.0,3.0,691
992.0,1.0,3.0,691
993.0,1.0,3.0,691
994.0,1.0,3.0,691
995.0,1.0,3.0,691
996.0,1.0,3.0,691
997.0,1.0,3.0,691
998.0,1.0,3.0,691
999.0,1.0,3.0,691
1000.0,1.0,3.0,691
1001.0,1.0,3.0,691
1002.0,1.0,3.0,691
1003.0,1.0,3.0,691
1004.0,1.0,3.0,691
1005.0,1.0,3.0,691
1006.0,1.0,3.0,691
1007.0,1.0,3.0,691
1008.0,1.0,3.0,691
1009.0,1.0,3.0,691
1010.0,1.0,3.0,691
1011.0,1.0,3.0,691
1012.0,1.0,3.0,691
1013.0,1.0,3.0,691
1014.0,1.0,3.0,691
1015.0,1.0,3.0,691
1016.0,1.0,3.0,691
1017.0,1.0,3.0,691
1018.0,1.0,3.0,691
1019.0,1.0,3.0,691
1020.0,1.0,3.0,691
1021.0,1.0,3.0,691
1022.0,1.0,3.0,691
1023.0,1.0,3.0,691
1024.0,1.0,3.0,691
1025.0,1.0,3.0,691
1026.0,1.0,3.0,691
1027.0,1.0,3.0,691
1028.0,1.0,3.0,691
1029.0,1.0,3.0,691
1030.0,1.0,3.0,691
1031.0,1.0,3.0,691
1032.0,1.0,3.0,691
1033.0,1.0,3.0,691
1034.0,1.0,3.0,691
1035.0,1.0,3.0,691
1036.0,1.0,3.0,691
1037.0,1.0,3.0,691
1038.0,1.0,3.0,691
1039.0,1.0,3.0,691
1040.0,1.0,3.0,691
1041.0,1.0,3.0,691
1042.0,1.0,3.0,691
1043.0,1.0,3.0,691
1044.0,1.0,3.0,691
1045.0,1.0,3.0,691
1046.0,1.0,3.0,691
1047.0,1.0,3.0,691
1048.0,1.0,3.0,691
1049.0,1.0,3.0,691
1050.0,1.0,3.0,691
1051.0,1.0,3.0,691
1052.0,1.0,3.0,691
1053.0,1.0,3.0,691
1054.0,1.0,3.0,691
1055.0,1.0,3.0,691
1056.0,1.0,3.0,691
1057.0,1.0,3.0,691
1058.0,1.0,3.0,691
1059.0,1.0,3.0,691
1060.0,1.0,3.0,691
1061.0,1.0,3.0,691
1062.0,1.0,3.0,691
1063.0,1.0,3.0,691
1064.0,1.0,3.0,691
1065.0,1.0,3.0,691
1066.0,1.0,3.0,691
1067.0,1.0,3.0,691
1068.0,1.0,3.0,691
1069.0,1.0,3.0,691
1070.0,1.0,3.0,691
1071.0,1.0,3.0,691
1072.0,1.0,3.0,691
1073.0,1.0,3.0,691
1074.0,1.0,3.0,691
1075.0,1.0,3.0,691
1076.0,1.0,3.0,691
1077.0,1.0,3.0,691
1078.0,1.0,3.0,691
1079.0,1.0,3.0,691
1080.0,1.0,3.0,691
1081.0,1.0,3.0,691
1082.0,1.0,3.0,691
1083.0,1.0,3.0,691
1084.0,1.0,3.0,691
1085.0,1.0,3.0,691
1086.0,1.0,3.0,691
1087.0,1.0,3.0,691
1088.0,1.0,3.0,691
1089.0,1.0,3.0,691
1090.0,1.0,3.0,691
1091.0,1.0,3.0,691
1092.0,1.0,3.0,691
1093.0,1.0,3.0,691
1094.0,1.0,3.0,691
1095.0,1.0,3.0,691
1096.0,1.0,3.0,691
1097.0,1.0,3.0,691
1098.0,1.0,3.0,691
1099.0,1.0,3.0,691
1100.0,1.0,3.0,691
1101.0,1.0,3.0,691
1102.0,1.0,3.0,691
1103.0,1.0,3.0,691
1104.0,1.0,3.0,691
1105.0,1.0,3.0,691
1106.0,1.0,3.0,691
1107.0,1.0,3.0,691
1108.0,1.0,3.0,691
1109.0,1.0,3.0,691
1110.0,1.0,3.0,691
1111.0,1.0,3.0,691
1112.0,1.0,3.0,691
1113.0,1.0,3.0,691
1114.0,1.0,3.0,691
1115.0,1.0,3.0,691
1116.0,1.0,3.0,691
1117.0,1.0,3.0,691
1118.0,1.0,3.0,691
1119.0,1.0,3.0,691
1120.0,1.0,3.0,691
1121.0,1.0,3.0,691
1122.0,1.0,3.0,691
1123.0,1.0,3.0,691
1124.0,1.0,3.0,691
1125.0,1.0,3.0,691
1126.0,1.0,3.0,691
1127.0,1.0,3.0,691
1128.0,1.0,3.0,691
1129.0,1.0,3.0,691
1130.0,1.0,3.0,691
1131.0,1.0,3.0,691
1132.0,1.0,3.0,691
1133.0,1.0,3.0,691
1134.0,1.0,3.0,691
1135.0,1.0,3.0,691
1136.0,1.0,3.0,691
1137.0,1.0,3.0,691
1138.0,1.0,3.0,691
1139.0,1.0,3.0,691
1140.0,1.0,3.0,691
1141.0,1.0,3.0,691
1142.0,1.0,3.0,691
1143.0,1.0,3.0,691
1144.0,1.0,3.0,691
1145.0,1.0,3.0,691
1146.0,1.0,3.0,691
1147.0,1.0,3.0,691
1148.0,1.0,3.0,691
1149.0,1.0,3.0,691
1150.0,1.0,3.0,691
1151.0,1.0,3.0,691
1152.0,1.0,3.0,691
1153.0,1.0,3.0,691
1154.0,1.0,3.0,691
1155.0,1.0,3.0,691
1156.0,1.0,3.0,691
1157.0,1.0,3.0,691
1158.0,1.0,3.0,691
1159.0,1.0,3.0,691
1160.0,1.0,3.0,691
1161.0,1.0,3.0,691
1162.0,1.0,3.0,691
1163.0,1.0,3.0,691
1164.0,1.0,3.0,691
1165.0,1.0,3.0,691
1166.0,1.0,3.0,691
1167.0,1.0,3.0,691
1168.0,1.0,3.0,691
1169.0,1.0,3.0,691
1170.0,1.0,3.0,691
1171.0,1.0,3.0,691
1172.0,1.0,3.0,691
1173.0,1.0,3.0,691
1174.0,1.0,3.0,691
1175.0,1.0,3.0,691
1176.0,1.0,3.0,691
1177.0,1.0,3.0,691
1178.0,1.0,3.0,691
1179.0,1.0,3.0,691
1180.0,1.0,3.0,691
1181.0,1.0,3.0,691
1182.0,1.0,3.0,691
1183.0,1.0,3.0,691
1184.0,1.0,3.0,691
1185.0,1.0,3.0,691
1186.0,1.0,3.0,691
1187.0,1.0,3.0,691
1188.0,1.0,3.0,691
1189.0,1.0,3.0,691
1190.0,1.0,3.0,691
1191.0,1.0,3.0,691
1192.0,1.0,3.0,691
1193.0,1.0,3.0,691
1194.0,1.0,3.0,691
1195.0,1.0,3.0,691
1196.0,1.0,3.0,691
1197.0,1.0,3.0,691
1198.0,1.0,3.0,691
1199.0,1.0,3.0,691
1200.0,1.0,3.0,691
1201.0,1.0,3.0,691
1202.0,1.0,3.0,691
1203.0,1.0,3.0,691
1204.0,1.0,3.0,691
1205.0,1.0,3.0,691
1206.0,1.0,3.0,691
1207.0,1.0,3.0,691
1208.0,1.0,3.0,691
1209.0,1.0,3.0,691
1210.0,1.0,3.0,691
1211.0,1.0,3.0,691
1212.0,1.0,3.0,691
1213.0,1.0,3.0,691
1214.0,1.0,3.0,691
1215.0,1.0,3.0,691
1216.0,1.0,3.0,691
1217.0,1.0,3.0,691
1218.0,1.0,3.0,691
1219.0,1.0,3.0,691
1220.0,1.0,3.0,691
1221.0,1.0,3.0,691
1222.0,1.0,3.0,691
1223.0,1.0,3.0,691
1224.0,1.0,3.0,691
1225.0,1.0,3.0,691
1226.0,1.0,3.0,691
1227.0,1.0,3.0,691
1228.0,1.0,3.0,691
1229.0,1.0,3.0,691
1230.0,1.0,3.0,691
1231.0,1.0,3.0,691
1232.0,1.0,3.0,691
1233.0,1.0,3.0,691
1234.0,1.0,3.0,691
1235.0,1.0,3.0,691
1236.0,1.0,3.0,691
1237.0,1.0,3.0,691
1238.0,1.0,3.0,691
1239.0,1.0,3.0,691
1240.0,1.0,3.0,691
1241.0,1.0,3.0,691
1242.0,1.0,3.0,691
1243.0,1.0,3.0,691
1244.0,1.0,3.0,691
1245.0,1.0,3.0,691
1246.0,1.0,3.0,691
1247.0,1.0,3.0,691
1248.0,1.0,3.0,691
1249.0,1.0,3.0,691
1250.0,1.0,3.0,691
1251.0,1.0,3.0,691
1252.0,1.0,3.0,691
1253.0,1.0,3.0,691
1254.0,1.0,3.0,691
1255.0,1.0,3.0,691
1256.0,1.0,3.0,691
1257.0,1.0,3.0,691
1258.0,1.0,3.0,691
1259.0,1.0,3.0,691
1260.0,1.0,3.0,691
1261.0,1.0,3.0,691
1262.0,1.0,3.0,691
1263.0,1.0,3.0,691
1264.0,1.0,3.0,691
1265.0,1.0,3.0,691
1266.0,1.0,3.0,691
1267.0,1.0,3.0,691
1268.0,1.0,3.0,691
1269.0,1.0,3.0,691
1270.0,1.0,3.0,691
1271.0,1.0,3.0,691
1272.0,1.0,3.0,691
1273.0,1.0,3.0,691
1274.0,1.0,3.0,691
1275.0,1.0,3.0,691
1276.0,1.0,3.0,691
1277.0,1.0,3.0,691
1278.0,1.0,3.0,691
1279.0,1.0,3.0,691
1280.0,1.0,3.0,691
1281.0,1.0,3.0,691
1282.0,1.0,3.0,691
1283.0,1.0,3.0,691
1284.0,1.0,3.0,691
1285.0,1.0,3.0,691
1286.0,1.0,3.0,691
1287.0,1.0,3.0,691
1288.0,1.0,3.0,691
1289.0,1.0,3.0,691
1290.0,1.0,3.0,691
1291.0,1.0,3.0,691
1292.0,1.0,3.0,691
1293.0,1.0,3.0,691
1294.0,1.0,3.0,691
1295.0,1.0,3.0,691
1296.0,1.0,3.0,691
1297.0,1.0,3.0,691
1298.0,1.0,3.0,691
1299.0,1.0,3.0,691
1300.0,1.0,3.0,691
1301.0,1.0,3.0,691
1302.0,1.0,3.0,691
1303.0,1.0,3.0,691
1304.0,1.0,3.0,691
1305.0,1.0,3.0,691
1306.0,1.0,3.0,691
1307.0,1.0,3.0,691
1308.0,1.0,3.0,691
1309.0,1.0,3.0,691
1310.0,1.0,3.0,691
1311.0,1.0,3.0,691
1312.0,1.0,3.0,691
1313.0,1.0,3.0,691
1314.0,1.0,3.0,691
1315.0,1.0,3.0,691
1316.0,1.0,3.0,691
1317.0,1.0,3.0,691
1318.0,1.0,3.0,691
1319.0,1.0,3.0,691
1320.0,1.0,3.0,691
1321.0,1.0,3.0,691
1322.0,1.0,3.0,691
1323.0,1.0,3.0,691
1324.0,1.0,3.0,691
1325.0,1.0,3.0,691
1326.0,1.0,3.0,691
1327.0,1.0,3.0,691
1328.0,1.0,3.0,691
1329.0,1.0,3.0,691
1330.0,1.0,3.0,691
1331.0,1.0,3.0,691
1332.0,1.0,3.0,691
1333.0,1.0,3.0,691
1334.0,1.0,3.0,691
1335.0,1.0,3.0,691
1336.0,1.0,3.0,691
1337.0,1.0,3.0,691
1338.0,1.0,3.0,691
1339.0,1.0,3.0,691
1340.0,1.0,3.0,691
1341.0,1.0,3.0,691
1342.0,1.0,3.0,691
1343.0,1.0,3.0,691
1344.0,1.0,3.0,691
1345.0,1.0,3.0,691
1346.0,1.0,3.0,691
1347.0,1.0,3.0,691
1348.0,1.0,3.0,691
1349.0,1.0,3.0,691
1350.0,1.0,3.0,691
1351.0,1.0,3.0,691
1352.0,1.0,3.0,691
1353.0,1.0,3.0,691
1354.0,1.0,3.0,691
1355.0,1.0,3.0,691
1356.0,1.0,3.0,691
1357.0,1.0,3.0,691
1358.0,1.0,3.0,691
1359.0,1.0,3.0,691
1360.0,1.0,3.0,691
1361.0,1.0,3.0,691
1362.0,1.0,3.0,691
1363.0,1.0,3.0,691
1364.0,1.0,3.0,691
1365.0,1.0,3.0,691
1366.0,1.0,3.0,691
1367.0,1.0,3.0,691
1368.0,1.0,3.0,691
1369.0,1.0,3.0,691
1370.0,1.0,3.0,691
1371.0,1.0,3.0,691
1372.0,1.0,3.0,691
1373.0,1.0,3.0,691
1374.0,1.0,3.0,691
1375.0,1.0,3.0,691
1376.0,1.0,3.0,691
1377.0,1.0,3.0,691
1378.0,1.0,3.0,691
1379.0,1.0,3.0,691
1380.0,1.0,3.0,691
1381.0,1.0,3.0,691
1382.0,1.0,3.0,691
1383.0,1.0,3.0,691
1384.0,1.0,3.0,691
1385.0,1.0,3.0,691
1386.0,1.0,3.0,691
1387.0,1.0,3.0,691
1388.0,1.0,3.0,691
1389.0,1.0,3.0,691
1390.0,1.0,3.0,691
1391.0,1.0,3.0,691
1392.0,1.0,3.0,691
1393.0,1.0,3.0,691
1394.0,1.0,3.0,691
1395.0,1.0,3.0,691
1396.0,1.0,3.0,691
1397.0,1.0,3.0,691
1398.0,1.0,3.0,691
1399.0,1.0,3.0,691
1400.0,1.0,3.0,691
1401.0,1.0,3.0,691
1402.0,1.0,3.0,691
1403.0,1.0,3.0,691
1404.0,1.0,3.0,691
1405.0,1.0,3.0,691
1406.0,1.0,3.0,691
1407.0,1.0,3.0,691
1408.0,1.0,3.0,691
1409.0,1.0,3.0,691
1410.0,1.0,3.0,691
1411.0,1.0,3.0,691
1412.0,1.0,3.0,691
1413.0,1.0,3.0,691
1414.0,1.0,3.0,691
1415.0,1.0,3.0,691
1416.0,1.0,3.0,691
1417.0,1.0,3.0,691
1418.0,1.0,3.0,691
1419.0,1.0,3.0,691
1420.0,1.0,3.0,691
1421.0,1.0,3.0,691
1422.0,1.0,3.0,691
1423.0,1.0,3.0,691
1424.0,1.0,3.0,691
1425.0,1.0,3.0,691
1426.0,1.0,3.0,691
1427.0,1.0,3.0,691
1428.0,1.0,3.0,691
1429.0,1.0,3.0,691
1430.0,1.0,3.0,691
1431.0,1.0,3.0,691
1432.0,1.0,3.0,691
1433.0,1.0,3.0,691
1434.0,1.0,3.0,691
1435.0,1.0,3.0,691
1436.0,1.0,3.0,691
1437.0,1.0,3.0,691
1438.0,1.0,3.0,691
1439.0,1.0,3.0,691
1440.0,1.0,3.0,691
1441.0,1.0,3.0,691
1442.0,1.0,3.0,691
1443.0,1.0,3.0,691
1444.0,1.0,3.0,691
1445.0,1.0,3.0,691
1446.0,1.0,3.0,691
1447.0,1.0,3.0,691
1448.0,1.0,3.0,691
1449.0,1.0,3.0,691
1450.0,1.0,3.0,691
1451.0,1.0,3.0,691
1452.0,1.0,3.0,691
1453.0,1.0,3.0,691
1454.0,1.0,3.0,691
1455.0,1.0,3.0,691
1456.0,1.0,3.0,691
1457.0,1.0,3.0,691
1458.0,1.0,3.0,691
1459.0,1.0,3.0,691
1460.0,1.0,3.0,691
1461.0,1.0,3.0,691
1462.0,1.0,3.0,691
1463.0,1.0,3.0,691
1464.0,1.0,3.0,691
1465.0,1.0,3.0,691
1466.0,1.0,3.0,691
1467.0,1.0,3.0,691
1468.0,1.0,3.0,691
1469.0,1.0,3.0,691
1470.0,1.0,3.0,691
1471.0,1.0,3.0,691
1472.0,1.0,3.0,691
1473.0,1.0,3.0,691
1474.0,1.0,3.0,691
1475.0,1.0,3.0,691
1476.0,1.0,3.0,691
1477.0,1.0,3.0,691
1478.0,1.0,3.0,691
1479.0,1.0,3.0,691
1480.0,1.0,3.0,691
1481.0,1.0,3.0,691
1482.0,1.0,3.0,691
1483.0,1.0,3.0,691
1484.0,1.0,3.0,691
1485.0,1.0,3.0,691
1486.0,1.0,3.0,691
1487.0,1.0,3.0,691
1488.0,1.0,3.0,691
1489.0,1.0,3.0,691
1490.0,1.0,3.0,691
1491.0,1.0,3.0,691
1492.0,1.0,3.0,691
1493.0,1.0,3.0,691
1494.0,1.0,3.0,691
1495.0,1.0,3.0,691
1496.0,1.0,3.0,691
1497.0,1.0,3.0,691
1498.0,1.0,3.0,691
1499.0,1.0,3.0,691
1500.0,1.0,3.0,691
1501.0,1.0,3.0,691
1502.0,1.0,3.0,691
1503.0,1.0,3.0,691
1504.0,1.0,3.0,691
1505.0,1.0,3.0,691
1506.0,1.0,3.0,691
1507.0,1.0,3.0,691
1508.0,1.0,3.0,691
1509.0,1.0,3.0,691
1510.0,1.0,3.0,691
1511.0,1.0,3.0,691
1512.0,1.0,3.0,691
1513.0,1.0,3.0,691
1514.0,1.0,3.0,691
1515.0,1.0,3.0,691
1516.0,1.0,3.0,691
1517.0,1.0,3.0,691
1518.0,1.0,3.0,691
1519.0,1.0,3.0,691
1520.0,1.0,3.0,691
1521.0,1.0,3.0,691
1522.0,1.0,3.0,691
1523.0,1.0,3.0,691
1524.0,1.0,3.0,691
1525.0,1.0,3.0,691
1526.0,1.0,3.0,691
1527.0,1.0,3.0,691
1528.0,1.0,3.0,691
1529.0,1.0,3.0,691
1530.0,1.0,3.0,691
1531.0,1.0,3.0,691
1532.0,1.0,3.0,691
1533.0,1.0,3.0,691
1534.0,1.0,3.0,691
1535.0,1.0,3.0,691
1536.0,1.0,3.0,691
1537.0,1.0,3.0,691
1538.0,1.0,3.0,691
1539.0,1.0,3.0,691
1540.0,1.0,3.0,691
1541.0,1.0,3.0,691
1542.0,1.0,3.0,691
1543.0,1.0,3.0,691
1544.0,1.0,3.0,691
1545.0,1.0,3.0,691
1546.0,1.0,3.0,691
1547.0,1.0,3.0,691
1548.0,1.0,3.0,691
1549.0,1.0,3.0,691
1550.0,1.0,3.0,691
1551.0,1.0,3.0,691
1552.0,1.0,3.0,691
1553.0,1.0,3.0,691
1554.0,1.0,3.0,691
1555.0,1.0,3.0,691
1556.0,1.0,3.0,691
1557.0,1.0,3.0,691
1558.0,1.0,3.0,691
1559.0,1.0,3.0,691
1560.0,1.0,3.0,691
1561.0,1.0,3.0,691
1562.0,1.0,3.0,691
1563.0,1.0,3.0,691
1564.0,1.0,3.0,691
1565.0,1.0,3.0,691
1566.0,1.0,3.0,691
1567.0,1.0,3.0,691
1568.0,1.0,3.0,691
1569.0,1.0,3.0,691
1570.0,1.0,3.0,691
1571.0,1.0,3.0,691
1572.0,1.0,3.0,691
1573.0,1.0,3.0,691
1574.0,1.0,3.0,691
1575.0,1.0,3.0,691
1576.0,1.0,3.0,691
1577.0,1.0,3.0,691
1578.0,1.0,3.0,691
1579.0,1.0,3.0,691
1580.0,1.0,3.0,691
1581.0,1.0,3.0,691
1582.0,1.0,3.0,691
1583.0,1.0,3.0,691
1584.0,1.0,3.0,691
1585.0,1.0,3.0,691
1586.0,1.0,3.0,691
1587.0,1.0,3.0,691
1588.0,1.0,3.0,691
1589.0,1.0,3.0,691
1590.0,1.0,3.0,691
1591.0,1.0,3.0,691
1592.0,1.0,3.0,691
1593.0,1.0,3.0,691
1594.0,1.0,3.0,691
1595.0,1.0,3.0,691
1596.0,1.0,3.0,691
1597.0,1.0,3.0,691
1598.0,1.0,3.0,691
1599.0,1.0,3.0,691
1600.0,1.0,3.0,691
1601.0,1.0,3.0,691
1602.0,1.0,3.0,691
1603.0,1.0,3.0,691
1604.0,1.0,3.0,691
1605.0,1.0,3.0,691
1606.0,1.0,3.0,691
1607.0,1.0,3.0,691
1608.0,1.0,3.0,691
1609.0,1.0,3.0,691
1610.0,1.0,3.0,691
1611.0,1.0,3.0,691
1612.0,1.0,3.0,691
1613.0,1.0,3.0,691
1614.0,1.0,3.0,691
1615.0,1.0,3.0,691
1616.0,1.0,3.0,691
1617.0,1.0,3.0,691
1618.0,1.0,3.0,691
1619.0,1.0,3.0,691
1620.0,1.0,3.0,691
1621.0,1.0,3.0,691
1622.0,1.0,3.0,691
1623.0,1.0,3.0,691
1624.0,1.0,3.0,691
1625.0,1.0,3.0,691
1626.0,1.0,3.0,691
1627.0,1.0,3.0,691
1628.0,1.0,3.0,691
1629.0,1.0,3.0,691
1630.0,1.0,3.0,691
1631.0,1.0,3.0,691
1632.0,1.0,3.0,691
1633.0,1.0,3.0,691
1634.0,1.0,3.0,691
1635.0,1.0,3.0,691
1636.0,1.0,3.0,691
1637.0,1.0,3.0,691
1638.0,1.0,3.0,691
1639.0,1.0,3.0,691
1640.0,1.0,3.0,691
1641.0,1.0,3.0,691
1642.0,1.0,3.0,691
1643.0,1.0,3.0,691
1644.0,1.0,3.0,691
1645.0,1.0,3.0,691
1646.0,1.0,3.0,691
1647.0,1.0,3.0,691
1648.0,1.0,3.0,691
1649.0,1.0,3.0,691
1650.0,1.0,3.0,691
1651.0,1.0,3.0,691
1652.0,1.0,3.0,691
1653.0,1.0,3.0,691
1654.0,1.0,3.0,691
1655.0,1.0,3.0,691
1656.0,1.0,3.0,691
1657.0,1.0,3.0,691
1658.0,1.0,3.0,691
1659.0,1.0,3.0,691
1660.0,1.0,3.0,691
1661.0,1.0,3.0,691
1662.0,1.0,3.0,691
1663.0,1.0,3.0,691
1664.0,1.0,3.0,691
1665.0,1.0,3.0,691
1666.0,1.0,3.0,691
1667.0,1.0,3.0,691
1668.0,1.0,3.0,691
1669.0,1.0,3.0,691
1670.0,1.0,3.0,691
1671.0,1.0,3.0,691
1672.0,1.0,3.0,691
1673.0,1.0,3.0,691
1674.0,1.0,3.0,691
1675.0,1.0,3.0,691
1676.0,1.0,3.0,691
1677.0,1.0,3.0,691
1678.0,1.0,3.0,691
1679.0,1.0,3.0,691
1680.0,1.0,3.0,691
1681.0,1.0,3.0,691
1682.0,1.0,3.0,691
1683.0,1.0,3.0,691
1684.0,1.0,3.0,691
1685.0,1.0,3.0,691
1686.0,1.0,3.0,691
1687.0,1.0,3.0,691
1688.0,1.0,3.0,691
1689.0,1.0,3.0,691
1690.0,1.0,3.0,691
1691.0,1.0,3.0,691
1692.0,1.0,3.0,691
1693.0,1.0,3.0,691
1694.0,1.0,3.0,691
1695.0,1.0,3.0,691
1696.0,1.0,3.0,691
1697.0,1.0,3.0,691
1698.0,1.0,3.0,691
1699.0,1.0,3.0,691
1700.0,1.0,3.0,691
1701.0,1.0,3.0,691
1702.0,1.0,3.0,691
1703.0,1.0,3.0,691
1704.0,1.0,3.0,691
1705.0,1.0,3.0,691
1706.0,1.0,3.0,691
1707.0,1.0,3.0,691
1708.0,1.0,3.0,691
1709.0,1.0,3.0,691
1710.0,1.0,3.0,691
1711.0,1.0,3.0,691
1712.0,1.0,3.0,691
1713.0,1.0,3.0,691
1714.0,1.0,3.0,691
1715.0,1.0,3.0,691
1716.0,1.0,3.0,691
1717.0,1.0,3.0,691
1718.0,1.0,3.0,691
1719.0,1.0,3.0,691
1720.0,1.0,3.0,691
1721.0,1.0,3.0,691
1722.0,1.0,3.0,691
1723.0,1.0,3.0,691
1724.0,1.0,3.0,691
1725.0,1.0,3.0,691
1726.0,1.0,3.0,691
1727.0,1.0,3.0,691
1728.0,1.0,3.0,691
1729.0,1.0,3.0,691
1730.0,1.0,3.0,691
1731.0,1.0,3.0,691
1732.0,1.0,3.0,691
1733.0,1.0,3.0,691
1734.0,1.0,3.0,691
1735.0,1.0,3.0,691
1736.0,1.0,3.0,691
1737.0,1.0,3.0,691
1738.0,1.0,3.0,691
1739.0,1.0,3.0,691
1740.0,1.0,3.0,691
1741.0,1.0,3.0,691
1742.0,1.0,3.0,691
1743.0,1.0,3.0,691
1744.0,1.0,3.0,691
1745.0,1.0,3.0,691
1746.0,1.0,3.0,691
1747.0,1.0,3.0,691
1748.0,1.0,3.0,691
1749.0,1.0,3.0,691
1750.0,1.0,3.0,691
1751.0,1.0,3.0,691
1752.0,1.0,3.0,691
1753.0,1.0,3.0,691
1754.0,1.0,3.0,691
1755.0,1.0,3.0,691
1756.0,1.0,3.0,691
1757.0,1.0,3.0,691
1758.0,1.0,3.0,691
1759.0,1.0,3.0,691
1760.0,1.0,3.0,691
1761.0,1.0,3.0,691
1762.0,1.0,3.0,691
1763.0,1.0,3.0,691
1764.0,1.0,3.0,691
1765.0,1.0,3.0,691
1766.0,1.0,3.0,691
1767.0,1.0,3.0,691
1768.0,1.0,3.0,691
1769.0,1.0,3.0,691
1770.0,1.0,3.0,691
1771.0,1.0,3.0,691
1772.0,1.0,3.0,691
1773.0,1.0,3.0,691
1774.0,1.0,3.0,691
1775.0,1.0,3.0,691
1776.0,1.0,3.0,691
1777.0,1.0,3.0,691
1778.0,1.0,3.0,691
1779.0,1.0,3.0,691
1780.0,1.0,3.0,691
1781.0,1.0,3.0,691
1782.0,1.0,3.0,691
1783.0,1.0,3.0,691
1784.0,1.0,3.0,691
1785.0,1.0,3.0,691
1786.0,1.0,3.0,691
1787.0,1.0,3.0,691
1788.0,1.0,3.0,691
1789.0,1.0,3.0,691
1790.0,1.0,3.0,691
1791.0,1.0,3.0,691
1792.0,1.0,3.0,691
1793.0,1.0,3.0,691
1794.0,1.0,3.0,691
1795.0,1.0,3.0,691
1796.0,1.0,3.0,691
1797.0,1.0,3.0,691
1798.0,1.0,3.0,691
1799.0,1.0,3.0,691
1800.0,1.0,3.0,691
1801.0,1.0,3.0,691
1802.0,1.0,3.0,691
1803.0,1.0,3.0,691
1804.0,1.0,3.0,691
1805.0,1.0,3.0,691
1806.0,1.0,3.0,691
1807.0,1.0,3.0,691
1808.0,1.0,3.0,691
1809.0,1.0,3.0,691
1810.0,1.0,3.0,691
1811.0,1.0,3.0,691
1812.0,1.0,3.0,691
1813.0,1.0,3.0,691
1814.0,1.0,3.0,691
1815.0,1.0,3.0,691
1816.0,1.0,3.0,691
1817.0,1.0,3.0,691
1818.0,1.0,3.0,691
1819.0,1.0,3.0,691
1820.0,1.0,3.0,691
1821.0,1.0,3.0,691
1822.0,1.0,3.0,691
1823.0,1.0,3.0,691
1824.0,1.0,3.0,691
1825.0,1.0,3.0,691
1826.0,1.0,3.0,691
1827.0,1.0,3.0,691
1828.0,1.0,3.0,691
1829.0,1.0,3.0,691
1830.0,1.0,3.0,691
1831.0,1.0,3.0,691
1832.0,1.0,3.0,691
1833.0,1.0,3.0,691
1834.0,1.0,3.0,691
1835.0,1.0,3.0,691
1836.0,1.0,3.0,691
1837.0,1.0,3.0,691
1838.0,1.0,3.0,691
1839.0,1.0,3.0,691
1840.0,1.0,3.0,691
1841.0,1.0,3.0,691
1842.0,1.0,3.0,691
1843.0,1.0,3.0,691
1844.0,1.0,3.0,691
1845.0,1.0,3.0,691
1846.0,1.0,3.0,691
1847.0,1.0,3.0,691
1848.0,1.0,3.0,691
1849.0,1.0,3.0,691
1850.0,1.0,3.0,691
1851.0,1.0,3.0,691
1852.0,1.0,3.0,691
1853.0,1.0,3.0,691
1854.0,1.0,3.0,691
1855.0,1.0,3.0,691
1856.0,1.0,3.0,691
1857.0,1.0,3.0,691
1858.0,1.0,3.0,691
1859.0,1.0,3.0,691
1860.0,1.0,3.0,691
1861.0,1.0,3.0,691
1862.0,1.0,3.0,691
1863.0,1.0,3.0,691
1864.0,1.0,3.0,691
1865.0,1.0,3.0,691
1866.0,1.0,3.0,691
1867.0,1.0,3.0,691
1868.0,1.0,3.0,691
1869.0,1.0,3.0,691
1870.0,1.0,3.0,691
1871.0,1.0,3.0,691
1872.0,1.0,3.0,691
1873.0,1.0,3.0,691
1874.0,1.0,3.0,691
1875.0,1.0,3.0,691
1876.0,1.0,3.0,691
1877.0,1.0,3.0,691
1878.0,1.0,3.0,691
1879.0,1.0,3.0,691
1880.0,1.0,3.0,691
1881.0,1.0,3.0,691
1882.0,1.0,3.0,691
1883.0,1.0,3.0,691
1884.0,1.0,3.0,691
1885.0,1.0,3.0,691
1886.0,1.0,3.0,691
1887.0,1.0,3.0,691
1888.0,1.0,3.0,691
1889.0,1.0,3.0,691
1890.0,1.0,3.0,691
1891.0,1.0,3.0,691
1892.0,1.0,3.0,691
1893.0,1.0,3.0,691
1894.0,1.0,3.0,691
1895.0,1.0,3.0,691
1896.0,1.0,3.0,691
1897.0,1.0,3.0,691
1898.0,1.0,3.0,691
1899.0,1.0,3.0,691
1900.0,1.0,3.0,691
1901.0,1.0,3.0,691
1902.0,1.0,3.0,691
1903.0,1.0,3.0,691
1904.0,1.0,3.0,691
1905.0,1.0,3.0,691
1906.0,1.0,3.0,691
1907.0,1.0,3.0,691
1908.0,1.0,3.0,691
1909.0,1.0,3.0,691
1910.0,1.0,3.0,691
1911.0,1.0,3.0,691
1912.0,1.0,3.0,691
1913.0,1.0,3.0,691
1914.0,1.0,3.0,691
1915.0,1.0,3.0,691
1916.0,1.0,3.0,691
1917.0,1.0,3.0,691
1918.0,1.0,3.0,691
1919.0,1.0,3.0,691
1920.0,1.0,3.0,691
1921.0,1.0,3.0,691
1922.0,1.0,3.0,691
1923.0,1.0,3.0,691
1924.0,1.0,3.0,691
1925.0,1.0,3.0,691
1926.0,1.0,3.0,691
1927.0,1.0,3.0,691
1928.0,1.0,3.0,691
1929.0,1.0,3.0,691
1930.0,1.0,3.0,691
1931.0,1.0,3.0,691
1932.0,1.0,3.0,691
1933.0,1.0,3.0,691
1934.0,1.0,3.0,691
1935.0,1.0,3.0,691
1936.0,1.0,3.0,691
1937.0,1.0,3.0,691
1938.0,1.0,3.0,691
1939.0,1.0,3.0,691
1940.0,1.0,3.0,691
1941.0,1.0,3.0,691
1942.0,1.0,3.0,691
1943.0,1.0,3.0,691
1944.0,1.0,3.0,691
1945.0,1.0,3.0,691
1946.0,1.0,3.0,691
1947.0,1.0,3.0,691
1948.0,1.0,3.0,691
1949.0,1.0,3.0,691
1950.0,1.0,3.0,691
1951.0,1.0,3.0,691
1952.0,1.0,3.0,691
1953.0,1.0,3.0,691
1954.0,1.0,3.0,691
1955.0,1.0,3.0,691
1956.0,1.0,3.0,691
1957.0,1.0,3.0,691
1958.0,1.0,3.0,691
1959.0,1.0,3.0,691
1960.0,1.0,3.0,691
1961.0,1.0,3.0,691
1962.0,1.0,3.0,691
1963.0,1.0,3.0,691
1964.0,1.0,3.0,691
1965.0,1.0,3.0,691
1966.0,1.0,3.0,691
1967.0,1.0,3.0,691
1968.0,1.0,3.0,691
1969.0,1.0,3.0,691
1970.0,1.0,3.0,691
1971.0,1.0,3.0,691
1972.0,1.0,3.0,691
1973.0,1.0,3.0,691
1974.0,1.0,3.0,691
1975.0,1.0,3.0,691
1976.0,1.0,3.0,691
1977.0,1.0,3.0,691
1978.0,1.0,3.0,691
1979.0,1.0,3.0,691
1980.0,1.0,3.0,691
1981.0,1.0,3.0,691
1982.0,1.0,3.0,691
1983.0,1.0,3.0,691
1984.0,1.0,3.0,691
1985.0,1.0,3.0,691
1986.0,1.0,3.0,691
1987.0,1.0,3.0,691
1988.0,1.0,3.0,691
1989.0,1.0,3.0,691
1990.0,1.0,3.0,691
1991.0,1.0,3.0,691
1992.0,1.0,3.0,691
1993.0,1.0,3.0,691
1994.0,1.0,3.0,691
1995.0,1.0,3.0,691
1996.0,1.0,3.0,691
1997.0,1.0,3.0,691
1998.0,1.0,3.0,691
1999.0,1.0,3.0,691
2000.0,1.0,3.0,691
2001.0,1.0,3.0,691
2002.0,1.0,3.0,691
2003.0,1.0,3.0,691
2004.0,1.0,3.0,691
2005.0,1.0,3.0,691
2006.0,1.0,3.0,691
2007.0,1.0,3.0,691
2008.0,1.0,3.0,691
2009.0,1.0,3.0,691
2010.0,1.0,3.0,691
2011.0,1.0,3.0,691
2012.0,1.0,3.0,691
2013.0,1.0,3.0,691
2014.0,1.0,3.0,691
2015.0,1.0,3.0,691
2016.0,1.0,3.0,691
2017.0,1.0,3.0,691
2018.0,1.0,3.0,691
2019.0,1.0,3.0,691
2020.0,1.0,3.0,691
2021.0,1.0,3.0,691
2022.0,1.0,3.0,691
2023.0,1.0,3.0,691
2024.0,1.0,3.0,691
2025.0,1.0,3.0,691
2026.0,1.0,3.0,691
2027.0,1.0,3.0,691
2028.0,1.0,3.0,691
2029.0,1.0,3.0,691
2030.0,1.0,3.0,691
2031.0,1.0,3.0,691
2032.0,1.0,3.0,691
2033.0,1.0,3.0,691
2034.0,1.0,3.0,691
2035.0,1.0,3.0,691
2036.0,1.0,3.0,691
2037.0,1.0,3.0,691
2038.0,1.0,3.0,691
2039.0,1.0,3.0,691
2040.0,1.0,3.0,691
2041.0,1.0,3.0,691
2042.0,1.0,3.0,691
2043.0,1.0,3.0,691
2044.0,1.0,3.0,691
2045.0,1.0,3.0,691
2046.0,1.0,3.0,691
2047.0,1.0,3.0,691
2048.0,1.0,3.0,691
2049.0,1.0,3.0,691
2050.0,1.0,3.0,691
2051.0,1.0,3.0,691
2052.0,1.0,3.0,691
2053.0,1.0,3.0,691
2054.0,1.0,3.0,691
2055.0,1.0,3.0,691
2056.0,1.0,3.0,691
2057.0,1.0,3.0,691
2058.0,1.0,3.0,691
2059.0,1.0,3.0,691
2060.0,1.0,3.0,691
2061.0,1.0,3.0,691
2062.0,1.0,3.0,691
2063.0,1.0,3.0,691
2064.0,1.0,3.0,691
2065.0,1.0,3.0,691
2066.0,1.0,3.0,691
2067.0,1.0,3.0,691
2068.0,1.0,3.0,691
2069.0,1.0,3.0,691
2070.0,1.0,3.0,691
2071.0,1.0,3.0,691
2072.0,1.0,3.0,691
2073.0,1.0,3.0,691
2074.0,1.0,3.0,691
2075.0,1.0,3.0,691
2076.0,1.0,3.0,691
2077.0,1.0,3.0,691
2078.0,1.0,3.0,691
2079.0,1.0,3.0,691
2080.0,1.0,3.0,691
2081.0,1.0,3.0,691
2082.0,1.0,3.0,691
2083.0,1.0,3.0,691
2084.0,1.0,3.0,691
2085.0,1.0,3.0,691
2086.0,1.0,3.0,691
2087.0,1.0,3.0,691
2088.0,1.0,3.0,691
2089.0,1.0,3.0,691
2090.0,1.0,3.0,691
2091.0,1.0,3.0,691
2092.0,1.0,3.0,691
2093.0,1.0,3.0,691
2094.0,1.0,3.0,691
2095.0,1.0,3.0,691
2096.0,1.0,3.0,691
2097.0,1.0,3.0,691
2098.0,1.0,3.0,691
2099.0,1.0,3.0,691
2100.0,1.0,3.0,691
2101.0,1.0,3.0,691
2102.0,1.0,3.0,691
2103.0,1.0,3.0,691
2104.0,1.0,3.0,691
2105.0,1.0,3.0,691
2106.0,1.0,3.0,691
2107.0,1.0,3.0,691
2108.0,1.0,3.0,691
2109.0,1.0,3.0,691
2110.0,1.0,3.0,691
2111.0,1.0,3.0,691
2112.0,1.0,3.0,691
2113.0,1.0,3.0,691
2114.0,1.0,3.0,691
2115.0,1.0,3.0,691
2116.0,1.0,3.0,691
2117.0,1.0,3.0,691
2118.0,1.0,3.0,691
2119.0,1.0,3.0,691
2120.0,1.0,3.0,691
2121.0,1.0,3.0,691
2122.0,1.0,3.0,691
2123.0,1.0,3.0,691
2124.0,1.0,3.0,691
2125.0,1.0,3.0,691
2126.0,1.0,3.0,691
2127.0,1.0,3.0,691
2128.0,1.0,3.0,691
2129.0,1.0,3.0,691
2130.0,1.0,3.0,691
2131.0,1.0,3.0,691
2132.0,1.0,3.0,691
2133.0,1.0,3.0,691
2134.0,1.0,3.0,691
2135.0,1.0,3.0,691
2136.0,1.0,3.0,691
2137.0,1.0,3.0,691
2138.0,1.0,3.0,691
2139.0,1.0,3.0,691
2140.0,1.0,3.0,691
2141.0,1.0,3.0,691
2142.0,1.0,3.0,691
2143.0,1.0,3.0,691
2144.0,1.0,3.0,691
2145.0,1.0,3.0,691
2146.0,1.0,3.0,691
2147.0,1.0,3.0,691
2148.0,1.0,3.0,691
2149.0,1.0,3.0,691
2150.0,1.0,3.0,691
2151.0,1.0,3.0,691
2152.0,1.0,3.0,691
2153.0,1.0,3.0,691
