Timestamp: 23-Oct-2014 20:54:18
MaxDeathAge: 100
MaxInitialSugar: 25
MaxMetabolism: 4
MaxVision: 6
MinDeathAge: 60
MinInitialSugar: 5
NumAgents: 2250
Replacement: true


"tick","Avg. Metabolism","Avg. Vision","AgentCount"
1.0,2.0,3.0,2250
2.0,2.0,3.0,2250
3.0,2.0,3.0,2205
4.0,2.0,3.0,2089
5.0,2.0,3.0,1952
6.0,2.0,3.0,1810
7.0,2.0,3.0,1659
8.0,1.0,3.0,1494
9.0,1.0,3.0,1366
10.0,1.0,3.0,1247
11.0,1.0,3.0,1176
12.0,1.0,3.0,1121
13.0,1.0,3.0,1086
14.0,1.0,3.0,1050
15.0,1.0,3.0,1020
16.0,1.0,3.0,984
17.0,1.0,3.0,960
18.0,1.0,3.0,944
19.0,1.0,3.0,929
20.0,1.0,3.0,921
21.0,1.0,3.0,910
22.0,1.0,3.0,902
23.0,1.0,3.0,896
24.0,1.0,3.0,889
25.0,1.0,3.0,879
26.0,1.0,3.0,875
27.0,1.0,3.0,873
28.0,1.0,3.0,870
29.0,1.0,3.0,868
30.0,1.0,3.0,864
31.0,1.0,3.0,861
32.0,1.0,3.0,858
33.0,1.0,3.0,855
34.0,1.0,3.0,852
35.0,1.0,3.0,850
36.0,1.0,3.0,845
37.0,1.0,3.0,842
38.0,1.0,3.0,836
39.0,1.0,3.0,832
40.0,1.0,3.0,832
41.0,1.0,3.0,830
42.0,1.0,3.0,826
43.0,1.0,3.0,824
44.0,1.0,3.0,821
45.0,1.0,3.0,817
46.0,1.0,3.0,813
47.0,1.0,3.0,813
48.0,1.0,3.0,812
49.0,1.0,3.0,812
50.0,1.0,3.0,811
51.0,1.0,3.0,810
52.0,1.0,3.0,809
53.0,1.0,3.0,809
54.0,1.0,3.0,808
55.0,1.0,3.0,807
56.0,1.0,3.0,806
57.0,1.0,3.0,804
58.0,1.0,3.0,801
59.0,1.0,3.0,799
60.0,1.0,3.0,796
61.0,1.0,3.0,796
62.0,1.0,3.0,794
63.0,1.0,3.0,794
64.0,1.0,3.0,793
65.0,1.0,3.0,791
66.0,1.0,3.0,790
67.0,1.0,3.0,788
68.0,1.0,3.0,787
69.0,1.0,3.0,785
70.0,1.0,3.0,784
71.0,1.0,3.0,783
72.0,1.0,3.0,783
73.0,1.0,3.0,783
74.0,1.0,3.0,783
75.0,1.0,3.0,783
76.0,1.0,3.0,783
77.0,1.0,3.0,783
78.0,1.0,3.0,782
79.0,1.0,3.0,782
80.0,1.0,3.0,781
81.0,1.0,3.0,780
82.0,1.0,3.0,780
83.0,1.0,3.0,779
84.0,1.0,3.0,779
85.0,1.0,3.0,778
86.0,1.0,3.0,777
87.0,1.0,3.0,777
88.0,1.0,3.0,777
89.0,1.0,3.0,777
90.0,1.0,3.0,776
91.0,1.0,3.0,776
92.0,1.0,3.0,776
93.0,1.0,3.0,776
94.0,1.0,3.0,776
95.0,1.0,3.0,776
96.0,1.0,3.0,776
97.0,1.0,3.0,775
98.0,1.0,3.0,775
99.0,1.0,3.0,775
100.0,1.0,3.0,775
101.0,1.0,3.0,775
102.0,1.0,3.0,775
103.0,1.0,3.0,775
104.0,1.0,3.0,774
105.0,1.0,3.0,774
106.0,1.0,3.0,774
107.0,1.0,3.0,774
108.0,1.0,3.0,773
109.0,1.0,3.0,773
110.0,1.0,3.0,773
111.0,1.0,3.0,773
112.0,1.0,3.0,773
113.0,1.0,3.0,773
114.0,1.0,3.0,773
115.0,1.0,3.0,773
116.0,1.0,3.0,772
117.0,1.0,3.0,772
118.0,1.0,3.0,771
119.0,1.0,3.0,771
120.0,1.0,3.0,771
121.0,1.0,3.0,771
122.0,1.0,3.0,771
123.0,1.0,3.0,771
124.0,1.0,3.0,771
125.0,1.0,3.0,771
126.0,1.0,3.0,771
127.0,1.0,3.0,771
128.0,1.0,3.0,771
129.0,1.0,3.0,771
130.0,1.0,3.0,771
131.0,1.0,3.0,771
132.0,1.0,3.0,771
133.0,1.0,3.0,771
134.0,1.0,3.0,771
135.0,1.0,3.0,770
136.0,1.0,3.0,770
137.0,1.0,3.0,770
138.0,1.0,3.0,770
139.0,1.0,3.0,770
140.0,1.0,3.0,770
141.0,1.0,3.0,770
142.0,1.0,3.0,770
143.0,1.0,3.0,770
144.0,1.0,3.0,770
145.0,1.0,3.0,770
146.0,1.0,3.0,770
147.0,1.0,3.0,770
148.0,1.0,3.0,770
149.0,1.0,3.0,769
150.0,1.0,3.0,769
151.0,1.0,3.0,768
152.0,1.0,3.0,767
153.0,1.0,3.0,767
154.0,1.0,3.0,767
155.0,1.0,3.0,767
156.0,1.0,3.0,767
157.0,1.0,3.0,767
158.0,1.0,3.0,767
159.0,1.0,3.0,767
160.0,1.0,3.0,766
161.0,1.0,3.0,766
162.0,1.0,3.0,766
163.0,1.0,3.0,765
164.0,1.0,3.0,765
165.0,1.0,3.0,765
166.0,1.0,3.0,764
167.0,1.0,3.0,764
168.0,1.0,3.0,764
169.0,1.0,3.0,764
170.0,1.0,3.0,764
171.0,1.0,3.0,763
172.0,1.0,3.0,763
173.0,1.0,3.0,763
174.0,1.0,3.0,763
175.0,1.0,3.0,763
176.0,1.0,3.0,763
177.0,1.0,3.0,763
178.0,1.0,3.0,763
179.0,1.0,3.0,763
180.0,1.0,3.0,763
181.0,1.0,3.0,763
182.0,1.0,3.0,763
183.0,1.0,3.0,763
184.0,1.0,3.0,763
185.0,1.0,3.0,763
186.0,1.0,3.0,763
187.0,1.0,3.0,762
188.0,1.0,3.0,762
189.0,1.0,3.0,761
190.0,1.0,3.0,761
191.0,1.0,3.0,761
192.0,1.0,3.0,761
193.0,1.0,3.0,760
194.0,1.0,3.0,760
195.0,1.0,3.0,760
196.0,1.0,3.0,760
197.0,1.0,3.0,760
198.0,1.0,3.0,760
199.0,1.0,3.0,760
200.0,1.0,3.0,760
201.0,1.0,3.0,760
202.0,1.0,3.0,760
203.0,1.0,3.0,760
204.0,1.0,3.0,760
205.0,1.0,3.0,760
206.0,1.0,3.0,760
207.0,1.0,3.0,760
208.0,1.0,3.0,760
209.0,1.0,3.0,760
210.0,1.0,3.0,760
211.0,1.0,3.0,760
212.0,1.0,3.0,760
213.0,1.0,3.0,760
214.0,1.0,3.0,760
215.0,1.0,3.0,760
216.0,1.0,3.0,760
217.0,1.0,3.0,759
218.0,1.0,3.0,759
219.0,1.0,3.0,759
220.0,1.0,3.0,758
221.0,1.0,3.0,758
222.0,1.0,3.0,758
223.0,1.0,3.0,758
224.0,1.0,3.0,758
225.0,1.0,3.0,758
226.0,1.0,3.0,758
227.0,1.0,3.0,758
228.0,1.0,3.0,758
229.0,1.0,3.0,758
230.0,1.0,3.0,758
231.0,1.0,3.0,758
232.0,1.0,3.0,758
233.0,1.0,3.0,758
234.0,1.0,3.0,758
235.0,1.0,3.0,758
236.0,1.0,3.0,758
237.0,1.0,3.0,758
238.0,1.0,3.0,758
239.0,1.0,3.0,758
240.0,1.0,3.0,758
241.0,1.0,3.0,758
242.0,1.0,3.0,757
243.0,1.0,3.0,757
244.0,1.0,3.0,757
245.0,1.0,3.0,757
246.0,1.0,3.0,757
247.0,1.0,3.0,757
248.0,1.0,3.0,756
249.0,1.0,3.0,756
250.0,1.0,3.0,756
251.0,1.0,3.0,756
252.0,1.0,3.0,756
253.0,1.0,3.0,756
254.0,1.0,3.0,756
255.0,1.0,3.0,756
256.0,1.0,3.0,756
257.0,1.0,3.0,756
258.0,1.0,3.0,756
259.0,1.0,3.0,756
260.0,1.0,3.0,755
261.0,1.0,3.0,755
262.0,1.0,3.0,755
263.0,1.0,3.0,755
264.0,1.0,3.0,755
265.0,1.0,3.0,755
266.0,1.0,3.0,755
267.0,1.0,3.0,755
268.0,1.0,3.0,755
269.0,1.0,3.0,755
270.0,1.0,3.0,755
271.0,1.0,3.0,755
272.0,1.0,3.0,755
273.0,1.0,3.0,755
274.0,1.0,3.0,755
275.0,1.0,3.0,755
276.0,1.0,3.0,755
277.0,1.0,3.0,755
278.0,1.0,3.0,755
279.0,1.0,3.0,755
280.0,1.0,3.0,754
281.0,1.0,3.0,754
282.0,1.0,3.0,754
283.0,1.0,3.0,754
284.0,1.0,3.0,754
285.0,1.0,3.0,754
286.0,1.0,3.0,754
287.0,1.0,3.0,754
288.0,1.0,3.0,753
289.0,1.0,3.0,753
290.0,1.0,3.0,753
291.0,1.0,3.0,753
292.0,1.0,3.0,753
293.0,1.0,3.0,753
294.0,1.0,3.0,753
295.0,1.0,3.0,753
296.0,1.0,3.0,753
297.0,1.0,3.0,753
298.0,1.0,3.0,753
299.0,1.0,3.0,753
300.0,1.0,3.0,753
301.0,1.0,3.0,753
302.0,1.0,3.0,753
303.0,1.0,3.0,753
304.0,1.0,3.0,753
305.0,1.0,3.0,753
306.0,1.0,3.0,753
307.0,1.0,3.0,753
308.0,1.0,3.0,752
309.0,1.0,3.0,752
310.0,1.0,3.0,752
311.0,1.0,3.0,752
312.0,1.0,3.0,752
313.0,1.0,3.0,752
314.0,1.0,3.0,752
315.0,1.0,3.0,752
316.0,1.0,3.0,752
317.0,1.0,3.0,752
318.0,1.0,3.0,752
319.0,1.0,3.0,752
320.0,1.0,3.0,752
321.0,1.0,3.0,752
322.0,1.0,3.0,752
323.0,1.0,3.0,752
324.0,1.0,3.0,752
325.0,1.0,3.0,752
326.0,1.0,3.0,752
327.0,1.0,3.0,752
328.0,1.0,3.0,752
329.0,1.0,3.0,752
330.0,1.0,3.0,752
331.0,1.0,3.0,752
332.0,1.0,3.0,752
333.0,1.0,3.0,752
334.0,1.0,3.0,752
335.0,1.0,3.0,752
336.0,1.0,3.0,752
337.0,1.0,3.0,752
338.0,1.0,3.0,752
339.0,1.0,3.0,752
340.0,1.0,3.0,752
341.0,1.0,3.0,751
342.0,1.0,3.0,751
343.0,1.0,3.0,751
344.0,1.0,3.0,751
345.0,1.0,3.0,751
346.0,1.0,3.0,751
347.0,1.0,3.0,751
348.0,1.0,3.0,751
349.0,1.0,3.0,751
350.0,1.0,3.0,751
351.0,1.0,3.0,750
352.0,1.0,3.0,750
353.0,1.0,3.0,750
354.0,1.0,3.0,750
355.0,1.0,3.0,750
356.0,1.0,3.0,750
357.0,1.0,3.0,750
358.0,1.0,3.0,750
359.0,1.0,3.0,750
360.0,1.0,3.0,750
361.0,1.0,3.0,750
362.0,1.0,3.0,750
363.0,1.0,3.0,750
364.0,1.0,3.0,750
365.0,1.0,3.0,750
366.0,1.0,3.0,750
367.0,1.0,3.0,750
368.0,1.0,3.0,750
369.0,1.0,3.0,750
370.0,1.0,3.0,750
371.0,1.0,3.0,750
372.0,1.0,3.0,750
373.0,1.0,3.0,750
374.0,1.0,3.0,750
375.0,1.0,3.0,750
376.0,1.0,3.0,750
377.0,1.0,3.0,750
378.0,1.0,3.0,750
379.0,1.0,3.0,750
380.0,1.0,3.0,750
381.0,1.0,3.0,750
382.0,1.0,3.0,750
383.0,1.0,3.0,750
384.0,1.0,3.0,750
385.0,1.0,3.0,750
386.0,1.0,3.0,750
387.0,1.0,3.0,750
388.0,1.0,3.0,750
389.0,1.0,3.0,750
390.0,1.0,3.0,750
391.0,1.0,3.0,750
392.0,1.0,3.0,750
393.0,1.0,3.0,750
394.0,1.0,3.0,750
395.0,1.0,3.0,750
396.0,1.0,3.0,750
397.0,1.0,3.0,750
398.0,1.0,3.0,750
399.0,1.0,3.0,750
400.0,1.0,3.0,750
401.0,1.0,3.0,750
402.0,1.0,3.0,750
403.0,1.0,3.0,750
404.0,1.0,3.0,750
405.0,1.0,3.0,750
406.0,1.0,3.0,750
407.0,1.0,3.0,750
408.0,1.0,3.0,750
409.0,1.0,3.0,750
410.0,1.0,3.0,750
411.0,1.0,3.0,750
412.0,1.0,3.0,750
413.0,1.0,3.0,750
414.0,1.0,3.0,750
415.0,1.0,3.0,750
416.0,1.0,3.0,750
417.0,1.0,3.0,750
418.0,1.0,3.0,750
419.0,1.0,3.0,750
420.0,1.0,3.0,750
421.0,1.0,3.0,750
422.0,1.0,3.0,750
423.0,1.0,3.0,750
424.0,1.0,3.0,750
425.0,1.0,3.0,750
426.0,1.0,3.0,750
427.0,1.0,3.0,750
428.0,1.0,3.0,750
429.0,1.0,3.0,750
430.0,1.0,3.0,750
431.0,1.0,3.0,750
432.0,1.0,3.0,750
433.0,1.0,3.0,750
434.0,1.0,3.0,750
435.0,1.0,3.0,750
436.0,1.0,3.0,750
437.0,1.0,3.0,750
438.0,1.0,3.0,750
439.0,1.0,3.0,750
440.0,1.0,3.0,750
441.0,1.0,3.0,750
442.0,1.0,3.0,750
443.0,1.0,3.0,750
444.0,1.0,3.0,750
445.0,1.0,3.0,750
446.0,1.0,3.0,750
447.0,1.0,3.0,750
448.0,1.0,3.0,750
449.0,1.0,3.0,749
450.0,1.0,3.0,749
451.0,1.0,3.0,749
452.0,1.0,3.0,749
453.0,1.0,3.0,749
454.0,1.0,3.0,749
455.0,1.0,3.0,749
456.0,1.0,3.0,749
457.0,1.0,3.0,748
458.0,1.0,3.0,748
459.0,1.0,3.0,748
460.0,1.0,3.0,748
461.0,1.0,3.0,748
462.0,1.0,3.0,748
463.0,1.0,3.0,748
464.0,1.0,3.0,748
465.0,1.0,3.0,748
466.0,1.0,3.0,748
467.0,1.0,3.0,748
468.0,1.0,3.0,748
469.0,1.0,3.0,748
470.0,1.0,3.0,748
471.0,1.0,3.0,748
472.0,1.0,3.0,748
473.0,1.0,3.0,748
474.0,1.0,3.0,748
475.0,1.0,3.0,748
476.0,1.0,3.0,747
477.0,1.0,3.0,747
478.0,1.0,3.0,747
479.0,1.0,3.0,747
480.0,1.0,3.0,747
481.0,1.0,3.0,747
482.0,1.0,3.0,747
483.0,1.0,3.0,747
484.0,1.0,3.0,747
485.0,1.0,3.0,747
486.0,1.0,3.0,747
487.0,1.0,3.0,747
488.0,1.0,3.0,747
489.0,1.0,3.0,747
490.0,1.0,3.0,747
491.0,1.0,3.0,747
492.0,1.0,3.0,747
493.0,1.0,3.0,747
494.0,1.0,3.0,747
495.0,1.0,3.0,747
496.0,1.0,3.0,747
497.0,1.0,3.0,747
498.0,1.0,3.0,747
499.0,1.0,3.0,747
500.0,1.0,3.0,747
501.0,1.0,3.0,747
502.0,1.0,3.0,747
503.0,1.0,3.0,747
504.0,1.0,3.0,747
505.0,1.0,3.0,747
506.0,1.0,3.0,747
507.0,1.0,3.0,747
508.0,1.0,3.0,747
509.0,1.0,3.0,747
510.0,1.0,3.0,747
511.0,1.0,3.0,747
512.0,1.0,3.0,747
513.0,1.0,3.0,747
514.0,1.0,3.0,747
515.0,1.0,3.0,747
516.0,1.0,3.0,747
517.0,1.0,3.0,747
518.0,1.0,3.0,747
519.0,1.0,3.0,747
520.0,1.0,3.0,747
521.0,1.0,3.0,746
522.0,1.0,3.0,746
523.0,1.0,3.0,746
524.0,1.0,3.0,746
525.0,1.0,3.0,746
526.0,1.0,3.0,746
527.0,1.0,3.0,746
528.0,1.0,3.0,746
529.0,1.0,3.0,746
530.0,1.0,3.0,746
531.0,1.0,3.0,746
532.0,1.0,3.0,746
533.0,1.0,3.0,746
534.0,1.0,3.0,746
535.0,1.0,3.0,746
536.0,1.0,3.0,746
537.0,1.0,3.0,746
538.0,1.0,3.0,746
539.0,1.0,3.0,746
540.0,1.0,3.0,746
541.0,1.0,3.0,746
542.0,1.0,3.0,746
543.0,1.0,3.0,746
544.0,1.0,3.0,746
545.0,1.0,3.0,746
546.0,1.0,3.0,746
547.0,1.0,3.0,746
548.0,1.0,3.0,746
549.0,1.0,3.0,746
550.0,1.0,3.0,746
551.0,1.0,3.0,746
552.0,1.0,3.0,746
553.0,1.0,3.0,746
554.0,1.0,3.0,746
555.0,1.0,3.0,746
556.0,1.0,3.0,746
557.0,1.0,3.0,746
558.0,1.0,3.0,746
559.0,1.0,3.0,746
560.0,1.0,3.0,746
561.0,1.0,3.0,746
562.0,1.0,3.0,746
563.0,1.0,3.0,746
564.0,1.0,3.0,746
565.0,1.0,3.0,746
566.0,1.0,3.0,746
567.0,1.0,3.0,746
568.0,1.0,3.0,746
569.0,1.0,3.0,746
570.0,1.0,3.0,746
571.0,1.0,3.0,746
572.0,1.0,3.0,746
573.0,1.0,3.0,746
574.0,1.0,3.0,746
575.0,1.0,3.0,746
576.0,1.0,3.0,746
577.0,1.0,3.0,746
578.0,1.0,3.0,746
579.0,1.0,3.0,746
580.0,1.0,3.0,746
581.0,1.0,3.0,746
582.0,1.0,3.0,746
583.0,1.0,3.0,746
584.0,1.0,3.0,746
585.0,1.0,3.0,746
586.0,1.0,3.0,746
587.0,1.0,3.0,746
588.0,1.0,3.0,746
589.0,1.0,3.0,746
590.0,1.0,3.0,746
591.0,1.0,3.0,746
592.0,1.0,3.0,746
593.0,1.0,3.0,746
594.0,1.0,3.0,746
595.0,1.0,3.0,746
596.0,1.0,3.0,746
597.0,1.0,3.0,746
598.0,1.0,3.0,746
599.0,1.0,3.0,746
600.0,1.0,3.0,746
601.0,1.0,3.0,746
602.0,1.0,3.0,746
603.0,1.0,3.0,746
604.0,1.0,3.0,746
605.0,1.0,3.0,746
606.0,1.0,3.0,746
607.0,1.0,3.0,746
608.0,1.0,3.0,746
609.0,1.0,3.0,746
610.0,1.0,3.0,746
611.0,1.0,3.0,746
612.0,1.0,3.0,746
613.0,1.0,3.0,746
614.0,1.0,3.0,746
615.0,1.0,3.0,746
616.0,1.0,3.0,746
617.0,1.0,3.0,746
618.0,1.0,3.0,746
619.0,1.0,3.0,746
620.0,1.0,3.0,746
621.0,1.0,3.0,746
622.0,1.0,3.0,746
623.0,1.0,3.0,746
624.0,1.0,3.0,746
625.0,1.0,3.0,746
626.0,1.0,3.0,746
627.0,1.0,3.0,746
628.0,1.0,3.0,746
629.0,1.0,3.0,746
630.0,1.0,3.0,746
631.0,1.0,3.0,746
632.0,1.0,3.0,746
633.0,1.0,3.0,746
634.0,1.0,3.0,746
635.0,1.0,3.0,746
636.0,1.0,3.0,746
637.0,1.0,3.0,746
638.0,1.0,3.0,746
639.0,1.0,3.0,746
640.0,1.0,3.0,746
641.0,1.0,3.0,746
642.0,1.0,3.0,746
643.0,1.0,3.0,746
644.0,1.0,3.0,746
645.0,1.0,3.0,746
646.0,1.0,3.0,746
647.0,1.0,3.0,746
648.0,1.0,3.0,746
649.0,1.0,3.0,746
650.0,1.0,3.0,746
651.0,1.0,3.0,746
652.0,1.0,3.0,746
653.0,1.0,3.0,746
654.0,1.0,3.0,746
655.0,1.0,3.0,746
656.0,1.0,3.0,746
657.0,1.0,3.0,746
658.0,1.0,3.0,746
659.0,1.0,3.0,746
660.0,1.0,3.0,746
661.0,1.0,3.0,746
662.0,1.0,3.0,746
663.0,1.0,3.0,746
664.0,1.0,3.0,746
665.0,1.0,3.0,746
666.0,1.0,3.0,746
667.0,1.0,3.0,746
668.0,1.0,3.0,746
669.0,1.0,3.0,746
670.0,1.0,3.0,746
671.0,1.0,3.0,746
672.0,1.0,3.0,746
673.0,1.0,3.0,746
674.0,1.0,3.0,746
675.0,1.0,3.0,746
676.0,1.0,3.0,746
677.0,1.0,3.0,746
678.0,1.0,3.0,746
679.0,1.0,3.0,746
680.0,1.0,3.0,746
681.0,1.0,3.0,746
682.0,1.0,3.0,746
683.0,1.0,3.0,746
684.0,1.0,3.0,746
685.0,1.0,3.0,746
686.0,1.0,3.0,746
687.0,1.0,3.0,746
688.0,1.0,3.0,746
689.0,1.0,3.0,746
690.0,1.0,3.0,746
691.0,1.0,3.0,746
692.0,1.0,3.0,746
693.0,1.0,3.0,746
694.0,1.0,3.0,746
695.0,1.0,3.0,746
696.0,1.0,3.0,746
697.0,1.0,3.0,746
698.0,1.0,3.0,746
699.0,1.0,3.0,746
700.0,1.0,3.0,746
701.0,1.0,3.0,746
702.0,1.0,3.0,746
703.0,1.0,3.0,746
704.0,1.0,3.0,746
705.0,1.0,3.0,746
706.0,1.0,3.0,746
707.0,1.0,3.0,746
708.0,1.0,3.0,746
709.0,1.0,3.0,746
710.0,1.0,3.0,746
711.0,1.0,3.0,746
712.0,1.0,3.0,746
713.0,1.0,3.0,746
714.0,1.0,3.0,746
715.0,1.0,3.0,746
716.0,1.0,3.0,746
717.0,1.0,3.0,746
718.0,1.0,3.0,746
719.0,1.0,3.0,746
720.0,1.0,3.0,746
721.0,1.0,3.0,746
722.0,1.0,3.0,746
723.0,1.0,3.0,746
724.0,1.0,3.0,746
725.0,1.0,3.0,746
726.0,1.0,3.0,746
727.0,1.0,3.0,746
728.0,1.0,3.0,746
729.0,1.0,3.0,746
730.0,1.0,3.0,746
731.0,1.0,3.0,746
732.0,1.0,3.0,746
733.0,1.0,3.0,746
734.0,1.0,3.0,746
735.0,1.0,3.0,746
736.0,1.0,3.0,746
737.0,1.0,3.0,746
738.0,1.0,3.0,746
739.0,1.0,3.0,746
740.0,1.0,3.0,746
741.0,1.0,3.0,745
742.0,1.0,3.0,745
743.0,1.0,3.0,745
744.0,1.0,3.0,745
745.0,1.0,3.0,745
746.0,1.0,3.0,745
747.0,1.0,3.0,744
748.0,1.0,3.0,744
749.0,1.0,3.0,744
750.0,1.0,3.0,744
751.0,1.0,3.0,744
752.0,1.0,3.0,744
753.0,1.0,3.0,744
754.0,1.0,3.0,744
755.0,1.0,3.0,744
756.0,1.0,3.0,744
757.0,1.0,3.0,744
758.0,1.0,3.0,744
759.0,1.0,3.0,744
760.0,1.0,3.0,744
761.0,1.0,3.0,744
762.0,1.0,3.0,744
763.0,1.0,3.0,744
764.0,1.0,3.0,744
765.0,1.0,3.0,744
766.0,1.0,3.0,744
767.0,1.0,3.0,744
768.0,1.0,3.0,744
769.0,1.0,3.0,744
770.0,1.0,3.0,744
771.0,1.0,3.0,744
772.0,1.0,3.0,744
773.0,1.0,3.0,744
774.0,1.0,3.0,744
775.0,1.0,3.0,744
776.0,1.0,3.0,744
777.0,1.0,3.0,744
778.0,1.0,3.0,744
779.0,1.0,3.0,744
780.0,1.0,3.0,744
781.0,1.0,3.0,744
782.0,1.0,3.0,744
783.0,1.0,3.0,744
784.0,1.0,3.0,744
785.0,1.0,3.0,744
786.0,1.0,3.0,744
787.0,1.0,3.0,744
788.0,1.0,3.0,744
789.0,1.0,3.0,744
790.0,1.0,3.0,744
791.0,1.0,3.0,744
792.0,1.0,3.0,744
793.0,1.0,3.0,744
794.0,1.0,3.0,744
795.0,1.0,3.0,744
796.0,1.0,3.0,744
797.0,1.0,3.0,744
798.0,1.0,3.0,744
799.0,1.0,3.0,744
800.0,1.0,3.0,744
801.0,1.0,3.0,744
802.0,1.0,3.0,744
803.0,1.0,3.0,744
804.0,1.0,3.0,744
805.0,1.0,3.0,744
806.0,1.0,3.0,744
807.0,1.0,3.0,744
808.0,1.0,3.0,744
809.0,1.0,3.0,744
810.0,1.0,3.0,744
811.0,1.0,3.0,744
812.0,1.0,3.0,744
813.0,1.0,3.0,744
814.0,1.0,3.0,744
815.0,1.0,3.0,744
816.0,1.0,3.0,744
817.0,1.0,3.0,744
818.0,1.0,3.0,744
819.0,1.0,3.0,744
820.0,1.0,3.0,744
821.0,1.0,3.0,744
822.0,1.0,3.0,744
823.0,1.0,3.0,744
824.0,1.0,3.0,744
825.0,1.0,3.0,744
826.0,1.0,3.0,744
827.0,1.0,3.0,744
828.0,1.0,3.0,744
829.0,1.0,3.0,744
830.0,1.0,3.0,744
831.0,1.0,3.0,744
832.0,1.0,3.0,744
833.0,1.0,3.0,744
834.0,1.0,3.0,744
835.0,1.0,3.0,744
836.0,1.0,3.0,744
837.0,1.0,3.0,744
838.0,1.0,3.0,744
839.0,1.0,3.0,744
840.0,1.0,3.0,744
841.0,1.0,3.0,744
842.0,1.0,3.0,744
843.0,1.0,3.0,744
844.0,1.0,3.0,744
845.0,1.0,3.0,744
846.0,1.0,3.0,744
847.0,1.0,3.0,744
848.0,1.0,3.0,744
849.0,1.0,3.0,744
850.0,1.0,3.0,744
851.0,1.0,3.0,744
852.0,1.0,3.0,744
853.0,1.0,3.0,744
854.0,1.0,3.0,744
855.0,1.0,3.0,744
856.0,1.0,3.0,744
857.0,1.0,3.0,744
858.0,1.0,3.0,743
859.0,1.0,3.0,743
860.0,1.0,3.0,743
861.0,1.0,3.0,743
862.0,1.0,3.0,743
863.0,1.0,3.0,743
864.0,1.0,3.0,743
865.0,1.0,3.0,743
866.0,1.0,3.0,743
867.0,1.0,3.0,743
868.0,1.0,3.0,743
869.0,1.0,3.0,743
870.0,1.0,3.0,743
871.0,1.0,3.0,743
872.0,1.0,3.0,743
873.0,1.0,3.0,743
874.0,1.0,3.0,743
875.0,1.0,3.0,743
876.0,1.0,3.0,743
877.0,1.0,3.0,743
878.0,1.0,3.0,743
879.0,1.0,3.0,743
880.0,1.0,3.0,743
881.0,1.0,3.0,743
882.0,1.0,3.0,743
883.0,1.0,3.0,743
884.0,1.0,3.0,743
885.0,1.0,3.0,743
886.0,1.0,3.0,743
887.0,1.0,3.0,743
888.0,1.0,3.0,743
889.0,1.0,3.0,743
890.0,1.0,3.0,743
891.0,1.0,3.0,743
892.0,1.0,3.0,743
893.0,1.0,3.0,743
894.0,1.0,3.0,743
895.0,1.0,3.0,743
896.0,1.0,3.0,743
897.0,1.0,3.0,743
898.0,1.0,3.0,743
899.0,1.0,3.0,743
900.0,1.0,3.0,743
901.0,1.0,3.0,743
902.0,1.0,3.0,743
903.0,1.0,3.0,743
904.0,1.0,3.0,743
905.0,1.0,3.0,743
906.0,1.0,3.0,743
907.0,1.0,3.0,743
908.0,1.0,3.0,743
909.0,1.0,3.0,743
910.0,1.0,3.0,743
911.0,1.0,3.0,743
912.0,1.0,3.0,743
913.0,1.0,3.0,743
914.0,1.0,3.0,743
915.0,1.0,3.0,743
916.0,1.0,3.0,743
917.0,1.0,3.0,743
918.0,1.0,3.0,743
919.0,1.0,3.0,743
920.0,1.0,3.0,743
921.0,1.0,3.0,743
922.0,1.0,3.0,743
923.0,1.0,3.0,743
924.0,1.0,3.0,743
925.0,1.0,3.0,743
926.0,1.0,3.0,743
927.0,1.0,3.0,743
928.0,1.0,3.0,743
929.0,1.0,3.0,743
930.0,1.0,3.0,743
931.0,1.0,3.0,743
932.0,1.0,3.0,743
933.0,1.0,3.0,743
934.0,1.0,3.0,743
935.0,1.0,3.0,743
936.0,1.0,3.0,743
937.0,1.0,3.0,743
938.0,1.0,3.0,743
939.0,1.0,3.0,743
940.0,1.0,3.0,743
941.0,1.0,3.0,743
942.0,1.0,3.0,743
943.0,1.0,3.0,743
944.0,1.0,3.0,743
945.0,1.0,3.0,743
946.0,1.0,3.0,743
947.0,1.0,3.0,743
948.0,1.0,3.0,743
949.0,1.0,3.0,743
950.0,1.0,3.0,743
951.0,1.0,3.0,743
952.0,1.0,3.0,743
953.0,1.0,3.0,743
954.0,1.0,3.0,743
955.0,1.0,3.0,743
956.0,1.0,3.0,743
957.0,1.0,3.0,743
958.0,1.0,3.0,743
959.0,1.0,3.0,743
960.0,1.0,3.0,743
961.0,1.0,3.0,743
962.0,1.0,3.0,743
963.0,1.0,3.0,743
964.0,1.0,3.0,743
965.0,1.0,3.0,743
966.0,1.0,3.0,743
967.0,1.0,3.0,743
968.0,1.0,3.0,743
969.0,1.0,3.0,743
970.0,1.0,3.0,743
971.0,1.0,3.0,743
972.0,1.0,3.0,743
973.0,1.0,3.0,743
974.0,1.0,3.0,743
975.0,1.0,3.0,743
976.0,1.0,3.0,743
977.0,1.0,3.0,743
978.0,1.0,3.0,743
979.0,1.0,3.0,743
980.0,1.0,3.0,743
981.0,1.0,3.0,743
982.0,1.0,3.0,743
983.0,1.0,3.0,743
984.0,1.0,3.0,743
985.0,1.0,3.0,743
986.0,1.0,3.0,743
987.0,1.0,3.0,743
988.0,1.0,3.0,743
989.0,1.0,3.0,743
990.0,1.0,3.0,743
991.0,1.0,3.0,743
992.0,1.0,3.0,743
993.0,1.0,3.0,743
994.0,1.0,3.0,743
995.0,1.0,3.0,743
996.0,1.0,3.0,743
997.0,1.0,3.0,743
998.0,1.0,3.0,743
999.0,1.0,3.0,743
1000.0,1.0,3.0,743
1001.0,1.0,3.0,743
1002.0,1.0,3.0,743
1003.0,1.0,3.0,743
1004.0,1.0,3.0,743
1005.0,1.0,3.0,743
1006.0,1.0,3.0,743
1007.0,1.0,3.0,743
1008.0,1.0,3.0,743
1009.0,1.0,3.0,743
1010.0,1.0,3.0,743
1011.0,1.0,3.0,743
1012.0,1.0,3.0,743
1013.0,1.0,3.0,743
1014.0,1.0,3.0,743
1015.0,1.0,3.0,743
1016.0,1.0,3.0,743
1017.0,1.0,3.0,743
1018.0,1.0,3.0,743
1019.0,1.0,3.0,743
1020.0,1.0,3.0,743
1021.0,1.0,3.0,743
1022.0,1.0,3.0,743
1023.0,1.0,3.0,743
1024.0,1.0,3.0,743
1025.0,1.0,3.0,743
1026.0,1.0,3.0,743
1027.0,1.0,3.0,743
1028.0,1.0,3.0,743
1029.0,1.0,3.0,743
1030.0,1.0,3.0,743
1031.0,1.0,3.0,743
1032.0,1.0,3.0,743
1033.0,1.0,3.0,743
1034.0,1.0,3.0,743
1035.0,1.0,3.0,743
1036.0,1.0,3.0,743
1037.0,1.0,3.0,743
1038.0,1.0,3.0,743
1039.0,1.0,3.0,743
1040.0,1.0,3.0,743
1041.0,1.0,3.0,743
1042.0,1.0,3.0,743
1043.0,1.0,3.0,743
1044.0,1.0,3.0,743
1045.0,1.0,3.0,743
1046.0,1.0,3.0,743
1047.0,1.0,3.0,743
1048.0,1.0,3.0,743
1049.0,1.0,3.0,743
1050.0,1.0,3.0,743
1051.0,1.0,3.0,743
1052.0,1.0,3.0,743
1053.0,1.0,3.0,743
1054.0,1.0,3.0,742
1055.0,1.0,3.0,742
1056.0,1.0,3.0,742
1057.0,1.0,3.0,742
1058.0,1.0,3.0,742
1059.0,1.0,3.0,742
1060.0,1.0,3.0,742
1061.0,1.0,3.0,742
1062.0,1.0,3.0,742
1063.0,1.0,3.0,742
1064.0,1.0,3.0,742
1065.0,1.0,3.0,742
1066.0,1.0,3.0,742
1067.0,1.0,3.0,742
1068.0,1.0,3.0,742
1069.0,1.0,3.0,742
1070.0,1.0,3.0,742
1071.0,1.0,3.0,742
1072.0,1.0,3.0,742
1073.0,1.0,3.0,742
1074.0,1.0,3.0,742
1075.0,1.0,3.0,742
1076.0,1.0,3.0,742
1077.0,1.0,3.0,742
1078.0,1.0,3.0,742
1079.0,1.0,3.0,742
1080.0,1.0,3.0,742
1081.0,1.0,3.0,742
1082.0,1.0,3.0,742
1083.0,1.0,3.0,742
1084.0,1.0,3.0,742
1085.0,1.0,3.0,742
1086.0,1.0,3.0,742
1087.0,1.0,3.0,742
1088.0,1.0,3.0,742
1089.0,1.0,3.0,742
1090.0,1.0,3.0,742
1091.0,1.0,3.0,742
1092.0,1.0,3.0,742
1093.0,1.0,3.0,742
1094.0,1.0,3.0,742
1095.0,1.0,3.0,742
1096.0,1.0,3.0,742
1097.0,1.0,3.0,742
1098.0,1.0,3.0,742
1099.0,1.0,3.0,742
1100.0,1.0,3.0,742
1101.0,1.0,3.0,742
1102.0,1.0,3.0,742
1103.0,1.0,3.0,742
1104.0,1.0,3.0,742
1105.0,1.0,3.0,742
1106.0,1.0,3.0,742
1107.0,1.0,3.0,742
1108.0,1.0,3.0,742
1109.0,1.0,3.0,742
1110.0,1.0,3.0,742
1111.0,1.0,3.0,742
1112.0,1.0,3.0,742
1113.0,1.0,3.0,742
1114.0,1.0,3.0,742
1115.0,1.0,3.0,742
1116.0,1.0,3.0,742
1117.0,1.0,3.0,742
1118.0,1.0,3.0,742
1119.0,1.0,3.0,742
1120.0,1.0,3.0,742
1121.0,1.0,3.0,742
1122.0,1.0,3.0,742
1123.0,1.0,3.0,742
1124.0,1.0,3.0,742
1125.0,1.0,3.0,742
1126.0,1.0,3.0,742
1127.0,1.0,3.0,742
1128.0,1.0,3.0,742
1129.0,1.0,3.0,742
1130.0,1.0,3.0,742
1131.0,1.0,3.0,742
1132.0,1.0,3.0,742
1133.0,1.0,3.0,742
1134.0,1.0,3.0,742
1135.0,1.0,3.0,742
1136.0,1.0,3.0,742
1137.0,1.0,3.0,742
1138.0,1.0,3.0,742
1139.0,1.0,3.0,742
1140.0,1.0,3.0,742
1141.0,1.0,3.0,742
1142.0,1.0,3.0,742
1143.0,1.0,3.0,742
1144.0,1.0,3.0,742
1145.0,1.0,3.0,742
1146.0,1.0,3.0,742
1147.0,1.0,3.0,742
1148.0,1.0,3.0,742
1149.0,1.0,3.0,742
1150.0,1.0,3.0,742
1151.0,1.0,3.0,742
1152.0,1.0,3.0,742
1153.0,1.0,3.0,742
1154.0,1.0,3.0,742
1155.0,1.0,3.0,742
1156.0,1.0,3.0,742
1157.0,1.0,3.0,742
1158.0,1.0,3.0,742
1159.0,1.0,3.0,742
1160.0,1.0,3.0,742
1161.0,1.0,3.0,742
1162.0,1.0,3.0,742
1163.0,1.0,3.0,742
1164.0,1.0,3.0,742
1165.0,1.0,3.0,742
1166.0,1.0,3.0,742
1167.0,1.0,3.0,742
1168.0,1.0,3.0,742
1169.0,1.0,3.0,742
1170.0,1.0,3.0,742
1171.0,1.0,3.0,742
1172.0,1.0,3.0,742
1173.0,1.0,3.0,742
1174.0,1.0,3.0,742
1175.0,1.0,3.0,742
1176.0,1.0,3.0,742
1177.0,1.0,3.0,742
1178.0,1.0,3.0,742
1179.0,1.0,3.0,742
1180.0,1.0,3.0,742
1181.0,1.0,3.0,742
1182.0,1.0,3.0,742
1183.0,1.0,3.0,742
1184.0,1.0,3.0,742
1185.0,1.0,3.0,742
1186.0,1.0,3.0,742
1187.0,1.0,3.0,742
1188.0,1.0,3.0,742
1189.0,1.0,3.0,742
1190.0,1.0,3.0,742
1191.0,1.0,3.0,742
1192.0,1.0,3.0,742
1193.0,1.0,3.0,742
1194.0,1.0,3.0,742
1195.0,1.0,3.0,742
1196.0,1.0,3.0,742
1197.0,1.0,3.0,742
1198.0,1.0,3.0,742
1199.0,1.0,3.0,742
1200.0,1.0,3.0,742
1201.0,1.0,3.0,742
1202.0,1.0,3.0,742
1203.0,1.0,3.0,742
1204.0,1.0,3.0,742
1205.0,1.0,3.0,742
1206.0,1.0,3.0,742
1207.0,1.0,3.0,742
1208.0,1.0,3.0,742
1209.0,1.0,3.0,742
1210.0,1.0,3.0,742
1211.0,1.0,3.0,742
1212.0,1.0,3.0,742
1213.0,1.0,3.0,742
1214.0,1.0,3.0,742
1215.0,1.0,3.0,742
1216.0,1.0,3.0,742
1217.0,1.0,3.0,742
1218.0,1.0,3.0,742
1219.0,1.0,3.0,742
1220.0,1.0,3.0,742
1221.0,1.0,3.0,742
1222.0,1.0,3.0,742
1223.0,1.0,3.0,742
1224.0,1.0,3.0,742
1225.0,1.0,3.0,742
1226.0,1.0,3.0,742
1227.0,1.0,3.0,742
1228.0,1.0,3.0,742
1229.0,1.0,3.0,742
1230.0,1.0,3.0,742
1231.0,1.0,3.0,742
1232.0,1.0,3.0,742
1233.0,1.0,3.0,742
1234.0,1.0,3.0,742
1235.0,1.0,3.0,742
1236.0,1.0,3.0,742
1237.0,1.0,3.0,742
1238.0,1.0,3.0,742
1239.0,1.0,3.0,742
1240.0,1.0,3.0,742
1241.0,1.0,3.0,742
1242.0,1.0,3.0,742
1243.0,1.0,3.0,742
1244.0,1.0,3.0,742
1245.0,1.0,3.0,742
1246.0,1.0,3.0,742
1247.0,1.0,3.0,742
1248.0,1.0,3.0,742
1249.0,1.0,3.0,742
1250.0,1.0,3.0,742
1251.0,1.0,3.0,742
1252.0,1.0,3.0,742
1253.0,1.0,3.0,742
1254.0,1.0,3.0,742
1255.0,1.0,3.0,742
1256.0,1.0,3.0,742
1257.0,1.0,3.0,742
1258.0,1.0,3.0,742
1259.0,1.0,3.0,742
1260.0,1.0,3.0,742
1261.0,1.0,3.0,742
1262.0,1.0,3.0,742
1263.0,1.0,3.0,742
1264.0,1.0,3.0,742
1265.0,1.0,3.0,742
1266.0,1.0,3.0,742
1267.0,1.0,3.0,742
1268.0,1.0,3.0,742
1269.0,1.0,3.0,742
1270.0,1.0,3.0,742
1271.0,1.0,3.0,742
1272.0,1.0,3.0,742
1273.0,1.0,3.0,742
1274.0,1.0,3.0,742
1275.0,1.0,3.0,742
1276.0,1.0,3.0,742
1277.0,1.0,3.0,742
1278.0,1.0,3.0,742
1279.0,1.0,3.0,742
1280.0,1.0,3.0,742
1281.0,1.0,3.0,742
1282.0,1.0,3.0,742
1283.0,1.0,3.0,742
1284.0,1.0,3.0,742
1285.0,1.0,3.0,742
1286.0,1.0,3.0,742
1287.0,1.0,3.0,742
1288.0,1.0,3.0,742
1289.0,1.0,3.0,742
1290.0,1.0,3.0,742
1291.0,1.0,3.0,742
1292.0,1.0,3.0,742
1293.0,1.0,3.0,742
1294.0,1.0,3.0,742
1295.0,1.0,3.0,742
1296.0,1.0,3.0,742
1297.0,1.0,3.0,742
1298.0,1.0,3.0,742
1299.0,1.0,3.0,742
1300.0,1.0,3.0,742
1301.0,1.0,3.0,742
1302.0,1.0,3.0,742
1303.0,1.0,3.0,742
1304.0,1.0,3.0,742
1305.0,1.0,3.0,742
1306.0,1.0,3.0,742
1307.0,1.0,3.0,742
1308.0,1.0,3.0,742
1309.0,1.0,3.0,742
1310.0,1.0,3.0,742
1311.0,1.0,3.0,742
1312.0,1.0,3.0,742
1313.0,1.0,3.0,742
1314.0,1.0,3.0,742
1315.0,1.0,3.0,742
1316.0,1.0,3.0,742
1317.0,1.0,3.0,742
1318.0,1.0,3.0,742
1319.0,1.0,3.0,742
1320.0,1.0,3.0,742
1321.0,1.0,3.0,742
1322.0,1.0,3.0,742
1323.0,1.0,3.0,742
1324.0,1.0,3.0,742
1325.0,1.0,3.0,742
1326.0,1.0,3.0,742
1327.0,1.0,3.0,742
1328.0,1.0,3.0,742
1329.0,1.0,3.0,742
1330.0,1.0,3.0,742
1331.0,1.0,3.0,742
1332.0,1.0,3.0,742
1333.0,1.0,3.0,742
1334.0,1.0,3.0,742
1335.0,1.0,3.0,742
1336.0,1.0,3.0,742
1337.0,1.0,3.0,742
1338.0,1.0,3.0,742
1339.0,1.0,3.0,742
1340.0,1.0,3.0,742
1341.0,1.0,3.0,742
1342.0,1.0,3.0,742
1343.0,1.0,3.0,742
1344.0,1.0,3.0,742
1345.0,1.0,3.0,742
1346.0,1.0,3.0,742
1347.0,1.0,3.0,742
1348.0,1.0,3.0,742
1349.0,1.0,3.0,742
1350.0,1.0,3.0,742
1351.0,1.0,3.0,742
1352.0,1.0,3.0,742
1353.0,1.0,3.0,742
1354.0,1.0,3.0,742
1355.0,1.0,3.0,742
1356.0,1.0,3.0,742
1357.0,1.0,3.0,741
1358.0,1.0,3.0,741
1359.0,1.0,3.0,741
1360.0,1.0,3.0,741
1361.0,1.0,3.0,741
1362.0,1.0,3.0,741
1363.0,1.0,3.0,741
1364.0,1.0,3.0,741
1365.0,1.0,3.0,741
1366.0,1.0,3.0,741
1367.0,1.0,3.0,741
1368.0,1.0,3.0,741
1369.0,1.0,3.0,741
1370.0,1.0,3.0,741
1371.0,1.0,3.0,741
1372.0,1.0,3.0,741
1373.0,1.0,3.0,741
1374.0,1.0,3.0,741
1375.0,1.0,3.0,741
1376.0,1.0,3.0,741
1377.0,1.0,3.0,741
1378.0,1.0,3.0,741
1379.0,1.0,3.0,741
1380.0,1.0,3.0,741
1381.0,1.0,3.0,741
1382.0,1.0,3.0,741
1383.0,1.0,3.0,741
1384.0,1.0,3.0,741
1385.0,1.0,3.0,741
1386.0,1.0,3.0,741
1387.0,1.0,3.0,741
1388.0,1.0,3.0,741
1389.0,1.0,3.0,741
1390.0,1.0,3.0,741
1391.0,1.0,3.0,741
1392.0,1.0,3.0,741
1393.0,1.0,3.0,741
1394.0,1.0,3.0,741
1395.0,1.0,3.0,741
1396.0,1.0,3.0,741
1397.0,1.0,3.0,741
1398.0,1.0,3.0,741
1399.0,1.0,3.0,741
1400.0,1.0,3.0,741
1401.0,1.0,3.0,741
1402.0,1.0,3.0,741
1403.0,1.0,3.0,741
1404.0,1.0,3.0,741
1405.0,1.0,3.0,741
1406.0,1.0,3.0,741
1407.0,1.0,3.0,741
1408.0,1.0,3.0,741
1409.0,1.0,3.0,741
1410.0,1.0,3.0,741
1411.0,1.0,3.0,741
1412.0,1.0,3.0,741
1413.0,1.0,3.0,741
1414.0,1.0,3.0,740
1415.0,1.0,3.0,740
1416.0,1.0,3.0,740
1417.0,1.0,3.0,740
1418.0,1.0,3.0,740
1419.0,1.0,3.0,740
1420.0,1.0,3.0,740
1421.0,1.0,3.0,740
1422.0,1.0,3.0,740
1423.0,1.0,3.0,740
1424.0,1.0,3.0,740
1425.0,1.0,3.0,740
1426.0,1.0,3.0,740
1427.0,1.0,3.0,740
1428.0,1.0,3.0,740
1429.0,1.0,3.0,740
1430.0,1.0,3.0,740
1431.0,1.0,3.0,740
1432.0,1.0,3.0,740
1433.0,1.0,3.0,740
1434.0,1.0,3.0,740
1435.0,1.0,3.0,740
1436.0,1.0,3.0,740
1437.0,1.0,3.0,740
1438.0,1.0,3.0,740
1439.0,1.0,3.0,740
1440.0,1.0,3.0,740
1441.0,1.0,3.0,740
1442.0,1.0,3.0,740
1443.0,1.0,3.0,740
1444.0,1.0,3.0,740
1445.0,1.0,3.0,740
1446.0,1.0,3.0,740
1447.0,1.0,3.0,740
1448.0,1.0,3.0,740
1449.0,1.0,3.0,740
1450.0,1.0,3.0,740
1451.0,1.0,3.0,740
1452.0,1.0,3.0,740
1453.0,1.0,3.0,740
1454.0,1.0,3.0,740
1455.0,1.0,3.0,740
1456.0,1.0,3.0,740
1457.0,1.0,3.0,740
1458.0,1.0,3.0,740
1459.0,1.0,3.0,740
1460.0,1.0,3.0,740
1461.0,1.0,3.0,740
1462.0,1.0,3.0,740
1463.0,1.0,3.0,740
1464.0,1.0,3.0,740
1465.0,1.0,3.0,740
1466.0,1.0,3.0,740
1467.0,1.0,3.0,740
1468.0,1.0,3.0,740
1469.0,1.0,3.0,740
1470.0,1.0,3.0,740
1471.0,1.0,3.0,740
1472.0,1.0,3.0,740
1473.0,1.0,3.0,740
1474.0,1.0,3.0,740
1475.0,1.0,3.0,740
1476.0,1.0,3.0,740
1477.0,1.0,3.0,740
1478.0,1.0,3.0,740
1479.0,1.0,3.0,740
1480.0,1.0,3.0,740
1481.0,1.0,3.0,740
1482.0,1.0,3.0,740
1483.0,1.0,3.0,740
1484.0,1.0,3.0,740
1485.0,1.0,3.0,740
1486.0,1.0,3.0,740
1487.0,1.0,3.0,740
1488.0,1.0,3.0,740
1489.0,1.0,3.0,740
1490.0,1.0,3.0,740
1491.0,1.0,3.0,740
1492.0,1.0,3.0,740
1493.0,1.0,3.0,740
1494.0,1.0,3.0,740
1495.0,1.0,3.0,740
1496.0,1.0,3.0,740
1497.0,1.0,3.0,740
1498.0,1.0,3.0,740
1499.0,1.0,3.0,740
1500.0,1.0,3.0,740
1501.0,1.0,3.0,740
1502.0,1.0,3.0,740
1503.0,1.0,3.0,740
1504.0,1.0,3.0,740
1505.0,1.0,3.0,740
1506.0,1.0,3.0,740
1507.0,1.0,3.0,740
1508.0,1.0,3.0,740
1509.0,1.0,3.0,740
1510.0,1.0,3.0,740
1511.0,1.0,3.0,740
1512.0,1.0,3.0,740
1513.0,1.0,3.0,740
1514.0,1.0,3.0,740
1515.0,1.0,3.0,740
1516.0,1.0,3.0,740
1517.0,1.0,3.0,740
1518.0,1.0,3.0,740
1519.0,1.0,3.0,740
1520.0,1.0,3.0,740
1521.0,1.0,3.0,740
1522.0,1.0,3.0,740
1523.0,1.0,3.0,740
1524.0,1.0,3.0,740
1525.0,1.0,3.0,740
1526.0,1.0,3.0,740
1527.0,1.0,3.0,740
1528.0,1.0,3.0,740
1529.0,1.0,3.0,740
1530.0,1.0,3.0,740
1531.0,1.0,3.0,740
1532.0,1.0,3.0,740
1533.0,1.0,3.0,740
1534.0,1.0,3.0,740
1535.0,1.0,3.0,740
1536.0,1.0,3.0,740
1537.0,1.0,3.0,740
1538.0,1.0,3.0,740
1539.0,1.0,3.0,740
1540.0,1.0,3.0,740
1541.0,1.0,3.0,740
1542.0,1.0,3.0,740
1543.0,1.0,3.0,740
1544.0,1.0,3.0,740
1545.0,1.0,3.0,740
1546.0,1.0,3.0,740
1547.0,1.0,3.0,740
1548.0,1.0,3.0,740
1549.0,1.0,3.0,740
1550.0,1.0,3.0,740
1551.0,1.0,3.0,740
1552.0,1.0,3.0,740
1553.0,1.0,3.0,740
1554.0,1.0,3.0,740
1555.0,1.0,3.0,740
1556.0,1.0,3.0,740
1557.0,1.0,3.0,740
1558.0,1.0,3.0,740
1559.0,1.0,3.0,740
1560.0,1.0,3.0,740
1561.0,1.0,3.0,740
1562.0,1.0,3.0,740
1563.0,1.0,3.0,740
1564.0,1.0,3.0,740
1565.0,1.0,3.0,740
1566.0,1.0,3.0,740
1567.0,1.0,3.0,740
1568.0,1.0,3.0,740
1569.0,1.0,3.0,740
1570.0,1.0,3.0,740
1571.0,1.0,3.0,740
1572.0,1.0,3.0,740
1573.0,1.0,3.0,740
1574.0,1.0,3.0,740
1575.0,1.0,3.0,740
1576.0,1.0,3.0,740
1577.0,1.0,3.0,740
1578.0,1.0,3.0,740
1579.0,1.0,3.0,740
1580.0,1.0,3.0,740
1581.0,1.0,3.0,740
1582.0,1.0,3.0,740
1583.0,1.0,3.0,740
1584.0,1.0,3.0,740
1585.0,1.0,3.0,740
1586.0,1.0,3.0,740
1587.0,1.0,3.0,740
1588.0,1.0,3.0,740
1589.0,1.0,3.0,740
1590.0,1.0,3.0,740
1591.0,1.0,3.0,740
1592.0,1.0,3.0,740
1593.0,1.0,3.0,740
1594.0,1.0,3.0,740
1595.0,1.0,3.0,740
1596.0,1.0,3.0,740
1597.0,1.0,3.0,740
1598.0,1.0,3.0,740
1599.0,1.0,3.0,740
1600.0,1.0,3.0,740
1601.0,1.0,3.0,740
1602.0,1.0,3.0,740
1603.0,1.0,3.0,740
1604.0,1.0,3.0,740
1605.0,1.0,3.0,740
1606.0,1.0,3.0,740
1607.0,1.0,3.0,740
1608.0,1.0,3.0,740
1609.0,1.0,3.0,740
1610.0,1.0,3.0,740
1611.0,1.0,3.0,740
1612.0,1.0,3.0,740
1613.0,1.0,3.0,740
1614.0,1.0,3.0,740
1615.0,1.0,3.0,740
1616.0,1.0,3.0,740
1617.0,1.0,3.0,740
1618.0,1.0,3.0,740
1619.0,1.0,3.0,740
1620.0,1.0,3.0,740
1621.0,1.0,3.0,740
1622.0,1.0,3.0,740
1623.0,1.0,3.0,740
1624.0,1.0,3.0,740
1625.0,1.0,3.0,740
1626.0,1.0,3.0,740
1627.0,1.0,3.0,740
1628.0,1.0,3.0,740
1629.0,1.0,3.0,740
1630.0,1.0,3.0,740
1631.0,1.0,3.0,740
1632.0,1.0,3.0,740
1633.0,1.0,3.0,740
1634.0,1.0,3.0,740
1635.0,1.0,3.0,740
1636.0,1.0,3.0,740
1637.0,1.0,3.0,740
1638.0,1.0,3.0,740
1639.0,1.0,3.0,740
1640.0,1.0,3.0,740
1641.0,1.0,3.0,740
1642.0,1.0,3.0,740
1643.0,1.0,3.0,740
1644.0,1.0,3.0,740
1645.0,1.0,3.0,740
1646.0,1.0,3.0,740
1647.0,1.0,3.0,740
1648.0,1.0,3.0,740
1649.0,1.0,3.0,740
1650.0,1.0,3.0,740
1651.0,1.0,3.0,740
1652.0,1.0,3.0,740
1653.0,1.0,3.0,740
1654.0,1.0,3.0,740
1655.0,1.0,3.0,740
1656.0,1.0,3.0,740
1657.0,1.0,3.0,740
1658.0,1.0,3.0,740
1659.0,1.0,3.0,740
1660.0,1.0,3.0,740
1661.0,1.0,3.0,740
1662.0,1.0,3.0,740
1663.0,1.0,3.0,740
1664.0,1.0,3.0,740
1665.0,1.0,3.0,740
1666.0,1.0,3.0,740
1667.0,1.0,3.0,740
1668.0,1.0,3.0,740
1669.0,1.0,3.0,740
1670.0,1.0,3.0,740
1671.0,1.0,3.0,740
1672.0,1.0,3.0,740
1673.0,1.0,3.0,740
1674.0,1.0,3.0,740
1675.0,1.0,3.0,740
1676.0,1.0,3.0,740
1677.0,1.0,3.0,740
1678.0,1.0,3.0,740
1679.0,1.0,3.0,740
1680.0,1.0,3.0,740
1681.0,1.0,3.0,740
1682.0,1.0,3.0,740
1683.0,1.0,3.0,740
1684.0,1.0,3.0,740
1685.0,1.0,3.0,740
1686.0,1.0,3.0,740
1687.0,1.0,3.0,740
1688.0,1.0,3.0,740
1689.0,1.0,3.0,740
1690.0,1.0,3.0,740
1691.0,1.0,3.0,740
1692.0,1.0,3.0,740
1693.0,1.0,3.0,740
1694.0,1.0,3.0,740
1695.0,1.0,3.0,740
1696.0,1.0,3.0,740
1697.0,1.0,3.0,740
1698.0,1.0,3.0,740
1699.0,1.0,3.0,740
1700.0,1.0,3.0,740
1701.0,1.0,3.0,740
1702.0,1.0,3.0,740
1703.0,1.0,3.0,740
1704.0,1.0,3.0,740
1705.0,1.0,3.0,740
1706.0,1.0,3.0,740
1707.0,1.0,3.0,740
1708.0,1.0,3.0,740
1709.0,1.0,3.0,740
1710.0,1.0,3.0,740
1711.0,1.0,3.0,740
1712.0,1.0,3.0,740
1713.0,1.0,3.0,740
1714.0,1.0,3.0,740
1715.0,1.0,3.0,740
1716.0,1.0,3.0,740
1717.0,1.0,3.0,740
1718.0,1.0,3.0,740
1719.0,1.0,3.0,740
1720.0,1.0,3.0,740
1721.0,1.0,3.0,740
1722.0,1.0,3.0,740
1723.0,1.0,3.0,740
1724.0,1.0,3.0,740
1725.0,1.0,3.0,740
1726.0,1.0,3.0,740
1727.0,1.0,3.0,740
1728.0,1.0,3.0,740
1729.0,1.0,3.0,740
1730.0,1.0,3.0,740
1731.0,1.0,3.0,740
1732.0,1.0,3.0,740
1733.0,1.0,3.0,740
1734.0,1.0,3.0,740
1735.0,1.0,3.0,740
1736.0,1.0,3.0,740
1737.0,1.0,3.0,740
1738.0,1.0,3.0,740
1739.0,1.0,3.0,740
1740.0,1.0,3.0,740
1741.0,1.0,3.0,740
1742.0,1.0,3.0,740
1743.0,1.0,3.0,740
1744.0,1.0,3.0,740
1745.0,1.0,3.0,740
1746.0,1.0,3.0,740
1747.0,1.0,3.0,740
1748.0,1.0,3.0,740
1749.0,1.0,3.0,740
1750.0,1.0,3.0,740
1751.0,1.0,3.0,740
1752.0,1.0,3.0,740
1753.0,1.0,3.0,740
1754.0,1.0,3.0,740
1755.0,1.0,3.0,740
1756.0,1.0,3.0,740
1757.0,1.0,3.0,740
1758.0,1.0,3.0,740
1759.0,1.0,3.0,740
1760.0,1.0,3.0,740
1761.0,1.0,3.0,740
1762.0,1.0,3.0,740
1763.0,1.0,3.0,740
1764.0,1.0,3.0,740
1765.0,1.0,3.0,740
1766.0,1.0,3.0,740
1767.0,1.0,3.0,740
1768.0,1.0,3.0,740
1769.0,1.0,3.0,740
1770.0,1.0,3.0,740
1771.0,1.0,3.0,740
1772.0,1.0,3.0,740
1773.0,1.0,3.0,740
1774.0,1.0,3.0,740
1775.0,1.0,3.0,740
1776.0,1.0,3.0,740
1777.0,1.0,3.0,740
1778.0,1.0,3.0,740
1779.0,1.0,3.0,740
1780.0,1.0,3.0,740
1781.0,1.0,3.0,740
1782.0,1.0,3.0,740
1783.0,1.0,3.0,740
1784.0,1.0,3.0,740
1785.0,1.0,3.0,740
1786.0,1.0,3.0,740
1787.0,1.0,3.0,740
1788.0,1.0,3.0,740
1789.0,1.0,3.0,740
1790.0,1.0,3.0,740
1791.0,1.0,3.0,740
1792.0,1.0,3.0,740
1793.0,1.0,3.0,740
1794.0,1.0,3.0,740
1795.0,1.0,3.0,740
1796.0,1.0,3.0,740
1797.0,1.0,3.0,740
1798.0,1.0,3.0,740
1799.0,1.0,3.0,740
1800.0,1.0,3.0,740
1801.0,1.0,3.0,740
1802.0,1.0,3.0,740
1803.0,1.0,3.0,740
1804.0,1.0,3.0,740
1805.0,1.0,3.0,740
1806.0,1.0,3.0,740
1807.0,1.0,3.0,740
1808.0,1.0,3.0,740
1809.0,1.0,3.0,740
1810.0,1.0,3.0,740
1811.0,1.0,3.0,740
1812.0,1.0,3.0,740
1813.0,1.0,3.0,740
1814.0,1.0,3.0,740
1815.0,1.0,3.0,740
1816.0,1.0,3.0,740
1817.0,1.0,3.0,740
1818.0,1.0,3.0,740
1819.0,1.0,3.0,740
1820.0,1.0,3.0,740
1821.0,1.0,3.0,740
1822.0,1.0,3.0,740
1823.0,1.0,3.0,740
1824.0,1.0,3.0,740
1825.0,1.0,3.0,740
1826.0,1.0,3.0,740
1827.0,1.0,3.0,740
1828.0,1.0,3.0,740
1829.0,1.0,3.0,740
1830.0,1.0,3.0,740
1831.0,1.0,3.0,740
1832.0,1.0,3.0,740
1833.0,1.0,3.0,740
1834.0,1.0,3.0,740
1835.0,1.0,3.0,740
1836.0,1.0,3.0,740
1837.0,1.0,3.0,740
1838.0,1.0,3.0,740
1839.0,1.0,3.0,740
1840.0,1.0,3.0,740
1841.0,1.0,3.0,740
1842.0,1.0,3.0,740
1843.0,1.0,3.0,740
1844.0,1.0,3.0,740
1845.0,1.0,3.0,740
1846.0,1.0,3.0,740
1847.0,1.0,3.0,740
1848.0,1.0,3.0,740
1849.0,1.0,3.0,740
1850.0,1.0,3.0,740
1851.0,1.0,3.0,740
1852.0,1.0,3.0,740
1853.0,1.0,3.0,740
1854.0,1.0,3.0,740
1855.0,1.0,3.0,740
1856.0,1.0,3.0,740
1857.0,1.0,3.0,740
1858.0,1.0,3.0,740
1859.0,1.0,3.0,740
1860.0,1.0,3.0,740
1861.0,1.0,3.0,740
1862.0,1.0,3.0,740
1863.0,1.0,3.0,740
1864.0,1.0,3.0,740
1865.0,1.0,3.0,740
1866.0,1.0,3.0,740
1867.0,1.0,3.0,740
1868.0,1.0,3.0,740
1869.0,1.0,3.0,740
1870.0,1.0,3.0,740
1871.0,1.0,3.0,740
1872.0,1.0,3.0,740
1873.0,1.0,3.0,740
1874.0,1.0,3.0,740
1875.0,1.0,3.0,740
1876.0,1.0,3.0,740
1877.0,1.0,3.0,740
1878.0,1.0,3.0,740
1879.0,1.0,3.0,740
1880.0,1.0,3.0,740
1881.0,1.0,3.0,740
1882.0,1.0,3.0,740
1883.0,1.0,3.0,740
1884.0,1.0,3.0,740
1885.0,1.0,3.0,740
1886.0,1.0,3.0,740
1887.0,1.0,3.0,740
1888.0,1.0,3.0,740
1889.0,1.0,3.0,740
1890.0,1.0,3.0,740
1891.0,1.0,3.0,740
1892.0,1.0,3.0,740
1893.0,1.0,3.0,740
1894.0,1.0,3.0,740
1895.0,1.0,3.0,740
1896.0,1.0,3.0,740
1897.0,1.0,3.0,740
1898.0,1.0,3.0,740
1899.0,1.0,3.0,740
1900.0,1.0,3.0,740
1901.0,1.0,3.0,740
1902.0,1.0,3.0,740
1903.0,1.0,3.0,740
1904.0,1.0,3.0,740
1905.0,1.0,3.0,740
1906.0,1.0,3.0,740
1907.0,1.0,3.0,740
1908.0,1.0,3.0,740
1909.0,1.0,3.0,740
1910.0,1.0,3.0,740
1911.0,1.0,3.0,740
1912.0,1.0,3.0,740
1913.0,1.0,3.0,740
1914.0,1.0,3.0,740
1915.0,1.0,3.0,740
1916.0,1.0,3.0,740
1917.0,1.0,3.0,740
1918.0,1.0,3.0,740
1919.0,1.0,3.0,740
1920.0,1.0,3.0,740
1921.0,1.0,3.0,740
1922.0,1.0,3.0,740
1923.0,1.0,3.0,740
1924.0,1.0,3.0,740
1925.0,1.0,3.0,740
1926.0,1.0,3.0,740
1927.0,1.0,3.0,740
1928.0,1.0,3.0,740
1929.0,1.0,3.0,740
1930.0,1.0,3.0,740
1931.0,1.0,3.0,740
1932.0,1.0,3.0,740
1933.0,1.0,3.0,740
1934.0,1.0,3.0,740
1935.0,1.0,3.0,740
1936.0,1.0,3.0,740
1937.0,1.0,3.0,740
1938.0,1.0,3.0,740
1939.0,1.0,3.0,740
1940.0,1.0,3.0,740
1941.0,1.0,3.0,740
1942.0,1.0,3.0,740
1943.0,1.0,3.0,740
1944.0,1.0,3.0,740
1945.0,1.0,3.0,740
1946.0,1.0,3.0,740
1947.0,1.0,3.0,740
1948.0,1.0,3.0,740
1949.0,1.0,3.0,740
1950.0,1.0,3.0,740
1951.0,1.0,3.0,740
1952.0,1.0,3.0,740
1953.0,1.0,3.0,740
1954.0,1.0,3.0,740
1955.0,1.0,3.0,740
1956.0,1.0,3.0,740
1957.0,1.0,3.0,740
1958.0,1.0,3.0,740
1959.0,1.0,3.0,740
1960.0,1.0,3.0,740
1961.0,1.0,3.0,740
1962.0,1.0,3.0,740
1963.0,1.0,3.0,740
1964.0,1.0,3.0,740
1965.0,1.0,3.0,740
1966.0,1.0,3.0,740
1967.0,1.0,3.0,740
1968.0,1.0,3.0,740
1969.0,1.0,3.0,740
1970.0,1.0,3.0,740
1971.0,1.0,3.0,740
1972.0,1.0,3.0,740
1973.0,1.0,3.0,740
1974.0,1.0,3.0,740
1975.0,1.0,3.0,740
1976.0,1.0,3.0,740
1977.0,1.0,3.0,740
1978.0,1.0,3.0,740
1979.0,1.0,3.0,740
1980.0,1.0,3.0,740
1981.0,1.0,3.0,740
1982.0,1.0,3.0,740
1983.0,1.0,3.0,740
1984.0,1.0,3.0,740
1985.0,1.0,3.0,740
1986.0,1.0,3.0,740
1987.0,1.0,3.0,740
1988.0,1.0,3.0,740
1989.0,1.0,3.0,740
1990.0,1.0,3.0,740
1991.0,1.0,3.0,740
1992.0,1.0,3.0,740
1993.0,1.0,3.0,740
1994.0,1.0,3.0,740
1995.0,1.0,3.0,740
1996.0,1.0,3.0,740
1997.0,1.0,3.0,740
1998.0,1.0,3.0,740
1999.0,1.0,3.0,740
2000.0,1.0,3.0,740
2001.0,1.0,3.0,740
2002.0,1.0,3.0,740
2003.0,1.0,3.0,740
2004.0,1.0,3.0,740
2005.0,1.0,3.0,740
2006.0,1.0,3.0,740
2007.0,1.0,3.0,740
2008.0,1.0,3.0,740
2009.0,1.0,3.0,740
2010.0,1.0,3.0,740
2011.0,1.0,3.0,740
2012.0,1.0,3.0,740
2013.0,1.0,3.0,740
2014.0,1.0,3.0,740
2015.0,1.0,3.0,740
2016.0,1.0,3.0,740
2017.0,1.0,3.0,740
2018.0,1.0,3.0,740
2019.0,1.0,3.0,740
2020.0,1.0,3.0,740
2021.0,1.0,3.0,740
2022.0,1.0,3.0,740
2023.0,1.0,3.0,740
2024.0,1.0,3.0,740
2025.0,1.0,3.0,740
2026.0,1.0,3.0,740
2027.0,1.0,3.0,740
2028.0,1.0,3.0,740
2029.0,1.0,3.0,740
2030.0,1.0,3.0,740
2031.0,1.0,3.0,740
2032.0,1.0,3.0,740
2033.0,1.0,3.0,740
2034.0,1.0,3.0,740
2035.0,1.0,3.0,740
2036.0,1.0,3.0,740
2037.0,1.0,3.0,740
2038.0,1.0,3.0,740
2039.0,1.0,3.0,740
2040.0,1.0,3.0,740
2041.0,1.0,3.0,740
2042.0,1.0,3.0,740
2043.0,1.0,3.0,740
2044.0,1.0,3.0,740
2045.0,1.0,3.0,740
2046.0,1.0,3.0,740
2047.0,1.0,3.0,740
2048.0,1.0,3.0,740
2049.0,1.0,3.0,740
2050.0,1.0,3.0,740
2051.0,1.0,3.0,740
2052.0,1.0,3.0,740
2053.0,1.0,3.0,740
2054.0,1.0,3.0,740
2055.0,1.0,3.0,740
2056.0,1.0,3.0,740
2057.0,1.0,3.0,740
2058.0,1.0,3.0,740
2059.0,1.0,3.0,740
2060.0,1.0,3.0,740
2061.0,1.0,3.0,740
2062.0,1.0,3.0,740
2063.0,1.0,3.0,740
2064.0,1.0,3.0,740
2065.0,1.0,3.0,740
2066.0,1.0,3.0,740
2067.0,1.0,3.0,740
2068.0,1.0,3.0,740
2069.0,1.0,3.0,740
2070.0,1.0,3.0,740
2071.0,1.0,3.0,740
2072.0,1.0,3.0,740
2073.0,1.0,3.0,740
2074.0,1.0,3.0,740
2075.0,1.0,3.0,740
2076.0,1.0,3.0,740
2077.0,1.0,3.0,740
2078.0,1.0,3.0,740
2079.0,1.0,3.0,740
2080.0,1.0,3.0,740
2081.0,1.0,3.0,740
2082.0,1.0,3.0,740
2083.0,1.0,3.0,740
2084.0,1.0,3.0,740
2085.0,1.0,3.0,740
2086.0,1.0,3.0,740
2087.0,1.0,3.0,740
2088.0,1.0,3.0,740
2089.0,1.0,3.0,740
2090.0,1.0,3.0,740
2091.0,1.0,3.0,740
2092.0,1.0,3.0,740
2093.0,1.0,3.0,740
2094.0,1.0,3.0,740
2095.0,1.0,3.0,740
2096.0,1.0,3.0,740
2097.0,1.0,3.0,740
2098.0,1.0,3.0,740
2099.0,1.0,3.0,740
2100.0,1.0,3.0,740
2101.0,1.0,3.0,740
2102.0,1.0,3.0,740
2103.0,1.0,3.0,740
2104.0,1.0,3.0,740
2105.0,1.0,3.0,740
2106.0,1.0,3.0,740
2107.0,1.0,3.0,740
2108.0,1.0,3.0,740
2109.0,1.0,3.0,740
2110.0,1.0,3.0,740
2111.0,1.0,3.0,740
2112.0,1.0,3.0,740
2113.0,1.0,3.0,740
2114.0,1.0,3.0,740
2115.0,1.0,3.0,740
2116.0,1.0,3.0,740
2117.0,1.0,3.0,740
2118.0,1.0,3.0,740
2119.0,1.0,3.0,740
2120.0,1.0,3.0,740
2121.0,1.0,3.0,740
2122.0,1.0,3.0,740
2123.0,1.0,3.0,740
2124.0,1.0,3.0,740
2125.0,1.0,3.0,740
2126.0,1.0,3.0,740
2127.0,1.0,3.0,740
2128.0,1.0,3.0,740
2129.0,1.0,3.0,740
2130.0,1.0,3.0,740
2131.0,1.0,3.0,740
2132.0,1.0,3.0,740
2133.0,1.0,3.0,740
2134.0,1.0,3.0,740
2135.0,1.0,3.0,740
2136.0,1.0,3.0,740
2137.0,1.0,3.0,740
2138.0,1.0,3.0,740
2139.0,1.0,3.0,740
2140.0,1.0,3.0,740
2141.0,1.0,3.0,740
2142.0,1.0,3.0,740
2143.0,1.0,3.0,740
2144.0,1.0,3.0,740
2145.0,1.0,3.0,740
2146.0,1.0,3.0,740
2147.0,1.0,3.0,740
2148.0,1.0,3.0,740
2149.0,1.0,3.0,740
2150.0,1.0,3.0,740
2151.0,1.0,3.0,740
2152.0,1.0,3.0,740
2153.0,1.0,3.0,740
2154.0,1.0,3.0,740
2155.0,1.0,3.0,740
2156.0,1.0,3.0,740
2157.0,1.0,3.0,740
2158.0,1.0,3.0,740
2159.0,1.0,3.0,740
2160.0,1.0,3.0,740
2161.0,1.0,3.0,740
2162.0,1.0,3.0,740
2163.0,1.0,3.0,740
2164.0,1.0,3.0,740
2165.0,1.0,3.0,740
2166.0,1.0,3.0,740
2167.0,1.0,3.0,740
2168.0,1.0,3.0,740
2169.0,1.0,3.0,740
2170.0,1.0,3.0,740
2171.0,1.0,3.0,740
2172.0,1.0,3.0,740
2173.0,1.0,3.0,740
2174.0,1.0,3.0,740
2175.0,1.0,3.0,740
2176.0,1.0,3.0,740
2177.0,1.0,3.0,740
2178.0,1.0,3.0,740
2179.0,1.0,3.0,740
2180.0,1.0,3.0,740
2181.0,1.0,3.0,740
2182.0,1.0,3.0,740
2183.0,1.0,3.0,740
2184.0,1.0,3.0,740
2185.0,1.0,3.0,740
2186.0,1.0,3.0,740
2187.0,1.0,3.0,740
2188.0,1.0,3.0,740
2189.0,1.0,3.0,740
2190.0,1.0,3.0,740
2191.0,1.0,3.0,740
2192.0,1.0,3.0,740
2193.0,1.0,3.0,740
2194.0,1.0,3.0,740
2195.0,1.0,3.0,740
2196.0,1.0,3.0,740
2197.0,1.0,3.0,740
2198.0,1.0,3.0,740
2199.0,1.0,3.0,740
2200.0,1.0,3.0,740
2201.0,1.0,3.0,740
2202.0,1.0,3.0,740
2203.0,1.0,3.0,740
2204.0,1.0,3.0,740
2205.0,1.0,3.0,740
2206.0,1.0,3.0,740
2207.0,1.0,3.0,740
2208.0,1.0,3.0,740
2209.0,1.0,3.0,740
2210.0,1.0,3.0,740
2211.0,1.0,3.0,740
2212.0,1.0,3.0,740
2213.0,1.0,3.0,740
2214.0,1.0,3.0,740
2215.0,1.0,3.0,740
2216.0,1.0,3.0,740
2217.0,1.0,3.0,740
2218.0,1.0,3.0,740
2219.0,1.0,3.0,740
2220.0,1.0,3.0,740
2221.0,1.0,3.0,740
2222.0,1.0,3.0,740
2223.0,1.0,3.0,740
2224.0,1.0,3.0,740
2225.0,1.0,3.0,740
2226.0,1.0,3.0,740
2227.0,1.0,3.0,740
2228.0,1.0,3.0,740
2229.0,1.0,3.0,740
2230.0,1.0,3.0,740
2231.0,1.0,3.0,740
2232.0,1.0,3.0,740
2233.0,1.0,3.0,740
2234.0,1.0,3.0,740
2235.0,1.0,3.0,740
2236.0,1.0,3.0,740
2237.0,1.0,3.0,740
2238.0,1.0,3.0,740
2239.0,1.0,3.0,740
2240.0,1.0,3.0,740
2241.0,1.0,3.0,740
2242.0,1.0,3.0,740
2243.0,1.0,3.0,740
2244.0,1.0,3.0,740
2245.0,1.0,3.0,740
2246.0,1.0,3.0,740
2247.0,1.0,3.0,740
2248.0,1.0,3.0,740
2249.0,1.0,3.0,740
2250.0,1.0,3.0,740
2251.0,1.0,3.0,740
2252.0,1.0,3.0,740
2253.0,1.0,3.0,740
2254.0,1.0,3.0,740
2255.0,1.0,3.0,740
2256.0,1.0,3.0,740
2257.0,1.0,3.0,740
2258.0,1.0,3.0,740
2259.0,1.0,3.0,740
2260.0,1.0,3.0,740
2261.0,1.0,3.0,740
2262.0,1.0,3.0,740
2263.0,1.0,3.0,740
2264.0,1.0,3.0,740
2265.0,1.0,3.0,740
2266.0,1.0,3.0,740
2267.0,1.0,3.0,740
2268.0,1.0,3.0,740
2269.0,1.0,3.0,740
2270.0,1.0,3.0,740
2271.0,1.0,3.0,740
2272.0,1.0,3.0,740
2273.0,1.0,3.0,740
2274.0,1.0,3.0,740
2275.0,1.0,3.0,740
2276.0,1.0,3.0,740
2277.0,1.0,3.0,740
2278.0,1.0,3.0,740
2279.0,1.0,3.0,740
2280.0,1.0,3.0,740
2281.0,1.0,3.0,740
2282.0,1.0,3.0,740
2283.0,1.0,3.0,740
2284.0,1.0,3.0,740
2285.0,1.0,3.0,740
2286.0,1.0,3.0,740
2287.0,1.0,3.0,740
2288.0,1.0,3.0,740
2289.0,1.0,3.0,740
2290.0,1.0,3.0,740
2291.0,1.0,3.0,740
2292.0,1.0,3.0,740
2293.0,1.0,3.0,740
2294.0,1.0,3.0,740
2295.0,1.0,3.0,740
2296.0,1.0,3.0,740
2297.0,1.0,3.0,740
2298.0,1.0,3.0,740
2299.0,1.0,3.0,740
2300.0,1.0,3.0,740
2301.0,1.0,3.0,740
2302.0,1.0,3.0,740
2303.0,1.0,3.0,740
2304.0,1.0,3.0,740
2305.0,1.0,3.0,740
2306.0,1.0,3.0,740
2307.0,1.0,3.0,740
2308.0,1.0,3.0,740
2309.0,1.0,3.0,740
2310.0,1.0,3.0,740
2311.0,1.0,3.0,740
2312.0,1.0,3.0,740
2313.0,1.0,3.0,740
2314.0,1.0,3.0,740
2315.0,1.0,3.0,740
2316.0,1.0,3.0,740
2317.0,1.0,3.0,740
2318.0,1.0,3.0,740
2319.0,1.0,3.0,740
2320.0,1.0,3.0,740
2321.0,1.0,3.0,740
2322.0,1.0,3.0,740
2323.0,1.0,3.0,740
2324.0,1.0,3.0,740
2325.0,1.0,3.0,740
2326.0,1.0,3.0,740
2327.0,1.0,3.0,740
2328.0,1.0,3.0,740
2329.0,1.0,3.0,740
2330.0,1.0,3.0,740
2331.0,1.0,3.0,740
2332.0,1.0,3.0,740
2333.0,1.0,3.0,740
2334.0,1.0,3.0,740
2335.0,1.0,3.0,740
2336.0,1.0,3.0,740
2337.0,1.0,3.0,740
2338.0,1.0,3.0,740
2339.0,1.0,3.0,740
2340.0,1.0,3.0,740
2341.0,1.0,3.0,740
2342.0,1.0,3.0,740
2343.0,1.0,3.0,740
2344.0,1.0,3.0,740
2345.0,1.0,3.0,740
2346.0,1.0,3.0,740
2347.0,1.0,3.0,740
2348.0,1.0,3.0,740
2349.0,1.0,3.0,740
2350.0,1.0,3.0,740
2351.0,1.0,3.0,740
2352.0,1.0,3.0,740
2353.0,1.0,3.0,740
2354.0,1.0,3.0,740
2355.0,1.0,3.0,740
2356.0,1.0,3.0,740
2357.0,1.0,3.0,740
2358.0,1.0,3.0,740
2359.0,1.0,3.0,740
2360.0,1.0,3.0,740
2361.0,1.0,3.0,740
2362.0,1.0,3.0,740
2363.0,1.0,3.0,740
2364.0,1.0,3.0,740
2365.0,1.0,3.0,740
2366.0,1.0,3.0,740
2367.0,1.0,3.0,740
2368.0,1.0,3.0,740
2369.0,1.0,3.0,740
2370.0,1.0,3.0,740
2371.0,1.0,3.0,740
2372.0,1.0,3.0,740
2373.0,1.0,3.0,740
2374.0,1.0,3.0,740
2375.0,1.0,3.0,740
2376.0,1.0,3.0,740
2377.0,1.0,3.0,740
2378.0,1.0,3.0,740
2379.0,1.0,3.0,740
2380.0,1.0,3.0,740
2381.0,1.0,3.0,740
2382.0,1.0,3.0,740
2383.0,1.0,3.0,740
2384.0,1.0,3.0,740
2385.0,1.0,3.0,740
2386.0,1.0,3.0,740
2387.0,1.0,3.0,740
2388.0,1.0,3.0,740
2389.0,1.0,3.0,740
2390.0,1.0,3.0,740
2391.0,1.0,3.0,740
2392.0,1.0,3.0,740
2393.0,1.0,3.0,740
2394.0,1.0,3.0,740
2395.0,1.0,3.0,740
2396.0,1.0,3.0,740
2397.0,1.0,3.0,740
2398.0,1.0,3.0,740
2399.0,1.0,3.0,740
2400.0,1.0,3.0,740
2401.0,1.0,3.0,740
2402.0,1.0,3.0,740
2403.0,1.0,3.0,740
2404.0,1.0,3.0,740
2405.0,1.0,3.0,740
2406.0,1.0,3.0,740
2407.0,1.0,3.0,740
2408.0,1.0,3.0,740
2409.0,1.0,3.0,740
2410.0,1.0,3.0,740
2411.0,1.0,3.0,740
2412.0,1.0,3.0,740
2413.0,1.0,3.0,740
2414.0,1.0,3.0,740
2415.0,1.0,3.0,740
2416.0,1.0,3.0,740
2417.0,1.0,3.0,740
2418.0,1.0,3.0,740
2419.0,1.0,3.0,740
2420.0,1.0,3.0,740
2421.0,1.0,3.0,740
2422.0,1.0,3.0,740
2423.0,1.0,3.0,740
2424.0,1.0,3.0,740
2425.0,1.0,3.0,740
2426.0,1.0,3.0,740
2427.0,1.0,3.0,740
2428.0,1.0,3.0,740
2429.0,1.0,3.0,740
2430.0,1.0,3.0,740
2431.0,1.0,3.0,740
2432.0,1.0,3.0,740
2433.0,1.0,3.0,740
2434.0,1.0,3.0,740
2435.0,1.0,3.0,740
2436.0,1.0,3.0,740
2437.0,1.0,3.0,740
2438.0,1.0,3.0,740
2439.0,1.0,3.0,740
2440.0,1.0,3.0,740
2441.0,1.0,3.0,740
2442.0,1.0,3.0,740
2443.0,1.0,3.0,740
2444.0,1.0,3.0,740
2445.0,1.0,3.0,740
2446.0,1.0,3.0,740
2447.0,1.0,3.0,740
2448.0,1.0,3.0,740
2449.0,1.0,3.0,740
2450.0,1.0,3.0,740
