Timestamp: 23-Oct-2014 20:11:10
MaxDeathAge: 100
MaxInitialSugar: 25
MaxMetabolism: 4
MaxVision: 6
MinDeathAge: 60
MinInitialSugar: 5
NumAgents: 1100
Replacement: true


"tick","Avg. Metabolism","Avg. Vision","AgentCount"
1.0,2.0,3.0,1100
2.0,2.0,3.0,1100
3.0,2.0,3.0,1092
4.0,2.0,3.0,1068
5.0,2.0,3.0,1025
6.0,2.0,3.0,976
7.0,2.0,3.0,931
8.0,2.0,3.0,879
9.0,2.0,3.0,845
10.0,2.0,3.0,802
11.0,1.0,3.0,751
12.0,1.0,3.0,707
13.0,1.0,3.0,684
14.0,1.0,3.0,664
15.0,1.0,3.0,643
16.0,1.0,3.0,630
17.0,1.0,3.0,619
18.0,1.0,3.0,608
19.0,1.0,3.0,599
20.0,1.0,3.0,591
21.0,1.0,3.0,582
22.0,1.0,3.0,574
23.0,1.0,3.0,566
24.0,1.0,3.0,560
25.0,1.0,3.0,546
26.0,1.0,3.0,543
27.0,1.0,3.0,538
28.0,1.0,3.0,532
29.0,1.0,3.0,527
30.0,1.0,3.0,525
31.0,1.0,3.0,521
32.0,1.0,3.0,518
33.0,1.0,3.0,515
34.0,1.0,3.0,512
35.0,1.0,3.0,511
36.0,1.0,3.0,509
37.0,1.0,3.0,509
38.0,1.0,3.0,508
39.0,1.0,3.0,506
40.0,1.0,3.0,506
41.0,1.0,3.0,506
42.0,1.0,3.0,506
43.0,1.0,3.0,506
44.0,1.0,3.0,505
45.0,1.0,3.0,505
46.0,1.0,3.0,505
47.0,1.0,3.0,505
48.0,1.0,3.0,505
49.0,1.0,3.0,505
50.0,1.0,3.0,505
51.0,1.0,3.0,505
52.0,1.0,3.0,505
53.0,1.0,3.0,505
54.0,1.0,3.0,505
55.0,1.0,3.0,505
56.0,1.0,3.0,505
57.0,1.0,3.0,505
58.0,1.0,3.0,505
59.0,1.0,3.0,505
60.0,1.0,3.0,505
61.0,1.0,3.0,505
62.0,1.0,3.0,505
63.0,1.0,3.0,505
64.0,1.0,3.0,505
65.0,1.0,3.0,505
66.0,1.0,3.0,505
67.0,1.0,3.0,505
68.0,1.0,3.0,505
69.0,1.0,3.0,505
70.0,1.0,3.0,505
71.0,1.0,3.0,505
72.0,1.0,3.0,505
73.0,1.0,3.0,505
74.0,1.0,3.0,505
75.0,1.0,3.0,505
76.0,1.0,3.0,505
77.0,1.0,3.0,505
78.0,1.0,3.0,505
79.0,1.0,3.0,505
80.0,1.0,3.0,505
81.0,1.0,3.0,505
82.0,1.0,3.0,505
83.0,1.0,3.0,505
84.0,1.0,3.0,505
85.0,1.0,3.0,505
86.0,1.0,3.0,505
87.0,1.0,3.0,505
88.0,1.0,3.0,505
89.0,1.0,3.0,505
90.0,1.0,3.0,505
91.0,1.0,3.0,505
92.0,1.0,3.0,505
93.0,1.0,3.0,505
94.0,1.0,3.0,505
95.0,1.0,3.0,505
96.0,1.0,3.0,505
97.0,1.0,3.0,505
98.0,1.0,3.0,505
99.0,1.0,3.0,505
100.0,1.0,3.0,505
101.0,1.0,3.0,505
102.0,1.0,3.0,505
103.0,1.0,3.0,505
104.0,1.0,3.0,505
105.0,1.0,3.0,505
106.0,1.0,3.0,505
107.0,1.0,3.0,505
108.0,1.0,3.0,505
109.0,1.0,3.0,505
110.0,1.0,3.0,505
111.0,1.0,3.0,505
112.0,1.0,3.0,505
113.0,1.0,3.0,505
114.0,1.0,3.0,505
115.0,1.0,3.0,505
116.0,1.0,3.0,505
117.0,1.0,3.0,505
118.0,1.0,3.0,505
119.0,1.0,3.0,505
120.0,1.0,3.0,505
121.0,1.0,3.0,505
122.0,1.0,3.0,505
123.0,1.0,3.0,505
124.0,1.0,3.0,505
125.0,1.0,3.0,505
126.0,1.0,3.0,505
127.0,1.0,3.0,505
128.0,1.0,3.0,505
129.0,1.0,3.0,505
130.0,1.0,3.0,505
131.0,1.0,3.0,505
132.0,1.0,3.0,505
133.0,1.0,3.0,505
134.0,1.0,3.0,505
135.0,1.0,3.0,505
136.0,1.0,3.0,505
137.0,1.0,3.0,505
138.0,1.0,3.0,505
139.0,1.0,3.0,505
140.0,1.0,3.0,505
141.0,1.0,3.0,505
142.0,1.0,3.0,505
143.0,1.0,3.0,505
144.0,1.0,3.0,505
145.0,1.0,3.0,505
146.0,1.0,3.0,505
147.0,1.0,3.0,505
148.0,1.0,3.0,505
149.0,1.0,3.0,505
150.0,1.0,3.0,505
151.0,1.0,3.0,505
152.0,1.0,3.0,505
153.0,1.0,3.0,505
154.0,1.0,3.0,505
155.0,1.0,3.0,505
156.0,1.0,3.0,505
157.0,1.0,3.0,505
158.0,1.0,3.0,505
159.0,1.0,3.0,505
160.0,1.0,3.0,505
161.0,1.0,3.0,505
162.0,1.0,3.0,505
163.0,1.0,3.0,505
164.0,1.0,3.0,505
165.0,1.0,3.0,505
166.0,1.0,3.0,505
167.0,1.0,3.0,505
168.0,1.0,3.0,505
169.0,1.0,3.0,505
170.0,1.0,3.0,505
171.0,1.0,3.0,505
172.0,1.0,3.0,505
173.0,1.0,3.0,505
174.0,1.0,3.0,505
175.0,1.0,3.0,505
176.0,1.0,3.0,505
177.0,1.0,3.0,505
178.0,1.0,3.0,505
179.0,1.0,3.0,505
180.0,1.0,3.0,505
181.0,1.0,3.0,505
182.0,1.0,3.0,505
183.0,1.0,3.0,505
184.0,1.0,3.0,505
185.0,1.0,3.0,505
186.0,1.0,3.0,505
187.0,1.0,3.0,505
188.0,1.0,3.0,505
189.0,1.0,3.0,505
190.0,1.0,3.0,505
191.0,1.0,3.0,505
192.0,1.0,3.0,505
193.0,1.0,3.0,505
194.0,1.0,3.0,505
195.0,1.0,3.0,505
196.0,1.0,3.0,505
197.0,1.0,3.0,505
198.0,1.0,3.0,505
199.0,1.0,3.0,505
200.0,1.0,3.0,505
201.0,1.0,3.0,505
202.0,1.0,3.0,505
203.0,1.0,3.0,505
204.0,1.0,3.0,505
205.0,1.0,3.0,505
206.0,1.0,3.0,505
207.0,1.0,3.0,505
208.0,1.0,3.0,505
209.0,1.0,3.0,505
210.0,1.0,3.0,505
211.0,1.0,3.0,505
212.0,1.0,3.0,505
213.0,1.0,3.0,505
214.0,1.0,3.0,505
215.0,1.0,3.0,505
216.0,1.0,3.0,505
217.0,1.0,3.0,505
218.0,1.0,3.0,505
219.0,1.0,3.0,505
220.0,1.0,3.0,505
221.0,1.0,3.0,505
222.0,1.0,3.0,505
223.0,1.0,3.0,505
224.0,1.0,3.0,505
225.0,1.0,3.0,505
226.0,1.0,3.0,505
227.0,1.0,3.0,505
228.0,1.0,3.0,505
229.0,1.0,3.0,505
230.0,1.0,3.0,505
231.0,1.0,3.0,505
232.0,1.0,3.0,505
233.0,1.0,3.0,505
234.0,1.0,3.0,505
235.0,1.0,3.0,505
236.0,1.0,3.0,505
237.0,1.0,3.0,505
238.0,1.0,3.0,505
239.0,1.0,3.0,505
240.0,1.0,3.0,505
241.0,1.0,3.0,505
242.0,1.0,3.0,505
243.0,1.0,3.0,505
244.0,1.0,3.0,505
245.0,1.0,3.0,505
246.0,1.0,3.0,505
247.0,1.0,3.0,505
248.0,1.0,3.0,505
249.0,1.0,3.0,505
250.0,1.0,3.0,505
251.0,1.0,3.0,505
252.0,1.0,3.0,505
253.0,1.0,3.0,505
254.0,1.0,3.0,505
255.0,1.0,3.0,505
256.0,1.0,3.0,505
257.0,1.0,3.0,505
258.0,1.0,3.0,505
259.0,1.0,3.0,505
260.0,1.0,3.0,505
261.0,1.0,3.0,505
262.0,1.0,3.0,505
263.0,1.0,3.0,505
264.0,1.0,3.0,505
265.0,1.0,3.0,505
266.0,1.0,3.0,505
267.0,1.0,3.0,505
268.0,1.0,3.0,505
269.0,1.0,3.0,505
270.0,1.0,3.0,505
271.0,1.0,3.0,505
272.0,1.0,3.0,505
273.0,1.0,3.0,505
274.0,1.0,3.0,505
275.0,1.0,3.0,505
276.0,1.0,3.0,505
277.0,1.0,3.0,505
278.0,1.0,3.0,505
279.0,1.0,3.0,505
280.0,1.0,3.0,505
281.0,1.0,3.0,505
282.0,1.0,3.0,505
283.0,1.0,3.0,505
284.0,1.0,3.0,505
285.0,1.0,3.0,505
286.0,1.0,3.0,505
287.0,1.0,3.0,505
288.0,1.0,3.0,505
289.0,1.0,3.0,505
290.0,1.0,3.0,505
291.0,1.0,3.0,505
292.0,1.0,3.0,505
293.0,1.0,3.0,505
294.0,1.0,3.0,505
295.0,1.0,3.0,505
296.0,1.0,3.0,505
297.0,1.0,3.0,505
298.0,1.0,3.0,505
299.0,1.0,3.0,505
300.0,1.0,3.0,505
301.0,1.0,3.0,505
302.0,1.0,3.0,505
303.0,1.0,3.0,505
304.0,1.0,3.0,505
305.0,1.0,3.0,505
306.0,1.0,3.0,505
307.0,1.0,3.0,505
308.0,1.0,3.0,505
309.0,1.0,3.0,505
310.0,1.0,3.0,505
311.0,1.0,3.0,505
312.0,1.0,3.0,505
313.0,1.0,3.0,505
314.0,1.0,3.0,505
315.0,1.0,3.0,505
316.0,1.0,3.0,505
317.0,1.0,3.0,505
318.0,1.0,3.0,505
319.0,1.0,3.0,505
320.0,1.0,3.0,505
321.0,1.0,3.0,505
322.0,1.0,3.0,505
323.0,1.0,3.0,505
324.0,1.0,3.0,505
325.0,1.0,3.0,505
326.0,1.0,3.0,505
327.0,1.0,3.0,505
328.0,1.0,3.0,505
329.0,1.0,3.0,505
330.0,1.0,3.0,505
331.0,1.0,3.0,505
332.0,1.0,3.0,505
333.0,1.0,3.0,505
334.0,1.0,3.0,505
335.0,1.0,3.0,505
336.0,1.0,3.0,505
337.0,1.0,3.0,505
338.0,1.0,3.0,505
339.0,1.0,3.0,505
340.0,1.0,3.0,505
341.0,1.0,3.0,505
342.0,1.0,3.0,505
343.0,1.0,3.0,505
344.0,1.0,3.0,505
345.0,1.0,3.0,505
346.0,1.0,3.0,505
347.0,1.0,3.0,505
348.0,1.0,3.0,505
349.0,1.0,3.0,505
350.0,1.0,3.0,505
351.0,1.0,3.0,505
352.0,1.0,3.0,505
353.0,1.0,3.0,505
354.0,1.0,3.0,505
355.0,1.0,3.0,505
356.0,1.0,3.0,505
357.0,1.0,3.0,505
358.0,1.0,3.0,505
359.0,1.0,3.0,505
360.0,1.0,3.0,505
361.0,1.0,3.0,505
362.0,1.0,3.0,505
363.0,1.0,3.0,505
364.0,1.0,3.0,505
365.0,1.0,3.0,505
366.0,1.0,3.0,505
367.0,1.0,3.0,505
368.0,1.0,3.0,505
369.0,1.0,3.0,505
370.0,1.0,3.0,505
371.0,1.0,3.0,505
372.0,1.0,3.0,505
373.0,1.0,3.0,505
374.0,1.0,3.0,505
375.0,1.0,3.0,505
376.0,1.0,3.0,505
377.0,1.0,3.0,505
378.0,1.0,3.0,505
379.0,1.0,3.0,505
380.0,1.0,3.0,505
381.0,1.0,3.0,505
382.0,1.0,3.0,505
383.0,1.0,3.0,505
384.0,1.0,3.0,505
385.0,1.0,3.0,505
386.0,1.0,3.0,505
387.0,1.0,3.0,505
388.0,1.0,3.0,505
389.0,1.0,3.0,505
390.0,1.0,3.0,505
391.0,1.0,3.0,505
392.0,1.0,3.0,505
393.0,1.0,3.0,505
394.0,1.0,3.0,505
395.0,1.0,3.0,505
396.0,1.0,3.0,505
397.0,1.0,3.0,505
398.0,1.0,3.0,505
399.0,1.0,3.0,505
400.0,1.0,3.0,505
401.0,1.0,3.0,505
402.0,1.0,3.0,505
403.0,1.0,3.0,505
404.0,1.0,3.0,505
405.0,1.0,3.0,505
406.0,1.0,3.0,505
407.0,1.0,3.0,505
408.0,1.0,3.0,505
409.0,1.0,3.0,505
410.0,1.0,3.0,505
411.0,1.0,3.0,505
412.0,1.0,3.0,505
413.0,1.0,3.0,505
414.0,1.0,3.0,505
415.0,1.0,3.0,505
416.0,1.0,3.0,505
417.0,1.0,3.0,505
418.0,1.0,3.0,505
419.0,1.0,3.0,505
420.0,1.0,3.0,505
421.0,1.0,3.0,505
422.0,1.0,3.0,505
423.0,1.0,3.0,505
424.0,1.0,3.0,505
425.0,1.0,3.0,505
426.0,1.0,3.0,505
427.0,1.0,3.0,505
428.0,1.0,3.0,505
429.0,1.0,3.0,505
430.0,1.0,3.0,505
431.0,1.0,3.0,505
432.0,1.0,3.0,505
433.0,1.0,3.0,505
434.0,1.0,3.0,505
435.0,1.0,3.0,505
436.0,1.0,3.0,505
437.0,1.0,3.0,505
438.0,1.0,3.0,505
439.0,1.0,3.0,505
440.0,1.0,3.0,505
441.0,1.0,3.0,505
442.0,1.0,3.0,505
443.0,1.0,3.0,505
444.0,1.0,3.0,505
445.0,1.0,3.0,505
446.0,1.0,3.0,505
447.0,1.0,3.0,505
448.0,1.0,3.0,505
449.0,1.0,3.0,505
450.0,1.0,3.0,505
451.0,1.0,3.0,505
452.0,1.0,3.0,505
453.0,1.0,3.0,505
454.0,1.0,3.0,505
455.0,1.0,3.0,505
456.0,1.0,3.0,505
457.0,1.0,3.0,505
458.0,1.0,3.0,505
459.0,1.0,3.0,505
460.0,1.0,3.0,505
461.0,1.0,3.0,505
462.0,1.0,3.0,505
463.0,1.0,3.0,505
464.0,1.0,3.0,505
465.0,1.0,3.0,505
466.0,1.0,3.0,505
467.0,1.0,3.0,505
468.0,1.0,3.0,505
469.0,1.0,3.0,505
470.0,1.0,3.0,505
471.0,1.0,3.0,505
472.0,1.0,3.0,505
473.0,1.0,3.0,505
474.0,1.0,3.0,505
475.0,1.0,3.0,505
476.0,1.0,3.0,505
477.0,1.0,3.0,505
478.0,1.0,3.0,505
479.0,1.0,3.0,505
480.0,1.0,3.0,505
481.0,1.0,3.0,505
482.0,1.0,3.0,505
483.0,1.0,3.0,505
484.0,1.0,3.0,505
485.0,1.0,3.0,505
486.0,1.0,3.0,505
487.0,1.0,3.0,505
488.0,1.0,3.0,505
489.0,1.0,3.0,505
490.0,1.0,3.0,505
491.0,1.0,3.0,505
492.0,1.0,3.0,505
493.0,1.0,3.0,505
494.0,1.0,3.0,505
495.0,1.0,3.0,505
496.0,1.0,3.0,505
497.0,1.0,3.0,505
498.0,1.0,3.0,505
499.0,1.0,3.0,505
500.0,1.0,3.0,505
501.0,1.0,3.0,505
502.0,1.0,3.0,505
503.0,1.0,3.0,505
504.0,1.0,3.0,505
505.0,1.0,3.0,505
506.0,1.0,3.0,505
507.0,1.0,3.0,505
508.0,1.0,3.0,505
509.0,1.0,3.0,505
510.0,1.0,3.0,505
511.0,1.0,3.0,505
512.0,1.0,3.0,505
513.0,1.0,3.0,505
514.0,1.0,3.0,505
515.0,1.0,3.0,505
516.0,1.0,3.0,505
517.0,1.0,3.0,505
518.0,1.0,3.0,505
519.0,1.0,3.0,505
520.0,1.0,3.0,505
521.0,1.0,3.0,505
522.0,1.0,3.0,505
523.0,1.0,3.0,505
524.0,1.0,3.0,505
525.0,1.0,3.0,505
526.0,1.0,3.0,505
527.0,1.0,3.0,505
528.0,1.0,3.0,505
529.0,1.0,3.0,505
530.0,1.0,3.0,505
531.0,1.0,3.0,505
532.0,1.0,3.0,505
533.0,1.0,3.0,505
534.0,1.0,3.0,505
535.0,1.0,3.0,505
536.0,1.0,3.0,505
537.0,1.0,3.0,505
538.0,1.0,3.0,505
539.0,1.0,3.0,505
540.0,1.0,3.0,505
541.0,1.0,3.0,505
542.0,1.0,3.0,505
543.0,1.0,3.0,505
544.0,1.0,3.0,505
545.0,1.0,3.0,505
546.0,1.0,3.0,505
547.0,1.0,3.0,505
548.0,1.0,3.0,505
549.0,1.0,3.0,505
550.0,1.0,3.0,505
551.0,1.0,3.0,505
552.0,1.0,3.0,505
553.0,1.0,3.0,505
554.0,1.0,3.0,505
555.0,1.0,3.0,505
556.0,1.0,3.0,505
557.0,1.0,3.0,505
558.0,1.0,3.0,505
559.0,1.0,3.0,505
560.0,1.0,3.0,505
561.0,1.0,3.0,505
562.0,1.0,3.0,505
563.0,1.0,3.0,505
564.0,1.0,3.0,505
565.0,1.0,3.0,505
566.0,1.0,3.0,505
567.0,1.0,3.0,505
568.0,1.0,3.0,505
569.0,1.0,3.0,505
570.0,1.0,3.0,505
571.0,1.0,3.0,505
572.0,1.0,3.0,505
573.0,1.0,3.0,505
574.0,1.0,3.0,505
575.0,1.0,3.0,505
576.0,1.0,3.0,505
577.0,1.0,3.0,505
578.0,1.0,3.0,505
579.0,1.0,3.0,505
580.0,1.0,3.0,505
581.0,1.0,3.0,505
582.0,1.0,3.0,505
583.0,1.0,3.0,505
584.0,1.0,3.0,505
585.0,1.0,3.0,505
586.0,1.0,3.0,505
587.0,1.0,3.0,505
588.0,1.0,3.0,505
589.0,1.0,3.0,505
590.0,1.0,3.0,505
591.0,1.0,3.0,505
592.0,1.0,3.0,505
593.0,1.0,3.0,505
594.0,1.0,3.0,505
595.0,1.0,3.0,505
596.0,1.0,3.0,505
597.0,1.0,3.0,505
598.0,1.0,3.0,505
599.0,1.0,3.0,505
600.0,1.0,3.0,505
601.0,1.0,3.0,505
602.0,1.0,3.0,505
603.0,1.0,3.0,505
604.0,1.0,3.0,505
605.0,1.0,3.0,505
606.0,1.0,3.0,505
607.0,1.0,3.0,505
608.0,1.0,3.0,505
609.0,1.0,3.0,505
610.0,1.0,3.0,505
611.0,1.0,3.0,505
612.0,1.0,3.0,505
613.0,1.0,3.0,505
614.0,1.0,3.0,505
615.0,1.0,3.0,505
616.0,1.0,3.0,505
617.0,1.0,3.0,505
618.0,1.0,3.0,505
619.0,1.0,3.0,505
620.0,1.0,3.0,505
621.0,1.0,3.0,505
622.0,1.0,3.0,505
623.0,1.0,3.0,505
624.0,1.0,3.0,505
625.0,1.0,3.0,505
626.0,1.0,3.0,505
627.0,1.0,3.0,505
628.0,1.0,3.0,505
629.0,1.0,3.0,505
630.0,1.0,3.0,505
631.0,1.0,3.0,505
632.0,1.0,3.0,505
633.0,1.0,3.0,505
634.0,1.0,3.0,505
635.0,1.0,3.0,505
636.0,1.0,3.0,505
637.0,1.0,3.0,505
638.0,1.0,3.0,505
639.0,1.0,3.0,505
640.0,1.0,3.0,505
641.0,1.0,3.0,505
642.0,1.0,3.0,505
643.0,1.0,3.0,505
644.0,1.0,3.0,505
645.0,1.0,3.0,505
646.0,1.0,3.0,505
647.0,1.0,3.0,505
648.0,1.0,3.0,505
649.0,1.0,3.0,505
650.0,1.0,3.0,505
651.0,1.0,3.0,505
652.0,1.0,3.0,505
653.0,1.0,3.0,505
654.0,1.0,3.0,505
655.0,1.0,3.0,505
656.0,1.0,3.0,505
657.0,1.0,3.0,505
658.0,1.0,3.0,505
659.0,1.0,3.0,505
660.0,1.0,3.0,505
661.0,1.0,3.0,505
662.0,1.0,3.0,505
663.0,1.0,3.0,505
664.0,1.0,3.0,505
665.0,1.0,3.0,505
666.0,1.0,3.0,505
667.0,1.0,3.0,505
668.0,1.0,3.0,504
669.0,1.0,3.0,504
670.0,1.0,3.0,504
671.0,1.0,3.0,504
672.0,1.0,3.0,504
673.0,1.0,3.0,504
674.0,1.0,3.0,504
675.0,1.0,3.0,504
676.0,1.0,3.0,504
677.0,1.0,3.0,504
678.0,1.0,3.0,504
679.0,1.0,3.0,504
680.0,1.0,3.0,504
681.0,1.0,3.0,504
682.0,1.0,3.0,504
683.0,1.0,3.0,504
684.0,1.0,3.0,504
685.0,1.0,3.0,504
686.0,1.0,3.0,504
687.0,1.0,3.0,504
688.0,1.0,3.0,504
689.0,1.0,3.0,504
690.0,1.0,3.0,504
691.0,1.0,3.0,504
692.0,1.0,3.0,504
693.0,1.0,3.0,504
694.0,1.0,3.0,504
695.0,1.0,3.0,504
696.0,1.0,3.0,504
697.0,1.0,3.0,504
698.0,1.0,3.0,504
699.0,1.0,3.0,504
700.0,1.0,3.0,504
701.0,1.0,3.0,504
702.0,1.0,3.0,504
703.0,1.0,3.0,504
704.0,1.0,3.0,504
705.0,1.0,3.0,504
706.0,1.0,3.0,504
707.0,1.0,3.0,504
708.0,1.0,3.0,504
709.0,1.0,3.0,504
710.0,1.0,3.0,504
711.0,1.0,3.0,504
712.0,1.0,3.0,504
713.0,1.0,3.0,504
714.0,1.0,3.0,504
715.0,1.0,3.0,504
716.0,1.0,3.0,504
717.0,1.0,3.0,504
718.0,1.0,3.0,504
719.0,1.0,3.0,504
720.0,1.0,3.0,504
721.0,1.0,3.0,504
722.0,1.0,3.0,504
723.0,1.0,3.0,504
724.0,1.0,3.0,504
725.0,1.0,3.0,504
726.0,1.0,3.0,504
727.0,1.0,3.0,504
728.0,1.0,3.0,504
729.0,1.0,3.0,504
730.0,1.0,3.0,504
731.0,1.0,3.0,504
732.0,1.0,3.0,504
733.0,1.0,3.0,504
734.0,1.0,3.0,504
735.0,1.0,3.0,504
736.0,1.0,3.0,504
737.0,1.0,3.0,504
738.0,1.0,3.0,504
739.0,1.0,3.0,504
740.0,1.0,3.0,504
741.0,1.0,3.0,504
742.0,1.0,3.0,504
743.0,1.0,3.0,504
744.0,1.0,3.0,504
745.0,1.0,3.0,504
746.0,1.0,3.0,504
747.0,1.0,3.0,504
748.0,1.0,3.0,504
749.0,1.0,3.0,504
750.0,1.0,3.0,504
751.0,1.0,3.0,504
752.0,1.0,3.0,504
753.0,1.0,3.0,504
754.0,1.0,3.0,504
755.0,1.0,3.0,504
756.0,1.0,3.0,504
757.0,1.0,3.0,504
758.0,1.0,3.0,504
759.0,1.0,3.0,504
760.0,1.0,3.0,504
761.0,1.0,3.0,504
762.0,1.0,3.0,504
763.0,1.0,3.0,504
764.0,1.0,3.0,504
765.0,1.0,3.0,504
766.0,1.0,3.0,504
767.0,1.0,3.0,504
768.0,1.0,3.0,504
769.0,1.0,3.0,504
770.0,1.0,3.0,504
771.0,1.0,3.0,504
772.0,1.0,3.0,504
773.0,1.0,3.0,504
774.0,1.0,3.0,504
775.0,1.0,3.0,504
776.0,1.0,3.0,504
777.0,1.0,3.0,504
778.0,1.0,3.0,504
779.0,1.0,3.0,504
780.0,1.0,3.0,504
781.0,1.0,3.0,504
782.0,1.0,3.0,504
783.0,1.0,3.0,504
784.0,1.0,3.0,504
785.0,1.0,3.0,504
786.0,1.0,3.0,504
787.0,1.0,3.0,504
788.0,1.0,3.0,504
789.0,1.0,3.0,504
790.0,1.0,3.0,504
791.0,1.0,3.0,504
792.0,1.0,3.0,504
793.0,1.0,3.0,504
794.0,1.0,3.0,504
795.0,1.0,3.0,504
796.0,1.0,3.0,504
797.0,1.0,3.0,504
798.0,1.0,3.0,504
799.0,1.0,3.0,504
800.0,1.0,3.0,504
801.0,1.0,3.0,504
802.0,1.0,3.0,504
803.0,1.0,3.0,504
804.0,1.0,3.0,504
805.0,1.0,3.0,504
806.0,1.0,3.0,504
807.0,1.0,3.0,504
808.0,1.0,3.0,504
809.0,1.0,3.0,504
810.0,1.0,3.0,504
811.0,1.0,3.0,504
812.0,1.0,3.0,504
813.0,1.0,3.0,504
814.0,1.0,3.0,504
815.0,1.0,3.0,504
816.0,1.0,3.0,504
817.0,1.0,3.0,504
818.0,1.0,3.0,504
819.0,1.0,3.0,504
820.0,1.0,3.0,504
821.0,1.0,3.0,504
822.0,1.0,3.0,504
823.0,1.0,3.0,504
824.0,1.0,3.0,504
825.0,1.0,3.0,504
826.0,1.0,3.0,504
827.0,1.0,3.0,504
828.0,1.0,3.0,504
829.0,1.0,3.0,504
830.0,1.0,3.0,504
831.0,1.0,3.0,504
832.0,1.0,3.0,504
833.0,1.0,3.0,504
834.0,1.0,3.0,504
835.0,1.0,3.0,504
836.0,1.0,3.0,504
837.0,1.0,3.0,504
838.0,1.0,3.0,504
839.0,1.0,3.0,504
840.0,1.0,3.0,504
841.0,1.0,3.0,504
842.0,1.0,3.0,504
843.0,1.0,3.0,504
844.0,1.0,3.0,504
845.0,1.0,3.0,504
846.0,1.0,3.0,504
847.0,1.0,3.0,504
848.0,1.0,3.0,504
849.0,1.0,3.0,504
850.0,1.0,3.0,504
851.0,1.0,3.0,504
852.0,1.0,3.0,504
853.0,1.0,3.0,504
854.0,1.0,3.0,504
855.0,1.0,3.0,504
856.0,1.0,3.0,504
857.0,1.0,3.0,504
858.0,1.0,3.0,504
859.0,1.0,3.0,504
860.0,1.0,3.0,504
861.0,1.0,3.0,504
862.0,1.0,3.0,504
863.0,1.0,3.0,504
864.0,1.0,3.0,504
865.0,1.0,3.0,504
866.0,1.0,3.0,504
867.0,1.0,3.0,504
868.0,1.0,3.0,504
869.0,1.0,3.0,504
870.0,1.0,3.0,504
871.0,1.0,3.0,504
872.0,1.0,3.0,504
873.0,1.0,3.0,504
874.0,1.0,3.0,504
875.0,1.0,3.0,504
876.0,1.0,3.0,504
877.0,1.0,3.0,504
878.0,1.0,3.0,504
879.0,1.0,3.0,504
880.0,1.0,3.0,504
881.0,1.0,3.0,504
882.0,1.0,3.0,504
883.0,1.0,3.0,504
884.0,1.0,3.0,504
885.0,1.0,3.0,504
886.0,1.0,3.0,504
887.0,1.0,3.0,504
888.0,1.0,3.0,504
889.0,1.0,3.0,504
890.0,1.0,3.0,504
891.0,1.0,3.0,504
892.0,1.0,3.0,504
893.0,1.0,3.0,504
894.0,1.0,3.0,504
895.0,1.0,3.0,504
896.0,1.0,3.0,504
897.0,1.0,3.0,504
898.0,1.0,3.0,504
899.0,1.0,3.0,504
900.0,1.0,3.0,504
901.0,1.0,3.0,504
902.0,1.0,3.0,504
903.0,1.0,3.0,504
904.0,1.0,3.0,504
905.0,1.0,3.0,504
906.0,1.0,3.0,504
907.0,1.0,3.0,504
908.0,1.0,3.0,504
909.0,1.0,3.0,504
910.0,1.0,3.0,504
911.0,1.0,3.0,504
912.0,1.0,3.0,504
913.0,1.0,3.0,504
914.0,1.0,3.0,504
915.0,1.0,3.0,504
916.0,1.0,3.0,504
917.0,1.0,3.0,504
918.0,1.0,3.0,504
919.0,1.0,3.0,504
920.0,1.0,3.0,504
921.0,1.0,3.0,504
922.0,1.0,3.0,504
923.0,1.0,3.0,504
924.0,1.0,3.0,504
925.0,1.0,3.0,504
926.0,1.0,3.0,504
927.0,1.0,3.0,504
928.0,1.0,3.0,504
929.0,1.0,3.0,504
930.0,1.0,3.0,504
931.0,1.0,3.0,504
932.0,1.0,3.0,504
933.0,1.0,3.0,504
934.0,1.0,3.0,504
935.0,1.0,3.0,504
936.0,1.0,3.0,504
937.0,1.0,3.0,504
938.0,1.0,3.0,504
939.0,1.0,3.0,504
940.0,1.0,3.0,504
941.0,1.0,3.0,504
942.0,1.0,3.0,504
943.0,1.0,3.0,504
944.0,1.0,3.0,504
945.0,1.0,3.0,504
946.0,1.0,3.0,504
947.0,1.0,3.0,504
948.0,1.0,3.0,504
949.0,1.0,3.0,504
950.0,1.0,3.0,504
951.0,1.0,3.0,504
952.0,1.0,3.0,504
953.0,1.0,3.0,504
954.0,1.0,3.0,504
955.0,1.0,3.0,504
956.0,1.0,3.0,504
957.0,1.0,3.0,504
958.0,1.0,3.0,504
959.0,1.0,3.0,504
960.0,1.0,3.0,504
961.0,1.0,3.0,504
962.0,1.0,3.0,504
963.0,1.0,3.0,504
964.0,1.0,3.0,504
965.0,1.0,3.0,504
966.0,1.0,3.0,504
967.0,1.0,3.0,504
968.0,1.0,3.0,504
969.0,1.0,3.0,504
970.0,1.0,3.0,504
971.0,1.0,3.0,504
972.0,1.0,3.0,504
973.0,1.0,3.0,504
974.0,1.0,3.0,504
975.0,1.0,3.0,504
976.0,1.0,3.0,504
977.0,1.0,3.0,504
978.0,1.0,3.0,504
979.0,1.0,3.0,504
980.0,1.0,3.0,504
981.0,1.0,3.0,504
982.0,1.0,3.0,504
983.0,1.0,3.0,504
984.0,1.0,3.0,504
985.0,1.0,3.0,504
986.0,1.0,3.0,504
987.0,1.0,3.0,504
988.0,1.0,3.0,504
989.0,1.0,3.0,504
990.0,1.0,3.0,504
991.0,1.0,3.0,504
992.0,1.0,3.0,504
993.0,1.0,3.0,504
994.0,1.0,3.0,504
995.0,1.0,3.0,504
996.0,1.0,3.0,504
997.0,1.0,3.0,504
998.0,1.0,3.0,504
999.0,1.0,3.0,504
1000.0,1.0,3.0,504
1001.0,1.0,3.0,504
1002.0,1.0,3.0,504
1003.0,1.0,3.0,504
1004.0,1.0,3.0,504
1005.0,1.0,3.0,504
1006.0,1.0,3.0,504
1007.0,1.0,3.0,504
1008.0,1.0,3.0,504
1009.0,1.0,3.0,504
1010.0,1.0,3.0,504
1011.0,1.0,3.0,504
1012.0,1.0,3.0,504
1013.0,1.0,3.0,504
1014.0,1.0,3.0,504
1015.0,1.0,3.0,504
1016.0,1.0,3.0,504
1017.0,1.0,3.0,504
1018.0,1.0,3.0,504
1019.0,1.0,3.0,504
1020.0,1.0,3.0,504
1021.0,1.0,3.0,504
1022.0,1.0,3.0,504
1023.0,1.0,3.0,504
1024.0,1.0,3.0,504
1025.0,1.0,3.0,504
1026.0,1.0,3.0,504
1027.0,1.0,3.0,504
1028.0,1.0,3.0,504
1029.0,1.0,3.0,504
1030.0,1.0,3.0,504
1031.0,1.0,3.0,504
1032.0,1.0,3.0,504
1033.0,1.0,3.0,504
1034.0,1.0,3.0,504
1035.0,1.0,3.0,504
1036.0,1.0,3.0,504
1037.0,1.0,3.0,504
1038.0,1.0,3.0,504
1039.0,1.0,3.0,504
1040.0,1.0,3.0,504
1041.0,1.0,3.0,504
1042.0,1.0,3.0,504
1043.0,1.0,3.0,504
1044.0,1.0,3.0,504
1045.0,1.0,3.0,504
1046.0,1.0,3.0,504
1047.0,1.0,3.0,504
1048.0,1.0,3.0,504
1049.0,1.0,3.0,504
1050.0,1.0,3.0,504
1051.0,1.0,3.0,504
1052.0,1.0,3.0,504
1053.0,1.0,3.0,504
1054.0,1.0,3.0,504
1055.0,1.0,3.0,504
1056.0,1.0,3.0,504
1057.0,1.0,3.0,504
1058.0,1.0,3.0,504
1059.0,1.0,3.0,504
1060.0,1.0,3.0,504
1061.0,1.0,3.0,504
1062.0,1.0,3.0,504
1063.0,1.0,3.0,504
1064.0,1.0,3.0,504
1065.0,1.0,3.0,504
1066.0,1.0,3.0,504
1067.0,1.0,3.0,504
1068.0,1.0,3.0,504
1069.0,1.0,3.0,504
1070.0,1.0,3.0,504
1071.0,1.0,3.0,504
1072.0,1.0,3.0,504
1073.0,1.0,3.0,504
1074.0,1.0,3.0,504
1075.0,1.0,3.0,504
1076.0,1.0,3.0,504
1077.0,1.0,3.0,504
1078.0,1.0,3.0,504
1079.0,1.0,3.0,504
1080.0,1.0,3.0,504
1081.0,1.0,3.0,504
1082.0,1.0,3.0,504
1083.0,1.0,3.0,504
1084.0,1.0,3.0,504
1085.0,1.0,3.0,504
1086.0,1.0,3.0,504
1087.0,1.0,3.0,504
1088.0,1.0,3.0,504
1089.0,1.0,3.0,504
1090.0,1.0,3.0,504
1091.0,1.0,3.0,504
1092.0,1.0,3.0,504
1093.0,1.0,3.0,504
1094.0,1.0,3.0,504
1095.0,1.0,3.0,504
1096.0,1.0,3.0,504
1097.0,1.0,3.0,504
1098.0,1.0,3.0,504
1099.0,1.0,3.0,504
1100.0,1.0,3.0,504
1101.0,1.0,3.0,504
1102.0,1.0,3.0,504
1103.0,1.0,3.0,504
1104.0,1.0,3.0,504
1105.0,1.0,3.0,504
1106.0,1.0,3.0,504
1107.0,1.0,3.0,504
1108.0,1.0,3.0,504
1109.0,1.0,3.0,504
1110.0,1.0,3.0,504
1111.0,1.0,3.0,504
1112.0,1.0,3.0,504
1113.0,1.0,3.0,504
1114.0,1.0,3.0,504
1115.0,1.0,3.0,504
1116.0,1.0,3.0,504
1117.0,1.0,3.0,504
1118.0,1.0,3.0,504
1119.0,1.0,3.0,504
1120.0,1.0,3.0,504
1121.0,1.0,3.0,504
1122.0,1.0,3.0,504
1123.0,1.0,3.0,504
1124.0,1.0,3.0,504
1125.0,1.0,3.0,504
1126.0,1.0,3.0,504
1127.0,1.0,3.0,504
1128.0,1.0,3.0,504
1129.0,1.0,3.0,504
1130.0,1.0,3.0,504
1131.0,1.0,3.0,504
1132.0,1.0,3.0,504
1133.0,1.0,3.0,504
1134.0,1.0,3.0,504
1135.0,1.0,3.0,504
1136.0,1.0,3.0,504
1137.0,1.0,3.0,504
1138.0,1.0,3.0,504
1139.0,1.0,3.0,504
1140.0,1.0,3.0,504
1141.0,1.0,3.0,504
1142.0,1.0,3.0,504
1143.0,1.0,3.0,504
1144.0,1.0,3.0,504
1145.0,1.0,3.0,504
1146.0,1.0,3.0,504
1147.0,1.0,3.0,504
1148.0,1.0,3.0,504
1149.0,1.0,3.0,504
1150.0,1.0,3.0,504
1151.0,1.0,3.0,504
1152.0,1.0,3.0,504
1153.0,1.0,3.0,504
1154.0,1.0,3.0,504
1155.0,1.0,3.0,504
1156.0,1.0,3.0,504
1157.0,1.0,3.0,504
1158.0,1.0,3.0,504
1159.0,1.0,3.0,504
1160.0,1.0,3.0,504
1161.0,1.0,3.0,504
1162.0,1.0,3.0,504
1163.0,1.0,3.0,504
1164.0,1.0,3.0,504
1165.0,1.0,3.0,504
1166.0,1.0,3.0,504
1167.0,1.0,3.0,504
1168.0,1.0,3.0,504
1169.0,1.0,3.0,504
1170.0,1.0,3.0,504
1171.0,1.0,3.0,504
1172.0,1.0,3.0,504
1173.0,1.0,3.0,504
1174.0,1.0,3.0,504
1175.0,1.0,3.0,504
1176.0,1.0,3.0,504
1177.0,1.0,3.0,504
1178.0,1.0,3.0,504
1179.0,1.0,3.0,504
1180.0,1.0,3.0,504
1181.0,1.0,3.0,504
1182.0,1.0,3.0,504
1183.0,1.0,3.0,504
1184.0,1.0,3.0,504
1185.0,1.0,3.0,504
1186.0,1.0,3.0,504
1187.0,1.0,3.0,504
1188.0,1.0,3.0,504
1189.0,1.0,3.0,504
1190.0,1.0,3.0,504
1191.0,1.0,3.0,504
1192.0,1.0,3.0,504
1193.0,1.0,3.0,504
1194.0,1.0,3.0,504
1195.0,1.0,3.0,504
1196.0,1.0,3.0,504
1197.0,1.0,3.0,504
1198.0,1.0,3.0,504
1199.0,1.0,3.0,504
1200.0,1.0,3.0,504
1201.0,1.0,3.0,504
1202.0,1.0,3.0,504
1203.0,1.0,3.0,504
1204.0,1.0,3.0,504
1205.0,1.0,3.0,504
1206.0,1.0,3.0,504
1207.0,1.0,3.0,504
1208.0,1.0,3.0,504
1209.0,1.0,3.0,504
1210.0,1.0,3.0,504
1211.0,1.0,3.0,504
1212.0,1.0,3.0,504
1213.0,1.0,3.0,504
1214.0,1.0,3.0,504
1215.0,1.0,3.0,504
1216.0,1.0,3.0,504
1217.0,1.0,3.0,504
1218.0,1.0,3.0,504
1219.0,1.0,3.0,504
1220.0,1.0,3.0,504
1221.0,1.0,3.0,504
1222.0,1.0,3.0,504
1223.0,1.0,3.0,504
1224.0,1.0,3.0,504
1225.0,1.0,3.0,504
1226.0,1.0,3.0,504
1227.0,1.0,3.0,504
1228.0,1.0,3.0,504
1229.0,1.0,3.0,504
1230.0,1.0,3.0,504
1231.0,1.0,3.0,504
1232.0,1.0,3.0,504
1233.0,1.0,3.0,504
1234.0,1.0,3.0,504
1235.0,1.0,3.0,504
1236.0,1.0,3.0,504
1237.0,1.0,3.0,504
1238.0,1.0,3.0,504
1239.0,1.0,3.0,504
1240.0,1.0,3.0,504
1241.0,1.0,3.0,504
1242.0,1.0,3.0,504
1243.0,1.0,3.0,504
1244.0,1.0,3.0,504
1245.0,1.0,3.0,504
1246.0,1.0,3.0,504
1247.0,1.0,3.0,504
1248.0,1.0,3.0,504
1249.0,1.0,3.0,504
1250.0,1.0,3.0,504
1251.0,1.0,3.0,504
1252.0,1.0,3.0,504
1253.0,1.0,3.0,504
1254.0,1.0,3.0,504
1255.0,1.0,3.0,504
1256.0,1.0,3.0,504
1257.0,1.0,3.0,504
1258.0,1.0,3.0,504
1259.0,1.0,3.0,504
1260.0,1.0,3.0,504
1261.0,1.0,3.0,504
1262.0,1.0,3.0,504
1263.0,1.0,3.0,504
1264.0,1.0,3.0,504
1265.0,1.0,3.0,504
1266.0,1.0,3.0,504
1267.0,1.0,3.0,504
1268.0,1.0,3.0,504
1269.0,1.0,3.0,504
1270.0,1.0,3.0,504
1271.0,1.0,3.0,504
1272.0,1.0,3.0,504
1273.0,1.0,3.0,504
1274.0,1.0,3.0,504
1275.0,1.0,3.0,504
1276.0,1.0,3.0,504
1277.0,1.0,3.0,504
1278.0,1.0,3.0,504
1279.0,1.0,3.0,504
1280.0,1.0,3.0,504
1281.0,1.0,3.0,504
1282.0,1.0,3.0,504
1283.0,1.0,3.0,504
1284.0,1.0,3.0,504
1285.0,1.0,3.0,504
1286.0,1.0,3.0,504
1287.0,1.0,3.0,504
1288.0,1.0,3.0,504
1289.0,1.0,3.0,504
1290.0,1.0,3.0,504
1291.0,1.0,3.0,504
1292.0,1.0,3.0,504
1293.0,1.0,3.0,504
1294.0,1.0,3.0,504
1295.0,1.0,3.0,504
1296.0,1.0,3.0,504
1297.0,1.0,3.0,504
1298.0,1.0,3.0,504
1299.0,1.0,3.0,504
1300.0,1.0,3.0,504
1301.0,1.0,3.0,504
1302.0,1.0,3.0,504
1303.0,1.0,3.0,504
1304.0,1.0,3.0,504
1305.0,1.0,3.0,504
1306.0,1.0,3.0,504
1307.0,1.0,3.0,504
1308.0,1.0,3.0,504
1309.0,1.0,3.0,504
1310.0,1.0,3.0,504
1311.0,1.0,3.0,504
1312.0,1.0,3.0,504
1313.0,1.0,3.0,504
1314.0,1.0,3.0,504
1315.0,1.0,3.0,504
1316.0,1.0,3.0,504
1317.0,1.0,3.0,504
1318.0,1.0,3.0,504
1319.0,1.0,3.0,504
1320.0,1.0,3.0,504
1321.0,1.0,3.0,504
1322.0,1.0,3.0,504
1323.0,1.0,3.0,504
1324.0,1.0,3.0,504
1325.0,1.0,3.0,504
1326.0,1.0,3.0,504
1327.0,1.0,3.0,504
1328.0,1.0,3.0,504
1329.0,1.0,3.0,504
1330.0,1.0,3.0,504
1331.0,1.0,3.0,504
1332.0,1.0,3.0,504
1333.0,1.0,3.0,504
1334.0,1.0,3.0,504
1335.0,1.0,3.0,504
1336.0,1.0,3.0,504
1337.0,1.0,3.0,504
1338.0,1.0,3.0,504
1339.0,1.0,3.0,504
1340.0,1.0,3.0,504
1341.0,1.0,3.0,504
1342.0,1.0,3.0,504
1343.0,1.0,3.0,504
1344.0,1.0,3.0,504
1345.0,1.0,3.0,504
1346.0,1.0,3.0,504
1347.0,1.0,3.0,504
1348.0,1.0,3.0,504
1349.0,1.0,3.0,504
1350.0,1.0,3.0,504
1351.0,1.0,3.0,504
1352.0,1.0,3.0,504
1353.0,1.0,3.0,504
1354.0,1.0,3.0,504
1355.0,1.0,3.0,504
1356.0,1.0,3.0,504
1357.0,1.0,3.0,504
1358.0,1.0,3.0,504
1359.0,1.0,3.0,504
1360.0,1.0,3.0,504
1361.0,1.0,3.0,504
1362.0,1.0,3.0,504
1363.0,1.0,3.0,504
1364.0,1.0,3.0,504
1365.0,1.0,3.0,504
1366.0,1.0,3.0,504
1367.0,1.0,3.0,504
1368.0,1.0,3.0,504
1369.0,1.0,3.0,504
1370.0,1.0,3.0,504
1371.0,1.0,3.0,504
1372.0,1.0,3.0,504
1373.0,1.0,3.0,504
1374.0,1.0,3.0,504
1375.0,1.0,3.0,504
1376.0,1.0,3.0,504
1377.0,1.0,3.0,504
1378.0,1.0,3.0,504
1379.0,1.0,3.0,504
1380.0,1.0,3.0,504
1381.0,1.0,3.0,504
1382.0,1.0,3.0,504
1383.0,1.0,3.0,504
1384.0,1.0,3.0,504
1385.0,1.0,3.0,504
1386.0,1.0,3.0,504
1387.0,1.0,3.0,504
1388.0,1.0,3.0,504
1389.0,1.0,3.0,504
1390.0,1.0,3.0,504
1391.0,1.0,3.0,504
1392.0,1.0,3.0,504
1393.0,1.0,3.0,504
1394.0,1.0,3.0,504
1395.0,1.0,3.0,504
1396.0,1.0,3.0,504
1397.0,1.0,3.0,504
1398.0,1.0,3.0,504
1399.0,1.0,3.0,504
1400.0,1.0,3.0,504
1401.0,1.0,3.0,504
1402.0,1.0,3.0,504
1403.0,1.0,3.0,504
1404.0,1.0,3.0,504
1405.0,1.0,3.0,504
1406.0,1.0,3.0,504
1407.0,1.0,3.0,504
1408.0,1.0,3.0,504
1409.0,1.0,3.0,504
1410.0,1.0,3.0,504
1411.0,1.0,3.0,504
1412.0,1.0,3.0,504
1413.0,1.0,3.0,504
1414.0,1.0,3.0,504
1415.0,1.0,3.0,504
1416.0,1.0,3.0,504
1417.0,1.0,3.0,504
1418.0,1.0,3.0,504
1419.0,1.0,3.0,504
1420.0,1.0,3.0,504
1421.0,1.0,3.0,504
1422.0,1.0,3.0,504
1423.0,1.0,3.0,504
1424.0,1.0,3.0,504
1425.0,1.0,3.0,504
1426.0,1.0,3.0,504
1427.0,1.0,3.0,504
1428.0,1.0,3.0,504
1429.0,1.0,3.0,504
1430.0,1.0,3.0,504
1431.0,1.0,3.0,504
1432.0,1.0,3.0,504
1433.0,1.0,3.0,504
1434.0,1.0,3.0,504
1435.0,1.0,3.0,504
1436.0,1.0,3.0,504
1437.0,1.0,3.0,504
1438.0,1.0,3.0,504
1439.0,1.0,3.0,504
1440.0,1.0,3.0,504
1441.0,1.0,3.0,504
1442.0,1.0,3.0,504
1443.0,1.0,3.0,504
1444.0,1.0,3.0,504
1445.0,1.0,3.0,504
1446.0,1.0,3.0,504
1447.0,1.0,3.0,504
1448.0,1.0,3.0,504
1449.0,1.0,3.0,504
1450.0,1.0,3.0,504
1451.0,1.0,3.0,504
1452.0,1.0,3.0,504
1453.0,1.0,3.0,504
1454.0,1.0,3.0,504
1455.0,1.0,3.0,504
1456.0,1.0,3.0,504
1457.0,1.0,3.0,504
1458.0,1.0,3.0,504
1459.0,1.0,3.0,504
1460.0,1.0,3.0,504
1461.0,1.0,3.0,504
1462.0,1.0,3.0,504
1463.0,1.0,3.0,504
1464.0,1.0,3.0,504
1465.0,1.0,3.0,504
1466.0,1.0,3.0,504
1467.0,1.0,3.0,504
1468.0,1.0,3.0,504
1469.0,1.0,3.0,504
1470.0,1.0,3.0,504
1471.0,1.0,3.0,504
1472.0,1.0,3.0,504
1473.0,1.0,3.0,504
1474.0,1.0,3.0,504
1475.0,1.0,3.0,504
1476.0,1.0,3.0,504
1477.0,1.0,3.0,504
1478.0,1.0,3.0,504
1479.0,1.0,3.0,504
1480.0,1.0,3.0,504
1481.0,1.0,3.0,504
1482.0,1.0,3.0,504
1483.0,1.0,3.0,504
1484.0,1.0,3.0,504
1485.0,1.0,3.0,504
1486.0,1.0,3.0,504
1487.0,1.0,3.0,504
1488.0,1.0,3.0,504
1489.0,1.0,3.0,504
1490.0,1.0,3.0,504
1491.0,1.0,3.0,504
1492.0,1.0,3.0,504
1493.0,1.0,3.0,504
1494.0,1.0,3.0,504
1495.0,1.0,3.0,504
1496.0,1.0,3.0,504
1497.0,1.0,3.0,504
1498.0,1.0,3.0,504
1499.0,1.0,3.0,504
1500.0,1.0,3.0,504
1501.0,1.0,3.0,504
1502.0,1.0,3.0,504
1503.0,1.0,3.0,504
1504.0,1.0,3.0,504
1505.0,1.0,3.0,504
1506.0,1.0,3.0,504
1507.0,1.0,3.0,504
1508.0,1.0,3.0,504
1509.0,1.0,3.0,504
1510.0,1.0,3.0,504
1511.0,1.0,3.0,504
1512.0,1.0,3.0,504
1513.0,1.0,3.0,504
1514.0,1.0,3.0,504
1515.0,1.0,3.0,504
1516.0,1.0,3.0,504
1517.0,1.0,3.0,504
1518.0,1.0,3.0,504
1519.0,1.0,3.0,504
1520.0,1.0,3.0,504
1521.0,1.0,3.0,504
1522.0,1.0,3.0,504
1523.0,1.0,3.0,504
1524.0,1.0,3.0,504
1525.0,1.0,3.0,504
1526.0,1.0,3.0,504
1527.0,1.0,3.0,504
1528.0,1.0,3.0,504
1529.0,1.0,3.0,504
1530.0,1.0,3.0,504
1531.0,1.0,3.0,504
1532.0,1.0,3.0,504
1533.0,1.0,3.0,504
1534.0,1.0,3.0,504
1535.0,1.0,3.0,504
1536.0,1.0,3.0,504
1537.0,1.0,3.0,504
1538.0,1.0,3.0,504
1539.0,1.0,3.0,504
1540.0,1.0,3.0,504
1541.0,1.0,3.0,504
1542.0,1.0,3.0,504
1543.0,1.0,3.0,504
1544.0,1.0,3.0,504
1545.0,1.0,3.0,504
1546.0,1.0,3.0,504
1547.0,1.0,3.0,504
1548.0,1.0,3.0,504
1549.0,1.0,3.0,504
1550.0,1.0,3.0,504
1551.0,1.0,3.0,504
1552.0,1.0,3.0,504
1553.0,1.0,3.0,504
1554.0,1.0,3.0,504
1555.0,1.0,3.0,504
1556.0,1.0,3.0,504
1557.0,1.0,3.0,504
1558.0,1.0,3.0,504
1559.0,1.0,3.0,504
1560.0,1.0,3.0,504
1561.0,1.0,3.0,504
1562.0,1.0,3.0,504
1563.0,1.0,3.0,504
1564.0,1.0,3.0,504
1565.0,1.0,3.0,504
1566.0,1.0,3.0,504
1567.0,1.0,3.0,504
1568.0,1.0,3.0,504
1569.0,1.0,3.0,504
1570.0,1.0,3.0,504
1571.0,1.0,3.0,504
1572.0,1.0,3.0,504
1573.0,1.0,3.0,504
1574.0,1.0,3.0,504
1575.0,1.0,3.0,504
1576.0,1.0,3.0,504
1577.0,1.0,3.0,504
1578.0,1.0,3.0,504
1579.0,1.0,3.0,504
1580.0,1.0,3.0,504
1581.0,1.0,3.0,504
1582.0,1.0,3.0,504
1583.0,1.0,3.0,504
1584.0,1.0,3.0,504
1585.0,1.0,3.0,504
1586.0,1.0,3.0,504
1587.0,1.0,3.0,504
1588.0,1.0,3.0,504
1589.0,1.0,3.0,504
1590.0,1.0,3.0,504
1591.0,1.0,3.0,504
1592.0,1.0,3.0,504
1593.0,1.0,3.0,504
1594.0,1.0,3.0,504
1595.0,1.0,3.0,504
1596.0,1.0,3.0,504
1597.0,1.0,3.0,504
1598.0,1.0,3.0,504
1599.0,1.0,3.0,504
1600.0,1.0,3.0,504
1601.0,1.0,3.0,504
1602.0,1.0,3.0,504
1603.0,1.0,3.0,504
1604.0,1.0,3.0,504
1605.0,1.0,3.0,504
1606.0,1.0,3.0,504
1607.0,1.0,3.0,504
1608.0,1.0,3.0,504
1609.0,1.0,3.0,504
1610.0,1.0,3.0,504
1611.0,1.0,3.0,504
1612.0,1.0,3.0,504
1613.0,1.0,3.0,504
1614.0,1.0,3.0,504
1615.0,1.0,3.0,504
1616.0,1.0,3.0,504
1617.0,1.0,3.0,504
1618.0,1.0,3.0,504
1619.0,1.0,3.0,504
1620.0,1.0,3.0,504
1621.0,1.0,3.0,504
1622.0,1.0,3.0,504
1623.0,1.0,3.0,504
1624.0,1.0,3.0,504
1625.0,1.0,3.0,504
1626.0,1.0,3.0,504
1627.0,1.0,3.0,504
1628.0,1.0,3.0,504
1629.0,1.0,3.0,504
1630.0,1.0,3.0,504
1631.0,1.0,3.0,504
1632.0,1.0,3.0,504
1633.0,1.0,3.0,504
1634.0,1.0,3.0,504
1635.0,1.0,3.0,504
1636.0,1.0,3.0,504
1637.0,1.0,3.0,504
1638.0,1.0,3.0,504
1639.0,1.0,3.0,504
1640.0,1.0,3.0,504
1641.0,1.0,3.0,504
1642.0,1.0,3.0,504
1643.0,1.0,3.0,504
1644.0,1.0,3.0,504
1645.0,1.0,3.0,504
1646.0,1.0,3.0,504
1647.0,1.0,3.0,504
1648.0,1.0,3.0,504
1649.0,1.0,3.0,504
1650.0,1.0,3.0,504
1651.0,1.0,3.0,504
1652.0,1.0,3.0,504
1653.0,1.0,3.0,504
1654.0,1.0,3.0,504
1655.0,1.0,3.0,504
1656.0,1.0,3.0,504
1657.0,1.0,3.0,504
1658.0,1.0,3.0,504
1659.0,1.0,3.0,504
1660.0,1.0,3.0,504
1661.0,1.0,3.0,504
1662.0,1.0,3.0,504
1663.0,1.0,3.0,504
1664.0,1.0,3.0,504
1665.0,1.0,3.0,504
1666.0,1.0,3.0,504
1667.0,1.0,3.0,504
1668.0,1.0,3.0,504
1669.0,1.0,3.0,504
1670.0,1.0,3.0,504
1671.0,1.0,3.0,504
1672.0,1.0,3.0,504
1673.0,1.0,3.0,504
1674.0,1.0,3.0,504
1675.0,1.0,3.0,504
1676.0,1.0,3.0,504
1677.0,1.0,3.0,504
1678.0,1.0,3.0,504
1679.0,1.0,3.0,504
1680.0,1.0,3.0,504
1681.0,1.0,3.0,504
1682.0,1.0,3.0,504
1683.0,1.0,3.0,504
1684.0,1.0,3.0,504
1685.0,1.0,3.0,504
1686.0,1.0,3.0,504
1687.0,1.0,3.0,504
1688.0,1.0,3.0,504
1689.0,1.0,3.0,504
1690.0,1.0,3.0,504
1691.0,1.0,3.0,504
1692.0,1.0,3.0,504
1693.0,1.0,3.0,504
1694.0,1.0,3.0,504
1695.0,1.0,3.0,504
1696.0,1.0,3.0,504
1697.0,1.0,3.0,504
1698.0,1.0,3.0,504
1699.0,1.0,3.0,504
1700.0,1.0,3.0,504
1701.0,1.0,3.0,504
1702.0,1.0,3.0,504
1703.0,1.0,3.0,504
1704.0,1.0,3.0,504
1705.0,1.0,3.0,504
1706.0,1.0,3.0,504
1707.0,1.0,3.0,504
1708.0,1.0,3.0,504
1709.0,1.0,3.0,504
1710.0,1.0,3.0,504
1711.0,1.0,3.0,504
1712.0,1.0,3.0,504
1713.0,1.0,3.0,504
1714.0,1.0,3.0,504
1715.0,1.0,3.0,504
1716.0,1.0,3.0,504
1717.0,1.0,3.0,504
1718.0,1.0,3.0,504
1719.0,1.0,3.0,504
1720.0,1.0,3.0,504
1721.0,1.0,3.0,504
1722.0,1.0,3.0,504
1723.0,1.0,3.0,504
1724.0,1.0,3.0,504
1725.0,1.0,3.0,504
1726.0,1.0,3.0,504
1727.0,1.0,3.0,504
1728.0,1.0,3.0,504
1729.0,1.0,3.0,504
1730.0,1.0,3.0,504
1731.0,1.0,3.0,504
1732.0,1.0,3.0,504
1733.0,1.0,3.0,504
1734.0,1.0,3.0,504
1735.0,1.0,3.0,504
1736.0,1.0,3.0,504
1737.0,1.0,3.0,504
1738.0,1.0,3.0,504
1739.0,1.0,3.0,504
1740.0,1.0,3.0,504
1741.0,1.0,3.0,504
1742.0,1.0,3.0,504
1743.0,1.0,3.0,504
1744.0,1.0,3.0,504
1745.0,1.0,3.0,504
1746.0,1.0,3.0,504
1747.0,1.0,3.0,504
1748.0,1.0,3.0,504
1749.0,1.0,3.0,504
1750.0,1.0,3.0,504
1751.0,1.0,3.0,504
1752.0,1.0,3.0,504
1753.0,1.0,3.0,504
1754.0,1.0,3.0,504
1755.0,1.0,3.0,504
1756.0,1.0,3.0,504
1757.0,1.0,3.0,504
1758.0,1.0,3.0,504
1759.0,1.0,3.0,504
1760.0,1.0,3.0,504
1761.0,1.0,3.0,504
1762.0,1.0,3.0,504
1763.0,1.0,3.0,504
1764.0,1.0,3.0,504
1765.0,1.0,3.0,504
1766.0,1.0,3.0,504
1767.0,1.0,3.0,504
1768.0,1.0,3.0,504
1769.0,1.0,3.0,504
1770.0,1.0,3.0,504
1771.0,1.0,3.0,504
1772.0,1.0,3.0,504
1773.0,1.0,3.0,504
1774.0,1.0,3.0,504
1775.0,1.0,3.0,504
1776.0,1.0,3.0,504
1777.0,1.0,3.0,504
1778.0,1.0,3.0,504
1779.0,1.0,3.0,504
1780.0,1.0,3.0,504
1781.0,1.0,3.0,504
1782.0,1.0,3.0,504
1783.0,1.0,3.0,504
1784.0,1.0,3.0,504
1785.0,1.0,3.0,504
1786.0,1.0,3.0,504
1787.0,1.0,3.0,504
1788.0,1.0,3.0,504
1789.0,1.0,3.0,504
1790.0,1.0,3.0,504
1791.0,1.0,3.0,504
1792.0,1.0,3.0,504
1793.0,1.0,3.0,504
1794.0,1.0,3.0,504
1795.0,1.0,3.0,504
1796.0,1.0,3.0,504
1797.0,1.0,3.0,504
1798.0,1.0,3.0,504
1799.0,1.0,3.0,504
1800.0,1.0,3.0,504
1801.0,1.0,3.0,504
1802.0,1.0,3.0,504
1803.0,1.0,3.0,504
1804.0,1.0,3.0,504
1805.0,1.0,3.0,504
1806.0,1.0,3.0,504
1807.0,1.0,3.0,504
1808.0,1.0,3.0,504
1809.0,1.0,3.0,504
1810.0,1.0,3.0,504
1811.0,1.0,3.0,504
1812.0,1.0,3.0,504
1813.0,1.0,3.0,504
1814.0,1.0,3.0,504
1815.0,1.0,3.0,504
1816.0,1.0,3.0,504
1817.0,1.0,3.0,504
1818.0,1.0,3.0,504
1819.0,1.0,3.0,504
1820.0,1.0,3.0,504
1821.0,1.0,3.0,504
1822.0,1.0,3.0,504
1823.0,1.0,3.0,504
1824.0,1.0,3.0,504
1825.0,1.0,3.0,504
1826.0,1.0,3.0,504
1827.0,1.0,3.0,504
1828.0,1.0,3.0,504
1829.0,1.0,3.0,504
1830.0,1.0,3.0,504
1831.0,1.0,3.0,504
1832.0,1.0,3.0,504
1833.0,1.0,3.0,504
1834.0,1.0,3.0,504
1835.0,1.0,3.0,504
1836.0,1.0,3.0,504
1837.0,1.0,3.0,504
1838.0,1.0,3.0,504
1839.0,1.0,3.0,504
1840.0,1.0,3.0,504
1841.0,1.0,3.0,504
1842.0,1.0,3.0,504
1843.0,1.0,3.0,504
1844.0,1.0,3.0,504
1845.0,1.0,3.0,504
1846.0,1.0,3.0,504
1847.0,1.0,3.0,504
1848.0,1.0,3.0,504
1849.0,1.0,3.0,504
1850.0,1.0,3.0,504
1851.0,1.0,3.0,504
1852.0,1.0,3.0,504
1853.0,1.0,3.0,504
1854.0,1.0,3.0,504
1855.0,1.0,3.0,504
1856.0,1.0,3.0,504
1857.0,1.0,3.0,504
1858.0,1.0,3.0,504
1859.0,1.0,3.0,504
1860.0,1.0,3.0,504
1861.0,1.0,3.0,504
1862.0,1.0,3.0,504
1863.0,1.0,3.0,504
1864.0,1.0,3.0,504
1865.0,1.0,3.0,504
1866.0,1.0,3.0,504
1867.0,1.0,3.0,504
1868.0,1.0,3.0,504
1869.0,1.0,3.0,504
1870.0,1.0,3.0,504
1871.0,1.0,3.0,504
1872.0,1.0,3.0,504
1873.0,1.0,3.0,504
1874.0,1.0,3.0,504
1875.0,1.0,3.0,504
1876.0,1.0,3.0,504
1877.0,1.0,3.0,504
1878.0,1.0,3.0,504
1879.0,1.0,3.0,504
1880.0,1.0,3.0,504
1881.0,1.0,3.0,504
1882.0,1.0,3.0,504
1883.0,1.0,3.0,504
1884.0,1.0,3.0,504
1885.0,1.0,3.0,504
1886.0,1.0,3.0,504
1887.0,1.0,3.0,504
1888.0,1.0,3.0,504
1889.0,1.0,3.0,504
1890.0,1.0,3.0,504
1891.0,1.0,3.0,504
1892.0,1.0,3.0,504
1893.0,1.0,3.0,504
1894.0,1.0,3.0,504
1895.0,1.0,3.0,504
1896.0,1.0,3.0,504
1897.0,1.0,3.0,504
1898.0,1.0,3.0,504
1899.0,1.0,3.0,504
1900.0,1.0,3.0,504
1901.0,1.0,3.0,504
1902.0,1.0,3.0,504
1903.0,1.0,3.0,504
1904.0,1.0,3.0,504
1905.0,1.0,3.0,504
1906.0,1.0,3.0,504
1907.0,1.0,3.0,504
1908.0,1.0,3.0,504
1909.0,1.0,3.0,504
1910.0,1.0,3.0,504
1911.0,1.0,3.0,504
1912.0,1.0,3.0,504
1913.0,1.0,3.0,504
1914.0,1.0,3.0,504
1915.0,1.0,3.0,504
1916.0,1.0,3.0,504
1917.0,1.0,3.0,504
1918.0,1.0,3.0,504
1919.0,1.0,3.0,504
1920.0,1.0,3.0,504
1921.0,1.0,3.0,504
1922.0,1.0,3.0,504
1923.0,1.0,3.0,504
1924.0,1.0,3.0,504
1925.0,1.0,3.0,504
1926.0,1.0,3.0,504
1927.0,1.0,3.0,504
1928.0,1.0,3.0,504
1929.0,1.0,3.0,504
1930.0,1.0,3.0,504
1931.0,1.0,3.0,504
1932.0,1.0,3.0,504
1933.0,1.0,3.0,504
1934.0,1.0,3.0,504
1935.0,1.0,3.0,504
1936.0,1.0,3.0,504
1937.0,1.0,3.0,504
1938.0,1.0,3.0,504
1939.0,1.0,3.0,504
1940.0,1.0,3.0,504
1941.0,1.0,3.0,504
1942.0,1.0,3.0,504
1943.0,1.0,3.0,504
1944.0,1.0,3.0,504
1945.0,1.0,3.0,504
1946.0,1.0,3.0,504
1947.0,1.0,3.0,504
1948.0,1.0,3.0,504
1949.0,1.0,3.0,504
1950.0,1.0,3.0,504
1951.0,1.0,3.0,504
1952.0,1.0,3.0,504
1953.0,1.0,3.0,504
1954.0,1.0,3.0,504
1955.0,1.0,3.0,504
