Timestamp: 23-Oct-2014 20:52:36
MaxDeathAge: 100
MaxInitialSugar: 25
MaxMetabolism: 4
MaxVision: 6
MinDeathAge: 60
MinInitialSugar: 5
NumAgents: 2000
Replacement: true


"tick","Avg. Metabolism","Avg. Vision","AgentCount"
1.0,2.0,3.0,2000
2.0,2.0,3.0,2000
3.0,2.0,3.0,1960
4.0,2.0,3.0,1853
5.0,2.0,3.0,1758
6.0,2.0,3.0,1648
7.0,2.0,3.0,1508
8.0,2.0,3.0,1390
9.0,1.0,3.0,1245
10.0,1.0,3.0,1153
11.0,1.0,3.0,1082
12.0,1.0,3.0,1029
13.0,1.0,3.0,986
14.0,1.0,3.0,958
15.0,1.0,3.0,935
16.0,1.0,3.0,909
17.0,1.0,3.0,883
18.0,1.0,3.0,859
19.0,1.0,3.0,845
20.0,1.0,3.0,837
21.0,1.0,3.0,830
22.0,1.0,3.0,826
23.0,1.0,3.0,819
24.0,1.0,3.0,817
25.0,1.0,3.0,816
26.0,1.0,3.0,813
27.0,1.0,3.0,811
28.0,1.0,3.0,810
29.0,1.0,3.0,808
30.0,1.0,3.0,805
31.0,1.0,3.0,801
32.0,1.0,3.0,800
33.0,1.0,3.0,799
34.0,1.0,3.0,798
35.0,1.0,3.0,797
36.0,1.0,3.0,797
37.0,1.0,3.0,794
38.0,1.0,3.0,794
39.0,1.0,3.0,794
40.0,1.0,3.0,790
41.0,1.0,3.0,790
42.0,1.0,3.0,789
43.0,1.0,3.0,788
44.0,1.0,3.0,786
45.0,1.0,3.0,786
46.0,1.0,3.0,786
47.0,1.0,3.0,784
48.0,1.0,3.0,783
49.0,1.0,3.0,780
50.0,1.0,3.0,780
51.0,1.0,3.0,780
52.0,1.0,3.0,779
53.0,1.0,3.0,778
54.0,1.0,3.0,777
55.0,1.0,3.0,777
56.0,1.0,3.0,776
57.0,1.0,3.0,776
58.0,1.0,3.0,774
59.0,1.0,3.0,774
60.0,1.0,3.0,774
61.0,1.0,3.0,773
62.0,1.0,3.0,772
63.0,1.0,3.0,771
64.0,1.0,3.0,771
65.0,1.0,3.0,770
66.0,1.0,3.0,770
67.0,1.0,3.0,770
68.0,1.0,3.0,770
69.0,1.0,3.0,769
70.0,1.0,3.0,768
71.0,1.0,3.0,768
72.0,1.0,3.0,768
73.0,1.0,3.0,768
74.0,1.0,3.0,768
75.0,1.0,3.0,768
76.0,1.0,3.0,768
77.0,1.0,3.0,768
78.0,1.0,3.0,767
79.0,1.0,3.0,767
80.0,1.0,3.0,766
81.0,1.0,3.0,766
82.0,1.0,3.0,765
83.0,1.0,3.0,763
84.0,1.0,3.0,762
85.0,1.0,3.0,761
86.0,1.0,3.0,761
87.0,1.0,3.0,761
88.0,1.0,3.0,761
89.0,1.0,3.0,761
90.0,1.0,3.0,760
91.0,1.0,3.0,760
92.0,1.0,3.0,760
93.0,1.0,3.0,760
94.0,1.0,3.0,760
95.0,1.0,3.0,759
96.0,1.0,3.0,759
97.0,1.0,3.0,759
98.0,1.0,3.0,759
99.0,1.0,3.0,759
100.0,1.0,3.0,759
101.0,1.0,3.0,759
102.0,1.0,3.0,758
103.0,1.0,3.0,758
104.0,1.0,3.0,758
105.0,1.0,3.0,758
106.0,1.0,3.0,758
107.0,1.0,3.0,758
108.0,1.0,3.0,758
109.0,1.0,3.0,758
110.0,1.0,3.0,758
111.0,1.0,3.0,758
112.0,1.0,3.0,758
113.0,1.0,3.0,758
114.0,1.0,3.0,758
115.0,1.0,3.0,758
116.0,1.0,3.0,758
117.0,1.0,3.0,758
118.0,1.0,3.0,758
119.0,1.0,3.0,758
120.0,1.0,3.0,758
121.0,1.0,3.0,756
122.0,1.0,3.0,756
123.0,1.0,3.0,756
124.0,1.0,3.0,756
125.0,1.0,3.0,755
126.0,1.0,3.0,755
127.0,1.0,3.0,755
128.0,1.0,3.0,754
129.0,1.0,3.0,754
130.0,1.0,3.0,754
131.0,1.0,3.0,754
132.0,1.0,3.0,754
133.0,1.0,3.0,754
134.0,1.0,3.0,754
135.0,1.0,3.0,753
136.0,1.0,3.0,753
137.0,1.0,3.0,753
138.0,1.0,3.0,753
139.0,1.0,3.0,753
140.0,1.0,3.0,753
141.0,1.0,3.0,751
142.0,1.0,3.0,751
143.0,1.0,3.0,751
144.0,1.0,3.0,751
145.0,1.0,3.0,751
146.0,1.0,3.0,751
147.0,1.0,3.0,751
148.0,1.0,3.0,751
149.0,1.0,3.0,751
150.0,1.0,3.0,751
151.0,1.0,3.0,751
152.0,1.0,3.0,751
153.0,1.0,3.0,751
154.0,1.0,3.0,751
155.0,1.0,3.0,751
156.0,1.0,3.0,751
157.0,1.0,3.0,751
158.0,1.0,3.0,751
159.0,1.0,3.0,750
160.0,1.0,3.0,750
161.0,1.0,3.0,750
162.0,1.0,3.0,750
163.0,1.0,3.0,750
164.0,1.0,3.0,750
165.0,1.0,3.0,749
166.0,1.0,3.0,749
167.0,1.0,3.0,749
168.0,1.0,3.0,749
169.0,1.0,3.0,748
170.0,1.0,3.0,748
171.0,1.0,3.0,747
172.0,1.0,3.0,747
173.0,1.0,3.0,747
174.0,1.0,3.0,747
175.0,1.0,3.0,747
176.0,1.0,3.0,747
177.0,1.0,3.0,747
178.0,1.0,3.0,747
179.0,1.0,3.0,747
180.0,1.0,3.0,747
181.0,1.0,3.0,747
182.0,1.0,3.0,746
183.0,1.0,3.0,746
184.0,1.0,3.0,746
185.0,1.0,3.0,746
186.0,1.0,3.0,746
187.0,1.0,3.0,746
188.0,1.0,3.0,746
189.0,1.0,3.0,746
190.0,1.0,3.0,746
191.0,1.0,3.0,746
192.0,1.0,3.0,746
193.0,1.0,3.0,746
194.0,1.0,3.0,746
195.0,1.0,3.0,744
196.0,1.0,3.0,743
197.0,1.0,3.0,743
198.0,1.0,3.0,743
199.0,1.0,3.0,743
200.0,1.0,3.0,743
201.0,1.0,3.0,743
202.0,1.0,3.0,743
203.0,1.0,3.0,743
204.0,1.0,3.0,743
205.0,1.0,3.0,743
206.0,1.0,3.0,742
207.0,1.0,3.0,742
208.0,1.0,3.0,742
209.0,1.0,3.0,742
210.0,1.0,3.0,742
211.0,1.0,3.0,742
212.0,1.0,3.0,742
213.0,1.0,3.0,742
214.0,1.0,3.0,742
215.0,1.0,3.0,742
216.0,1.0,3.0,742
217.0,1.0,3.0,742
218.0,1.0,3.0,742
219.0,1.0,3.0,742
220.0,1.0,3.0,742
221.0,1.0,3.0,742
222.0,1.0,3.0,742
223.0,1.0,3.0,741
224.0,1.0,3.0,741
225.0,1.0,3.0,741
226.0,1.0,3.0,741
227.0,1.0,3.0,741
228.0,1.0,3.0,740
229.0,1.0,3.0,739
230.0,1.0,3.0,739
231.0,1.0,3.0,739
232.0,1.0,3.0,739
233.0,1.0,3.0,738
234.0,1.0,3.0,738
235.0,1.0,3.0,738
236.0,1.0,3.0,738
237.0,1.0,3.0,738
238.0,1.0,3.0,738
239.0,1.0,3.0,738
240.0,1.0,3.0,738
241.0,1.0,3.0,738
242.0,1.0,3.0,738
243.0,1.0,3.0,738
244.0,1.0,3.0,738
245.0,1.0,3.0,738
246.0,1.0,3.0,738
247.0,1.0,3.0,738
248.0,1.0,3.0,738
249.0,1.0,3.0,738
250.0,1.0,3.0,736
251.0,1.0,3.0,736
252.0,1.0,3.0,736
253.0,1.0,3.0,736
254.0,1.0,3.0,736
255.0,1.0,3.0,736
256.0,1.0,3.0,736
257.0,1.0,3.0,736
258.0,1.0,3.0,736
259.0,1.0,3.0,736
260.0,1.0,3.0,736
261.0,1.0,3.0,736
262.0,1.0,3.0,736
263.0,1.0,3.0,736
264.0,1.0,3.0,736
265.0,1.0,3.0,736
266.0,1.0,3.0,736
267.0,1.0,3.0,736
268.0,1.0,3.0,736
269.0,1.0,3.0,736
270.0,1.0,3.0,736
271.0,1.0,3.0,736
272.0,1.0,3.0,736
273.0,1.0,3.0,736
274.0,1.0,3.0,736
275.0,1.0,3.0,736
276.0,1.0,3.0,736
277.0,1.0,3.0,736
278.0,1.0,3.0,736
279.0,1.0,3.0,736
280.0,1.0,3.0,736
281.0,1.0,3.0,736
282.0,1.0,3.0,736
283.0,1.0,3.0,736
284.0,1.0,3.0,736
285.0,1.0,3.0,736
286.0,1.0,3.0,736
287.0,1.0,3.0,736
288.0,1.0,3.0,736
289.0,1.0,3.0,736
290.0,1.0,3.0,736
291.0,1.0,3.0,736
292.0,1.0,3.0,736
293.0,1.0,3.0,736
294.0,1.0,3.0,736
295.0,1.0,3.0,736
296.0,1.0,3.0,736
297.0,1.0,3.0,736
298.0,1.0,3.0,736
299.0,1.0,3.0,736
300.0,1.0,3.0,736
301.0,1.0,3.0,736
302.0,1.0,3.0,736
303.0,1.0,3.0,736
304.0,1.0,3.0,736
305.0,1.0,3.0,736
306.0,1.0,3.0,736
307.0,1.0,3.0,736
308.0,1.0,3.0,736
309.0,1.0,3.0,736
310.0,1.0,3.0,736
311.0,1.0,3.0,736
312.0,1.0,3.0,736
313.0,1.0,3.0,736
314.0,1.0,3.0,736
315.0,1.0,3.0,736
316.0,1.0,3.0,736
317.0,1.0,3.0,736
318.0,1.0,3.0,736
319.0,1.0,3.0,736
320.0,1.0,3.0,736
321.0,1.0,3.0,736
322.0,1.0,3.0,736
323.0,1.0,3.0,736
324.0,1.0,3.0,736
325.0,1.0,3.0,736
326.0,1.0,3.0,736
327.0,1.0,3.0,736
328.0,1.0,3.0,736
329.0,1.0,3.0,736
330.0,1.0,3.0,736
331.0,1.0,3.0,736
332.0,1.0,3.0,736
333.0,1.0,3.0,736
334.0,1.0,3.0,736
335.0,1.0,3.0,736
336.0,1.0,3.0,736
337.0,1.0,3.0,736
338.0,1.0,3.0,736
339.0,1.0,3.0,736
340.0,1.0,3.0,736
341.0,1.0,3.0,736
342.0,1.0,3.0,736
343.0,1.0,3.0,736
344.0,1.0,3.0,736
345.0,1.0,3.0,736
346.0,1.0,3.0,736
347.0,1.0,3.0,736
348.0,1.0,3.0,736
349.0,1.0,3.0,736
350.0,1.0,3.0,736
351.0,1.0,3.0,736
352.0,1.0,3.0,735
353.0,1.0,3.0,735
354.0,1.0,3.0,735
355.0,1.0,3.0,735
356.0,1.0,3.0,735
357.0,1.0,3.0,735
358.0,1.0,3.0,735
359.0,1.0,3.0,735
360.0,1.0,3.0,735
361.0,1.0,3.0,735
362.0,1.0,3.0,735
363.0,1.0,3.0,735
364.0,1.0,3.0,735
365.0,1.0,3.0,735
366.0,1.0,3.0,735
367.0,1.0,3.0,735
368.0,1.0,3.0,735
369.0,1.0,3.0,734
370.0,1.0,3.0,734
371.0,1.0,3.0,734
372.0,1.0,3.0,734
373.0,1.0,3.0,734
374.0,1.0,3.0,734
375.0,1.0,3.0,734
376.0,1.0,3.0,734
377.0,1.0,3.0,734
378.0,1.0,3.0,734
379.0,1.0,3.0,734
380.0,1.0,3.0,734
381.0,1.0,3.0,734
382.0,1.0,3.0,734
383.0,1.0,3.0,734
384.0,1.0,3.0,734
385.0,1.0,3.0,733
386.0,1.0,3.0,733
387.0,1.0,3.0,733
388.0,1.0,3.0,733
389.0,1.0,3.0,733
390.0,1.0,3.0,733
391.0,1.0,3.0,733
392.0,1.0,3.0,733
393.0,1.0,3.0,733
394.0,1.0,3.0,733
395.0,1.0,3.0,733
396.0,1.0,3.0,733
397.0,1.0,3.0,733
398.0,1.0,3.0,732
399.0,1.0,3.0,732
400.0,1.0,3.0,732
401.0,1.0,3.0,732
402.0,1.0,3.0,732
403.0,1.0,3.0,732
404.0,1.0,3.0,732
405.0,1.0,3.0,732
406.0,1.0,3.0,732
407.0,1.0,3.0,732
408.0,1.0,3.0,732
409.0,1.0,3.0,731
410.0,1.0,3.0,731
411.0,1.0,3.0,731
412.0,1.0,3.0,730
413.0,1.0,3.0,730
414.0,1.0,3.0,730
415.0,1.0,3.0,730
416.0,1.0,3.0,730
417.0,1.0,3.0,730
418.0,1.0,3.0,730
419.0,1.0,3.0,730
420.0,1.0,3.0,730
421.0,1.0,3.0,730
422.0,1.0,3.0,730
423.0,1.0,3.0,730
424.0,1.0,3.0,730
425.0,1.0,3.0,730
426.0,1.0,3.0,730
427.0,1.0,3.0,730
428.0,1.0,3.0,730
429.0,1.0,3.0,730
430.0,1.0,3.0,730
431.0,1.0,3.0,730
432.0,1.0,3.0,730
433.0,1.0,3.0,730
434.0,1.0,3.0,730
435.0,1.0,3.0,730
436.0,1.0,3.0,730
437.0,1.0,3.0,730
438.0,1.0,3.0,730
439.0,1.0,3.0,730
440.0,1.0,3.0,730
441.0,1.0,3.0,730
442.0,1.0,3.0,729
443.0,1.0,3.0,729
444.0,1.0,3.0,729
445.0,1.0,3.0,729
446.0,1.0,3.0,729
447.0,1.0,3.0,729
448.0,1.0,3.0,729
449.0,1.0,3.0,729
450.0,1.0,3.0,729
451.0,1.0,3.0,729
452.0,1.0,3.0,729
453.0,1.0,3.0,729
454.0,1.0,3.0,729
455.0,1.0,3.0,729
456.0,1.0,3.0,729
457.0,1.0,3.0,729
458.0,1.0,3.0,729
459.0,1.0,3.0,729
460.0,1.0,3.0,729
461.0,1.0,3.0,729
462.0,1.0,3.0,729
463.0,1.0,3.0,729
464.0,1.0,3.0,729
465.0,1.0,3.0,729
466.0,1.0,3.0,729
467.0,1.0,3.0,729
468.0,1.0,3.0,729
469.0,1.0,3.0,729
470.0,1.0,3.0,729
471.0,1.0,3.0,729
472.0,1.0,3.0,729
473.0,1.0,3.0,729
474.0,1.0,3.0,729
475.0,1.0,3.0,729
476.0,1.0,3.0,728
477.0,1.0,3.0,728
478.0,1.0,3.0,728
479.0,1.0,3.0,728
480.0,1.0,3.0,728
481.0,1.0,3.0,728
482.0,1.0,3.0,728
483.0,1.0,3.0,728
484.0,1.0,3.0,728
485.0,1.0,3.0,728
486.0,1.0,3.0,728
487.0,1.0,3.0,728
488.0,1.0,3.0,728
489.0,1.0,3.0,728
490.0,1.0,3.0,728
491.0,1.0,3.0,728
492.0,1.0,3.0,728
493.0,1.0,3.0,728
494.0,1.0,3.0,728
495.0,1.0,3.0,728
496.0,1.0,3.0,728
497.0,1.0,3.0,728
498.0,1.0,3.0,728
499.0,1.0,3.0,728
500.0,1.0,3.0,728
501.0,1.0,3.0,728
502.0,1.0,3.0,728
503.0,1.0,3.0,728
504.0,1.0,3.0,728
505.0,1.0,3.0,728
506.0,1.0,3.0,728
507.0,1.0,3.0,728
508.0,1.0,3.0,728
509.0,1.0,3.0,728
510.0,1.0,3.0,728
511.0,1.0,3.0,728
512.0,1.0,3.0,728
513.0,1.0,3.0,728
514.0,1.0,3.0,728
515.0,1.0,3.0,728
516.0,1.0,3.0,728
517.0,1.0,3.0,728
518.0,1.0,3.0,728
519.0,1.0,3.0,728
520.0,1.0,3.0,728
521.0,1.0,3.0,728
522.0,1.0,3.0,728
523.0,1.0,3.0,728
524.0,1.0,3.0,728
525.0,1.0,3.0,728
526.0,1.0,3.0,728
527.0,1.0,3.0,728
528.0,1.0,3.0,728
529.0,1.0,3.0,728
530.0,1.0,3.0,728
531.0,1.0,3.0,728
532.0,1.0,3.0,728
533.0,1.0,3.0,728
534.0,1.0,3.0,728
535.0,1.0,3.0,728
536.0,1.0,3.0,728
537.0,1.0,3.0,728
538.0,1.0,3.0,728
539.0,1.0,3.0,728
540.0,1.0,3.0,728
541.0,1.0,3.0,728
542.0,1.0,3.0,728
543.0,1.0,3.0,728
544.0,1.0,3.0,728
545.0,1.0,3.0,728
546.0,1.0,3.0,728
547.0,1.0,3.0,728
548.0,1.0,3.0,728
549.0,1.0,3.0,728
550.0,1.0,3.0,728
551.0,1.0,3.0,728
552.0,1.0,3.0,728
553.0,1.0,3.0,728
554.0,1.0,3.0,728
555.0,1.0,3.0,728
556.0,1.0,3.0,728
557.0,1.0,3.0,728
558.0,1.0,3.0,728
559.0,1.0,3.0,728
560.0,1.0,3.0,728
561.0,1.0,3.0,728
562.0,1.0,3.0,728
563.0,1.0,3.0,728
564.0,1.0,3.0,728
565.0,1.0,3.0,728
566.0,1.0,3.0,728
567.0,1.0,3.0,728
568.0,1.0,3.0,728
569.0,1.0,3.0,728
570.0,1.0,3.0,728
571.0,1.0,3.0,728
572.0,1.0,3.0,728
573.0,1.0,3.0,728
574.0,1.0,3.0,728
575.0,1.0,3.0,728
576.0,1.0,3.0,728
577.0,1.0,3.0,728
578.0,1.0,3.0,728
579.0,1.0,3.0,727
580.0,1.0,3.0,727
581.0,1.0,3.0,727
582.0,1.0,3.0,727
583.0,1.0,3.0,727
584.0,1.0,3.0,727
585.0,1.0,3.0,727
586.0,1.0,3.0,727
587.0,1.0,3.0,727
588.0,1.0,3.0,727
589.0,1.0,3.0,727
590.0,1.0,3.0,727
591.0,1.0,3.0,727
592.0,1.0,3.0,727
593.0,1.0,3.0,727
594.0,1.0,3.0,727
595.0,1.0,3.0,727
596.0,1.0,3.0,727
597.0,1.0,3.0,727
598.0,1.0,3.0,727
599.0,1.0,3.0,727
600.0,1.0,3.0,727
601.0,1.0,3.0,727
602.0,1.0,3.0,727
603.0,1.0,3.0,727
604.0,1.0,3.0,727
605.0,1.0,3.0,727
606.0,1.0,3.0,727
607.0,1.0,3.0,727
608.0,1.0,3.0,727
609.0,1.0,3.0,727
610.0,1.0,3.0,727
611.0,1.0,3.0,727
612.0,1.0,3.0,727
613.0,1.0,3.0,727
614.0,1.0,3.0,727
615.0,1.0,3.0,727
616.0,1.0,3.0,727
617.0,1.0,3.0,727
618.0,1.0,3.0,727
619.0,1.0,3.0,727
620.0,1.0,3.0,727
621.0,1.0,3.0,727
622.0,1.0,3.0,727
623.0,1.0,3.0,727
624.0,1.0,3.0,727
625.0,1.0,3.0,727
626.0,1.0,3.0,727
627.0,1.0,3.0,727
628.0,1.0,3.0,727
629.0,1.0,3.0,727
630.0,1.0,3.0,727
631.0,1.0,3.0,727
632.0,1.0,3.0,727
633.0,1.0,3.0,727
634.0,1.0,3.0,727
635.0,1.0,3.0,727
636.0,1.0,3.0,727
637.0,1.0,3.0,727
638.0,1.0,3.0,727
639.0,1.0,3.0,727
640.0,1.0,3.0,727
641.0,1.0,3.0,727
642.0,1.0,3.0,727
643.0,1.0,3.0,727
644.0,1.0,3.0,727
645.0,1.0,3.0,727
646.0,1.0,3.0,727
647.0,1.0,3.0,727
648.0,1.0,3.0,727
649.0,1.0,3.0,727
650.0,1.0,3.0,727
651.0,1.0,3.0,727
652.0,1.0,3.0,727
653.0,1.0,3.0,727
654.0,1.0,3.0,727
655.0,1.0,3.0,727
656.0,1.0,3.0,727
657.0,1.0,3.0,727
658.0,1.0,3.0,727
659.0,1.0,3.0,727
660.0,1.0,3.0,727
661.0,1.0,3.0,727
662.0,1.0,3.0,727
663.0,1.0,3.0,727
664.0,1.0,3.0,727
665.0,1.0,3.0,727
666.0,1.0,3.0,727
667.0,1.0,3.0,727
668.0,1.0,3.0,727
669.0,1.0,3.0,727
670.0,1.0,3.0,727
671.0,1.0,3.0,727
672.0,1.0,3.0,727
673.0,1.0,3.0,727
674.0,1.0,3.0,727
675.0,1.0,3.0,727
676.0,1.0,3.0,727
677.0,1.0,3.0,727
678.0,1.0,3.0,727
679.0,1.0,3.0,727
680.0,1.0,3.0,727
681.0,1.0,3.0,727
682.0,1.0,3.0,727
683.0,1.0,3.0,727
684.0,1.0,3.0,727
685.0,1.0,3.0,727
686.0,1.0,3.0,727
687.0,1.0,3.0,727
688.0,1.0,3.0,727
689.0,1.0,3.0,727
690.0,1.0,3.0,727
691.0,1.0,3.0,727
692.0,1.0,3.0,727
693.0,1.0,3.0,727
694.0,1.0,3.0,727
695.0,1.0,3.0,727
696.0,1.0,3.0,727
697.0,1.0,3.0,727
698.0,1.0,3.0,727
699.0,1.0,3.0,727
700.0,1.0,3.0,727
701.0,1.0,3.0,727
702.0,1.0,3.0,727
703.0,1.0,3.0,727
704.0,1.0,3.0,727
705.0,1.0,3.0,727
706.0,1.0,3.0,727
707.0,1.0,3.0,727
708.0,1.0,3.0,727
709.0,1.0,3.0,727
710.0,1.0,3.0,727
711.0,1.0,3.0,727
712.0,1.0,3.0,727
713.0,1.0,3.0,727
714.0,1.0,3.0,727
715.0,1.0,3.0,727
716.0,1.0,3.0,727
717.0,1.0,3.0,727
718.0,1.0,3.0,727
719.0,1.0,3.0,727
720.0,1.0,3.0,727
721.0,1.0,3.0,727
722.0,1.0,3.0,727
723.0,1.0,3.0,727
724.0,1.0,3.0,727
725.0,1.0,3.0,726
726.0,1.0,3.0,726
727.0,1.0,3.0,726
728.0,1.0,3.0,726
729.0,1.0,3.0,726
730.0,1.0,3.0,726
731.0,1.0,3.0,726
732.0,1.0,3.0,726
733.0,1.0,3.0,726
734.0,1.0,3.0,726
735.0,1.0,3.0,726
736.0,1.0,3.0,726
737.0,1.0,3.0,726
738.0,1.0,3.0,726
739.0,1.0,3.0,726
740.0,1.0,3.0,726
741.0,1.0,3.0,726
742.0,1.0,3.0,726
743.0,1.0,3.0,726
744.0,1.0,3.0,726
745.0,1.0,3.0,726
746.0,1.0,3.0,726
747.0,1.0,3.0,726
748.0,1.0,3.0,726
749.0,1.0,3.0,726
750.0,1.0,3.0,726
751.0,1.0,3.0,726
752.0,1.0,3.0,726
753.0,1.0,3.0,726
754.0,1.0,3.0,726
755.0,1.0,3.0,726
756.0,1.0,3.0,726
757.0,1.0,3.0,726
758.0,1.0,3.0,726
759.0,1.0,3.0,726
760.0,1.0,3.0,726
761.0,1.0,3.0,726
762.0,1.0,3.0,726
763.0,1.0,3.0,726
764.0,1.0,3.0,726
765.0,1.0,3.0,726
766.0,1.0,3.0,726
767.0,1.0,3.0,726
768.0,1.0,3.0,726
769.0,1.0,3.0,726
770.0,1.0,3.0,726
771.0,1.0,3.0,726
772.0,1.0,3.0,726
773.0,1.0,3.0,726
774.0,1.0,3.0,726
775.0,1.0,3.0,726
776.0,1.0,3.0,726
777.0,1.0,3.0,726
778.0,1.0,3.0,726
779.0,1.0,3.0,726
780.0,1.0,3.0,726
781.0,1.0,3.0,726
782.0,1.0,3.0,726
783.0,1.0,3.0,726
784.0,1.0,3.0,726
785.0,1.0,3.0,726
786.0,1.0,3.0,726
787.0,1.0,3.0,726
788.0,1.0,3.0,726
789.0,1.0,3.0,726
790.0,1.0,3.0,726
791.0,1.0,3.0,726
792.0,1.0,3.0,726
793.0,1.0,3.0,726
794.0,1.0,3.0,726
795.0,1.0,3.0,726
796.0,1.0,3.0,726
797.0,1.0,3.0,726
798.0,1.0,3.0,726
799.0,1.0,3.0,726
800.0,1.0,3.0,726
801.0,1.0,3.0,726
802.0,1.0,3.0,726
803.0,1.0,3.0,726
804.0,1.0,3.0,726
805.0,1.0,3.0,726
806.0,1.0,3.0,726
807.0,1.0,3.0,726
808.0,1.0,3.0,726
809.0,1.0,3.0,726
810.0,1.0,3.0,726
811.0,1.0,3.0,726
812.0,1.0,3.0,726
813.0,1.0,3.0,726
814.0,1.0,3.0,726
815.0,1.0,3.0,726
816.0,1.0,3.0,726
817.0,1.0,3.0,726
818.0,1.0,3.0,726
819.0,1.0,3.0,726
820.0,1.0,3.0,726
821.0,1.0,3.0,726
822.0,1.0,3.0,726
823.0,1.0,3.0,726
824.0,1.0,3.0,726
825.0,1.0,3.0,726
826.0,1.0,3.0,726
827.0,1.0,3.0,726
828.0,1.0,3.0,726
829.0,1.0,3.0,726
830.0,1.0,3.0,726
831.0,1.0,3.0,726
832.0,1.0,3.0,726
833.0,1.0,3.0,726
834.0,1.0,3.0,726
835.0,1.0,3.0,726
836.0,1.0,3.0,726
837.0,1.0,3.0,726
838.0,1.0,3.0,726
839.0,1.0,3.0,726
840.0,1.0,3.0,726
841.0,1.0,3.0,726
842.0,1.0,3.0,726
843.0,1.0,3.0,726
844.0,1.0,3.0,726
845.0,1.0,3.0,726
846.0,1.0,3.0,726
847.0,1.0,3.0,726
848.0,1.0,3.0,726
849.0,1.0,3.0,726
850.0,1.0,3.0,726
851.0,1.0,3.0,726
852.0,1.0,3.0,726
853.0,1.0,3.0,726
854.0,1.0,3.0,726
855.0,1.0,3.0,726
856.0,1.0,3.0,726
857.0,1.0,3.0,726
858.0,1.0,3.0,726
859.0,1.0,3.0,726
860.0,1.0,3.0,726
861.0,1.0,3.0,726
862.0,1.0,3.0,726
863.0,1.0,3.0,726
864.0,1.0,3.0,726
865.0,1.0,3.0,726
866.0,1.0,3.0,726
867.0,1.0,3.0,726
868.0,1.0,3.0,726
869.0,1.0,3.0,726
870.0,1.0,3.0,726
871.0,1.0,3.0,726
872.0,1.0,3.0,726
873.0,1.0,3.0,726
874.0,1.0,3.0,726
875.0,1.0,3.0,726
876.0,1.0,3.0,726
877.0,1.0,3.0,726
878.0,1.0,3.0,726
879.0,1.0,3.0,726
880.0,1.0,3.0,726
881.0,1.0,3.0,726
882.0,1.0,3.0,726
883.0,1.0,3.0,726
884.0,1.0,3.0,726
885.0,1.0,3.0,726
886.0,1.0,3.0,726
887.0,1.0,3.0,726
888.0,1.0,3.0,726
889.0,1.0,3.0,726
890.0,1.0,3.0,726
891.0,1.0,3.0,726
892.0,1.0,3.0,726
893.0,1.0,3.0,726
894.0,1.0,3.0,726
895.0,1.0,3.0,726
896.0,1.0,3.0,726
897.0,1.0,3.0,726
898.0,1.0,3.0,726
899.0,1.0,3.0,726
900.0,1.0,3.0,726
901.0,1.0,3.0,726
902.0,1.0,3.0,726
903.0,1.0,3.0,726
904.0,1.0,3.0,726
905.0,1.0,3.0,726
906.0,1.0,3.0,726
907.0,1.0,3.0,726
908.0,1.0,3.0,726
909.0,1.0,3.0,726
910.0,1.0,3.0,726
911.0,1.0,3.0,726
912.0,1.0,3.0,726
913.0,1.0,3.0,726
914.0,1.0,3.0,726
915.0,1.0,3.0,726
916.0,1.0,3.0,726
917.0,1.0,3.0,726
918.0,1.0,3.0,726
919.0,1.0,3.0,726
920.0,1.0,3.0,726
921.0,1.0,3.0,726
922.0,1.0,3.0,726
923.0,1.0,3.0,726
924.0,1.0,3.0,726
925.0,1.0,3.0,726
926.0,1.0,3.0,726
927.0,1.0,3.0,726
928.0,1.0,3.0,726
929.0,1.0,3.0,726
930.0,1.0,3.0,726
931.0,1.0,3.0,726
932.0,1.0,3.0,726
933.0,1.0,3.0,726
934.0,1.0,3.0,726
935.0,1.0,3.0,726
936.0,1.0,3.0,726
937.0,1.0,3.0,726
938.0,1.0,3.0,726
939.0,1.0,3.0,726
940.0,1.0,3.0,726
941.0,1.0,3.0,726
942.0,1.0,3.0,726
943.0,1.0,3.0,726
944.0,1.0,3.0,726
945.0,1.0,3.0,726
946.0,1.0,3.0,726
947.0,1.0,3.0,726
948.0,1.0,3.0,726
949.0,1.0,3.0,726
950.0,1.0,3.0,726
951.0,1.0,3.0,726
952.0,1.0,3.0,726
953.0,1.0,3.0,726
954.0,1.0,3.0,726
955.0,1.0,3.0,726
956.0,1.0,3.0,726
957.0,1.0,3.0,726
958.0,1.0,3.0,726
959.0,1.0,3.0,726
960.0,1.0,3.0,726
961.0,1.0,3.0,726
962.0,1.0,3.0,726
963.0,1.0,3.0,726
964.0,1.0,3.0,726
965.0,1.0,3.0,726
966.0,1.0,3.0,726
967.0,1.0,3.0,726
968.0,1.0,3.0,726
969.0,1.0,3.0,726
970.0,1.0,3.0,726
971.0,1.0,3.0,726
972.0,1.0,3.0,726
973.0,1.0,3.0,726
974.0,1.0,3.0,726
975.0,1.0,3.0,726
976.0,1.0,3.0,726
977.0,1.0,3.0,726
978.0,1.0,3.0,726
979.0,1.0,3.0,726
980.0,1.0,3.0,726
981.0,1.0,3.0,725
982.0,1.0,3.0,725
983.0,1.0,3.0,725
984.0,1.0,3.0,725
985.0,1.0,3.0,725
986.0,1.0,3.0,725
987.0,1.0,3.0,725
988.0,1.0,3.0,725
989.0,1.0,3.0,725
990.0,1.0,3.0,725
991.0,1.0,3.0,725
992.0,1.0,3.0,725
993.0,1.0,3.0,725
994.0,1.0,3.0,724
995.0,1.0,3.0,724
996.0,1.0,3.0,724
997.0,1.0,3.0,724
998.0,1.0,3.0,724
999.0,1.0,3.0,724
1000.0,1.0,3.0,724
1001.0,1.0,3.0,724
1002.0,1.0,3.0,724
1003.0,1.0,3.0,724
1004.0,1.0,3.0,724
1005.0,1.0,3.0,724
1006.0,1.0,3.0,724
1007.0,1.0,3.0,724
1008.0,1.0,3.0,724
1009.0,1.0,3.0,724
1010.0,1.0,3.0,724
1011.0,1.0,3.0,724
1012.0,1.0,3.0,724
1013.0,1.0,3.0,724
1014.0,1.0,3.0,724
1015.0,1.0,3.0,724
1016.0,1.0,3.0,724
1017.0,1.0,3.0,724
1018.0,1.0,3.0,724
1019.0,1.0,3.0,724
1020.0,1.0,3.0,724
1021.0,1.0,3.0,724
1022.0,1.0,3.0,724
1023.0,1.0,3.0,724
1024.0,1.0,3.0,724
1025.0,1.0,3.0,724
1026.0,1.0,3.0,724
1027.0,1.0,3.0,724
1028.0,1.0,3.0,724
1029.0,1.0,3.0,724
1030.0,1.0,3.0,724
1031.0,1.0,3.0,724
1032.0,1.0,3.0,724
1033.0,1.0,3.0,724
1034.0,1.0,3.0,724
1035.0,1.0,3.0,724
1036.0,1.0,3.0,724
1037.0,1.0,3.0,724
1038.0,1.0,3.0,724
1039.0,1.0,3.0,724
1040.0,1.0,3.0,724
1041.0,1.0,3.0,724
1042.0,1.0,3.0,724
1043.0,1.0,3.0,724
1044.0,1.0,3.0,724
1045.0,1.0,3.0,724
1046.0,1.0,3.0,724
1047.0,1.0,3.0,724
1048.0,1.0,3.0,724
1049.0,1.0,3.0,724
1050.0,1.0,3.0,724
1051.0,1.0,3.0,724
1052.0,1.0,3.0,724
1053.0,1.0,3.0,724
1054.0,1.0,3.0,724
1055.0,1.0,3.0,724
1056.0,1.0,3.0,724
1057.0,1.0,3.0,724
1058.0,1.0,3.0,724
1059.0,1.0,3.0,724
1060.0,1.0,3.0,724
1061.0,1.0,3.0,724
1062.0,1.0,3.0,724
1063.0,1.0,3.0,724
1064.0,1.0,3.0,724
1065.0,1.0,3.0,724
1066.0,1.0,3.0,724
1067.0,1.0,3.0,724
1068.0,1.0,3.0,724
1069.0,1.0,3.0,724
1070.0,1.0,3.0,724
1071.0,1.0,3.0,724
1072.0,1.0,3.0,724
1073.0,1.0,3.0,724
1074.0,1.0,3.0,724
1075.0,1.0,3.0,724
1076.0,1.0,3.0,724
1077.0,1.0,3.0,724
1078.0,1.0,3.0,724
1079.0,1.0,3.0,724
1080.0,1.0,3.0,724
1081.0,1.0,3.0,724
1082.0,1.0,3.0,724
1083.0,1.0,3.0,724
1084.0,1.0,3.0,724
1085.0,1.0,3.0,724
1086.0,1.0,3.0,724
1087.0,1.0,3.0,724
1088.0,1.0,3.0,724
1089.0,1.0,3.0,724
1090.0,1.0,3.0,724
1091.0,1.0,3.0,724
1092.0,1.0,3.0,724
1093.0,1.0,3.0,724
1094.0,1.0,3.0,724
1095.0,1.0,3.0,724
1096.0,1.0,3.0,724
1097.0,1.0,3.0,724
1098.0,1.0,3.0,724
1099.0,1.0,3.0,724
1100.0,1.0,3.0,724
1101.0,1.0,3.0,724
1102.0,1.0,3.0,724
1103.0,1.0,3.0,724
1104.0,1.0,3.0,724
1105.0,1.0,3.0,724
1106.0,1.0,3.0,724
1107.0,1.0,3.0,724
1108.0,1.0,3.0,724
1109.0,1.0,3.0,724
1110.0,1.0,3.0,724
1111.0,1.0,3.0,724
1112.0,1.0,3.0,724
1113.0,1.0,3.0,724
1114.0,1.0,3.0,724
1115.0,1.0,3.0,724
1116.0,1.0,3.0,724
1117.0,1.0,3.0,724
1118.0,1.0,3.0,724
1119.0,1.0,3.0,724
1120.0,1.0,3.0,724
1121.0,1.0,3.0,724
1122.0,1.0,3.0,724
1123.0,1.0,3.0,724
1124.0,1.0,3.0,724
1125.0,1.0,3.0,724
1126.0,1.0,3.0,724
1127.0,1.0,3.0,724
1128.0,1.0,3.0,724
1129.0,1.0,3.0,724
1130.0,1.0,3.0,724
1131.0,1.0,3.0,724
1132.0,1.0,3.0,724
1133.0,1.0,3.0,724
1134.0,1.0,3.0,724
1135.0,1.0,3.0,724
1136.0,1.0,3.0,724
1137.0,1.0,3.0,724
1138.0,1.0,3.0,724
1139.0,1.0,3.0,724
1140.0,1.0,3.0,724
1141.0,1.0,3.0,724
1142.0,1.0,3.0,724
1143.0,1.0,3.0,724
1144.0,1.0,3.0,724
1145.0,1.0,3.0,724
1146.0,1.0,3.0,724
1147.0,1.0,3.0,724
1148.0,1.0,3.0,724
1149.0,1.0,3.0,724
1150.0,1.0,3.0,724
1151.0,1.0,3.0,724
1152.0,1.0,3.0,724
1153.0,1.0,3.0,724
1154.0,1.0,3.0,724
1155.0,1.0,3.0,724
1156.0,1.0,3.0,724
1157.0,1.0,3.0,724
1158.0,1.0,3.0,724
1159.0,1.0,3.0,724
1160.0,1.0,3.0,724
1161.0,1.0,3.0,724
1162.0,1.0,3.0,724
1163.0,1.0,3.0,724
1164.0,1.0,3.0,724
1165.0,1.0,3.0,724
1166.0,1.0,3.0,724
1167.0,1.0,3.0,724
1168.0,1.0,3.0,724
1169.0,1.0,3.0,724
1170.0,1.0,3.0,724
1171.0,1.0,3.0,724
1172.0,1.0,3.0,724
1173.0,1.0,3.0,724
1174.0,1.0,3.0,724
1175.0,1.0,3.0,724
1176.0,1.0,3.0,724
1177.0,1.0,3.0,724
1178.0,1.0,3.0,724
1179.0,1.0,3.0,724
1180.0,1.0,3.0,724
1181.0,1.0,3.0,723
1182.0,1.0,3.0,723
1183.0,1.0,3.0,723
1184.0,1.0,3.0,723
1185.0,1.0,3.0,723
1186.0,1.0,3.0,723
1187.0,1.0,3.0,723
1188.0,1.0,3.0,723
1189.0,1.0,3.0,723
1190.0,1.0,3.0,723
1191.0,1.0,3.0,723
1192.0,1.0,3.0,723
1193.0,1.0,3.0,723
1194.0,1.0,3.0,723
1195.0,1.0,3.0,723
1196.0,1.0,3.0,723
1197.0,1.0,3.0,723
1198.0,1.0,3.0,723
1199.0,1.0,3.0,723
1200.0,1.0,3.0,723
1201.0,1.0,3.0,723
1202.0,1.0,3.0,723
1203.0,1.0,3.0,723
1204.0,1.0,3.0,723
1205.0,1.0,3.0,723
1206.0,1.0,3.0,723
1207.0,1.0,3.0,723
1208.0,1.0,3.0,723
1209.0,1.0,3.0,723
1210.0,1.0,3.0,723
1211.0,1.0,3.0,723
1212.0,1.0,3.0,723
1213.0,1.0,3.0,723
1214.0,1.0,3.0,723
1215.0,1.0,3.0,723
1216.0,1.0,3.0,723
1217.0,1.0,3.0,723
1218.0,1.0,3.0,723
1219.0,1.0,3.0,723
1220.0,1.0,3.0,723
1221.0,1.0,3.0,723
1222.0,1.0,3.0,723
1223.0,1.0,3.0,723
1224.0,1.0,3.0,723
1225.0,1.0,3.0,723
1226.0,1.0,3.0,723
1227.0,1.0,3.0,723
1228.0,1.0,3.0,723
1229.0,1.0,3.0,723
1230.0,1.0,3.0,723
1231.0,1.0,3.0,723
1232.0,1.0,3.0,723
1233.0,1.0,3.0,723
1234.0,1.0,3.0,723
1235.0,1.0,3.0,723
1236.0,1.0,3.0,723
1237.0,1.0,3.0,723
1238.0,1.0,3.0,723
1239.0,1.0,3.0,723
1240.0,1.0,3.0,723
1241.0,1.0,3.0,723
1242.0,1.0,3.0,723
1243.0,1.0,3.0,723
1244.0,1.0,3.0,723
1245.0,1.0,3.0,723
1246.0,1.0,3.0,723
1247.0,1.0,3.0,723
1248.0,1.0,3.0,723
1249.0,1.0,3.0,723
1250.0,1.0,3.0,723
1251.0,1.0,3.0,723
1252.0,1.0,3.0,723
1253.0,1.0,3.0,723
1254.0,1.0,3.0,723
1255.0,1.0,3.0,723
1256.0,1.0,3.0,723
1257.0,1.0,3.0,723
1258.0,1.0,3.0,723
1259.0,1.0,3.0,723
1260.0,1.0,3.0,723
1261.0,1.0,3.0,723
1262.0,1.0,3.0,723
1263.0,1.0,3.0,723
1264.0,1.0,3.0,723
1265.0,1.0,3.0,723
1266.0,1.0,3.0,723
1267.0,1.0,3.0,723
1268.0,1.0,3.0,723
1269.0,1.0,3.0,723
1270.0,1.0,3.0,723
1271.0,1.0,3.0,723
1272.0,1.0,3.0,723
1273.0,1.0,3.0,723
1274.0,1.0,3.0,723
1275.0,1.0,3.0,723
1276.0,1.0,3.0,723
1277.0,1.0,3.0,723
1278.0,1.0,3.0,723
1279.0,1.0,3.0,723
1280.0,1.0,3.0,723
1281.0,1.0,3.0,723
1282.0,1.0,3.0,723
1283.0,1.0,3.0,723
1284.0,1.0,3.0,723
1285.0,1.0,3.0,723
1286.0,1.0,3.0,723
1287.0,1.0,3.0,723
1288.0,1.0,3.0,723
1289.0,1.0,3.0,723
1290.0,1.0,3.0,723
1291.0,1.0,3.0,723
1292.0,1.0,3.0,723
1293.0,1.0,3.0,723
1294.0,1.0,3.0,723
1295.0,1.0,3.0,723
1296.0,1.0,3.0,723
1297.0,1.0,3.0,723
1298.0,1.0,3.0,723
1299.0,1.0,3.0,723
1300.0,1.0,3.0,723
1301.0,1.0,3.0,723
1302.0,1.0,3.0,723
1303.0,1.0,3.0,723
1304.0,1.0,3.0,723
1305.0,1.0,3.0,723
1306.0,1.0,3.0,723
1307.0,1.0,3.0,723
1308.0,1.0,3.0,723
1309.0,1.0,3.0,723
1310.0,1.0,3.0,723
1311.0,1.0,3.0,723
1312.0,1.0,3.0,723
1313.0,1.0,3.0,723
1314.0,1.0,3.0,723
1315.0,1.0,3.0,723
1316.0,1.0,3.0,723
1317.0,1.0,3.0,723
1318.0,1.0,3.0,723
1319.0,1.0,3.0,723
1320.0,1.0,3.0,723
1321.0,1.0,3.0,723
1322.0,1.0,3.0,723
1323.0,1.0,3.0,723
1324.0,1.0,3.0,723
1325.0,1.0,3.0,723
1326.0,1.0,3.0,723
1327.0,1.0,3.0,723
1328.0,1.0,3.0,723
1329.0,1.0,3.0,723
1330.0,1.0,3.0,723
1331.0,1.0,3.0,723
1332.0,1.0,3.0,723
1333.0,1.0,3.0,723
1334.0,1.0,3.0,723
1335.0,1.0,3.0,723
1336.0,1.0,3.0,723
1337.0,1.0,3.0,723
1338.0,1.0,3.0,723
1339.0,1.0,3.0,723
1340.0,1.0,3.0,723
1341.0,1.0,3.0,723
1342.0,1.0,3.0,723
1343.0,1.0,3.0,723
1344.0,1.0,3.0,723
1345.0,1.0,3.0,723
1346.0,1.0,3.0,723
1347.0,1.0,3.0,723
1348.0,1.0,3.0,723
1349.0,1.0,3.0,723
1350.0,1.0,3.0,723
1351.0,1.0,3.0,723
1352.0,1.0,3.0,723
1353.0,1.0,3.0,723
1354.0,1.0,3.0,723
1355.0,1.0,3.0,723
1356.0,1.0,3.0,723
1357.0,1.0,3.0,723
1358.0,1.0,3.0,723
1359.0,1.0,3.0,723
1360.0,1.0,3.0,723
1361.0,1.0,3.0,723
1362.0,1.0,3.0,723
1363.0,1.0,3.0,723
1364.0,1.0,3.0,723
1365.0,1.0,3.0,723
1366.0,1.0,3.0,723
1367.0,1.0,3.0,723
1368.0,1.0,3.0,723
1369.0,1.0,3.0,723
1370.0,1.0,3.0,723
1371.0,1.0,3.0,723
1372.0,1.0,3.0,723
1373.0,1.0,3.0,723
1374.0,1.0,3.0,723
1375.0,1.0,3.0,723
1376.0,1.0,3.0,723
1377.0,1.0,3.0,723
1378.0,1.0,3.0,723
1379.0,1.0,3.0,723
1380.0,1.0,3.0,723
1381.0,1.0,3.0,723
1382.0,1.0,3.0,723
1383.0,1.0,3.0,723
1384.0,1.0,3.0,723
1385.0,1.0,3.0,723
1386.0,1.0,3.0,723
1387.0,1.0,3.0,722
1388.0,1.0,3.0,722
1389.0,1.0,3.0,722
1390.0,1.0,3.0,722
1391.0,1.0,3.0,722
1392.0,1.0,3.0,722
1393.0,1.0,3.0,722
1394.0,1.0,3.0,722
1395.0,1.0,3.0,722
1396.0,1.0,3.0,722
1397.0,1.0,3.0,722
1398.0,1.0,3.0,722
1399.0,1.0,3.0,722
1400.0,1.0,3.0,722
1401.0,1.0,3.0,722
1402.0,1.0,3.0,722
1403.0,1.0,3.0,722
1404.0,1.0,3.0,722
1405.0,1.0,3.0,722
1406.0,1.0,3.0,722
1407.0,1.0,3.0,722
1408.0,1.0,3.0,722
1409.0,1.0,3.0,722
1410.0,1.0,3.0,722
1411.0,1.0,3.0,722
1412.0,1.0,3.0,722
1413.0,1.0,3.0,722
1414.0,1.0,3.0,722
1415.0,1.0,3.0,722
1416.0,1.0,3.0,722
1417.0,1.0,3.0,722
1418.0,1.0,3.0,722
1419.0,1.0,3.0,722
1420.0,1.0,3.0,722
1421.0,1.0,3.0,722
1422.0,1.0,3.0,722
1423.0,1.0,3.0,722
1424.0,1.0,3.0,722
1425.0,1.0,3.0,722
1426.0,1.0,3.0,722
1427.0,1.0,3.0,722
1428.0,1.0,3.0,722
1429.0,1.0,3.0,722
1430.0,1.0,3.0,722
1431.0,1.0,3.0,722
1432.0,1.0,3.0,722
1433.0,1.0,3.0,722
1434.0,1.0,3.0,722
1435.0,1.0,3.0,722
1436.0,1.0,3.0,722
1437.0,1.0,3.0,722
1438.0,1.0,3.0,722
1439.0,1.0,3.0,722
1440.0,1.0,3.0,722
1441.0,1.0,3.0,722
1442.0,1.0,3.0,722
1443.0,1.0,3.0,722
1444.0,1.0,3.0,722
1445.0,1.0,3.0,722
1446.0,1.0,3.0,722
1447.0,1.0,3.0,722
1448.0,1.0,3.0,722
1449.0,1.0,3.0,722
1450.0,1.0,3.0,722
1451.0,1.0,3.0,722
1452.0,1.0,3.0,722
1453.0,1.0,3.0,722
1454.0,1.0,3.0,722
1455.0,1.0,3.0,722
1456.0,1.0,3.0,722
1457.0,1.0,3.0,722
1458.0,1.0,3.0,722
1459.0,1.0,3.0,722
1460.0,1.0,3.0,722
1461.0,1.0,3.0,722
1462.0,1.0,3.0,722
1463.0,1.0,3.0,722
1464.0,1.0,3.0,722
1465.0,1.0,3.0,722
1466.0,1.0,3.0,722
1467.0,1.0,3.0,722
1468.0,1.0,3.0,722
1469.0,1.0,3.0,722
1470.0,1.0,3.0,722
1471.0,1.0,3.0,722
1472.0,1.0,3.0,722
1473.0,1.0,3.0,722
1474.0,1.0,3.0,722
1475.0,1.0,3.0,722
1476.0,1.0,3.0,722
1477.0,1.0,3.0,722
1478.0,1.0,3.0,722
1479.0,1.0,3.0,722
1480.0,1.0,3.0,722
1481.0,1.0,3.0,722
1482.0,1.0,3.0,722
1483.0,1.0,3.0,722
1484.0,1.0,3.0,722
1485.0,1.0,3.0,722
1486.0,1.0,3.0,722
1487.0,1.0,3.0,722
1488.0,1.0,3.0,722
1489.0,1.0,3.0,722
1490.0,1.0,3.0,722
1491.0,1.0,3.0,722
1492.0,1.0,3.0,722
1493.0,1.0,3.0,722
1494.0,1.0,3.0,722
1495.0,1.0,3.0,722
1496.0,1.0,3.0,722
1497.0,1.0,3.0,722
1498.0,1.0,3.0,722
1499.0,1.0,3.0,722
1500.0,1.0,3.0,722
1501.0,1.0,3.0,722
1502.0,1.0,3.0,722
1503.0,1.0,3.0,722
1504.0,1.0,3.0,722
1505.0,1.0,3.0,722
1506.0,1.0,3.0,722
1507.0,1.0,3.0,722
1508.0,1.0,3.0,722
1509.0,1.0,3.0,722
1510.0,1.0,3.0,722
1511.0,1.0,3.0,722
1512.0,1.0,3.0,722
1513.0,1.0,3.0,722
1514.0,1.0,3.0,722
1515.0,1.0,3.0,722
1516.0,1.0,3.0,722
1517.0,1.0,3.0,722
1518.0,1.0,3.0,722
1519.0,1.0,3.0,722
1520.0,1.0,3.0,722
1521.0,1.0,3.0,722
1522.0,1.0,3.0,722
1523.0,1.0,3.0,722
1524.0,1.0,3.0,722
1525.0,1.0,3.0,722
1526.0,1.0,3.0,722
1527.0,1.0,3.0,722
1528.0,1.0,3.0,722
1529.0,1.0,3.0,722
1530.0,1.0,3.0,722
1531.0,1.0,3.0,722
1532.0,1.0,3.0,722
1533.0,1.0,3.0,722
1534.0,1.0,3.0,722
1535.0,1.0,3.0,722
1536.0,1.0,3.0,722
1537.0,1.0,3.0,722
1538.0,1.0,3.0,722
1539.0,1.0,3.0,722
1540.0,1.0,3.0,722
1541.0,1.0,3.0,722
1542.0,1.0,3.0,722
1543.0,1.0,3.0,722
1544.0,1.0,3.0,722
1545.0,1.0,3.0,722
1546.0,1.0,3.0,722
1547.0,1.0,3.0,722
1548.0,1.0,3.0,722
1549.0,1.0,3.0,722
1550.0,1.0,3.0,722
1551.0,1.0,3.0,722
1552.0,1.0,3.0,722
1553.0,1.0,3.0,722
1554.0,1.0,3.0,722
1555.0,1.0,3.0,722
1556.0,1.0,3.0,722
1557.0,1.0,3.0,722
1558.0,1.0,3.0,722
1559.0,1.0,3.0,722
1560.0,1.0,3.0,722
1561.0,1.0,3.0,722
1562.0,1.0,3.0,722
1563.0,1.0,3.0,722
1564.0,1.0,3.0,722
1565.0,1.0,3.0,722
1566.0,1.0,3.0,722
1567.0,1.0,3.0,722
1568.0,1.0,3.0,722
1569.0,1.0,3.0,722
1570.0,1.0,3.0,722
1571.0,1.0,3.0,722
1572.0,1.0,3.0,722
1573.0,1.0,3.0,722
1574.0,1.0,3.0,722
1575.0,1.0,3.0,722
1576.0,1.0,3.0,722
1577.0,1.0,3.0,722
1578.0,1.0,3.0,722
1579.0,1.0,3.0,722
1580.0,1.0,3.0,722
1581.0,1.0,3.0,722
1582.0,1.0,3.0,722
1583.0,1.0,3.0,722
1584.0,1.0,3.0,722
1585.0,1.0,3.0,722
1586.0,1.0,3.0,722
1587.0,1.0,3.0,722
1588.0,1.0,3.0,722
1589.0,1.0,3.0,722
1590.0,1.0,3.0,722
1591.0,1.0,3.0,722
1592.0,1.0,3.0,722
1593.0,1.0,3.0,722
1594.0,1.0,3.0,722
1595.0,1.0,3.0,722
1596.0,1.0,3.0,722
1597.0,1.0,3.0,722
1598.0,1.0,3.0,722
1599.0,1.0,3.0,722
1600.0,1.0,3.0,722
1601.0,1.0,3.0,722
1602.0,1.0,3.0,722
1603.0,1.0,3.0,722
1604.0,1.0,3.0,722
1605.0,1.0,3.0,722
1606.0,1.0,3.0,722
1607.0,1.0,3.0,722
1608.0,1.0,3.0,722
1609.0,1.0,3.0,722
1610.0,1.0,3.0,722
1611.0,1.0,3.0,722
1612.0,1.0,3.0,722
1613.0,1.0,3.0,722
1614.0,1.0,3.0,722
1615.0,1.0,3.0,722
1616.0,1.0,3.0,722
1617.0,1.0,3.0,722
1618.0,1.0,3.0,722
1619.0,1.0,3.0,722
1620.0,1.0,3.0,722
1621.0,1.0,3.0,722
1622.0,1.0,3.0,722
1623.0,1.0,3.0,722
1624.0,1.0,3.0,722
1625.0,1.0,3.0,722
1626.0,1.0,3.0,722
1627.0,1.0,3.0,721
1628.0,1.0,3.0,721
1629.0,1.0,3.0,721
1630.0,1.0,3.0,721
1631.0,1.0,3.0,721
1632.0,1.0,3.0,721
1633.0,1.0,3.0,721
1634.0,1.0,3.0,721
1635.0,1.0,3.0,721
1636.0,1.0,3.0,721
1637.0,1.0,3.0,721
1638.0,1.0,3.0,721
1639.0,1.0,3.0,721
1640.0,1.0,3.0,721
1641.0,1.0,3.0,721
1642.0,1.0,3.0,721
1643.0,1.0,3.0,721
1644.0,1.0,3.0,721
1645.0,1.0,3.0,721
1646.0,1.0,3.0,721
1647.0,1.0,3.0,721
1648.0,1.0,3.0,721
1649.0,1.0,3.0,721
1650.0,1.0,3.0,721
1651.0,1.0,3.0,721
1652.0,1.0,3.0,721
1653.0,1.0,3.0,721
1654.0,1.0,3.0,721
1655.0,1.0,3.0,721
1656.0,1.0,3.0,721
1657.0,1.0,3.0,721
1658.0,1.0,3.0,721
1659.0,1.0,3.0,721
1660.0,1.0,3.0,721
1661.0,1.0,3.0,721
1662.0,1.0,3.0,721
1663.0,1.0,3.0,721
1664.0,1.0,3.0,721
1665.0,1.0,3.0,721
1666.0,1.0,3.0,721
1667.0,1.0,3.0,721
1668.0,1.0,3.0,721
1669.0,1.0,3.0,721
1670.0,1.0,3.0,721
1671.0,1.0,3.0,721
1672.0,1.0,3.0,721
1673.0,1.0,3.0,721
1674.0,1.0,3.0,721
1675.0,1.0,3.0,721
1676.0,1.0,3.0,721
1677.0,1.0,3.0,721
1678.0,1.0,3.0,721
1679.0,1.0,3.0,721
1680.0,1.0,3.0,721
1681.0,1.0,3.0,721
1682.0,1.0,3.0,721
1683.0,1.0,3.0,721
1684.0,1.0,3.0,721
1685.0,1.0,3.0,721
1686.0,1.0,3.0,721
1687.0,1.0,3.0,721
1688.0,1.0,3.0,721
1689.0,1.0,3.0,721
1690.0,1.0,3.0,721
1691.0,1.0,3.0,721
1692.0,1.0,3.0,721
1693.0,1.0,3.0,721
1694.0,1.0,3.0,721
1695.0,1.0,3.0,721
1696.0,1.0,3.0,721
1697.0,1.0,3.0,721
1698.0,1.0,3.0,721
1699.0,1.0,3.0,721
1700.0,1.0,3.0,721
1701.0,1.0,3.0,721
1702.0,1.0,3.0,721
1703.0,1.0,3.0,721
1704.0,1.0,3.0,721
1705.0,1.0,3.0,721
1706.0,1.0,3.0,721
1707.0,1.0,3.0,721
1708.0,1.0,3.0,721
1709.0,1.0,3.0,721
1710.0,1.0,3.0,721
1711.0,1.0,3.0,721
1712.0,1.0,3.0,721
1713.0,1.0,3.0,721
1714.0,1.0,3.0,721
1715.0,1.0,3.0,721
1716.0,1.0,3.0,721
1717.0,1.0,3.0,721
1718.0,1.0,3.0,721
1719.0,1.0,3.0,721
1720.0,1.0,3.0,721
1721.0,1.0,3.0,721
1722.0,1.0,3.0,721
1723.0,1.0,3.0,721
1724.0,1.0,3.0,721
1725.0,1.0,3.0,721
1726.0,1.0,3.0,721
1727.0,1.0,3.0,721
1728.0,1.0,3.0,721
1729.0,1.0,3.0,721
1730.0,1.0,3.0,721
1731.0,1.0,3.0,721
1732.0,1.0,3.0,721
1733.0,1.0,3.0,721
1734.0,1.0,3.0,721
1735.0,1.0,3.0,721
1736.0,1.0,3.0,721
1737.0,1.0,3.0,721
1738.0,1.0,3.0,721
1739.0,1.0,3.0,721
1740.0,1.0,3.0,721
1741.0,1.0,3.0,721
1742.0,1.0,3.0,721
1743.0,1.0,3.0,721
1744.0,1.0,3.0,721
1745.0,1.0,3.0,721
1746.0,1.0,3.0,721
1747.0,1.0,3.0,721
1748.0,1.0,3.0,721
1749.0,1.0,3.0,721
1750.0,1.0,3.0,721
1751.0,1.0,3.0,721
1752.0,1.0,3.0,721
1753.0,1.0,3.0,721
1754.0,1.0,3.0,721
1755.0,1.0,3.0,721
1756.0,1.0,3.0,721
1757.0,1.0,3.0,721
1758.0,1.0,3.0,721
1759.0,1.0,3.0,721
1760.0,1.0,3.0,721
1761.0,1.0,3.0,721
1762.0,1.0,3.0,721
1763.0,1.0,3.0,721
1764.0,1.0,3.0,721
1765.0,1.0,3.0,721
1766.0,1.0,3.0,721
1767.0,1.0,3.0,721
1768.0,1.0,3.0,721
1769.0,1.0,3.0,721
1770.0,1.0,3.0,721
1771.0,1.0,3.0,721
1772.0,1.0,3.0,721
1773.0,1.0,3.0,721
1774.0,1.0,3.0,721
1775.0,1.0,3.0,721
1776.0,1.0,3.0,721
1777.0,1.0,3.0,721
1778.0,1.0,3.0,721
1779.0,1.0,3.0,721
1780.0,1.0,3.0,721
1781.0,1.0,3.0,721
1782.0,1.0,3.0,721
1783.0,1.0,3.0,721
1784.0,1.0,3.0,721
1785.0,1.0,3.0,721
1786.0,1.0,3.0,721
1787.0,1.0,3.0,721
1788.0,1.0,3.0,721
1789.0,1.0,3.0,721
1790.0,1.0,3.0,721
1791.0,1.0,3.0,721
1792.0,1.0,3.0,721
1793.0,1.0,3.0,721
1794.0,1.0,3.0,721
1795.0,1.0,3.0,721
1796.0,1.0,3.0,721
1797.0,1.0,3.0,721
1798.0,1.0,3.0,721
1799.0,1.0,3.0,721
1800.0,1.0,3.0,721
1801.0,1.0,3.0,721
1802.0,1.0,3.0,721
1803.0,1.0,3.0,721
1804.0,1.0,3.0,721
1805.0,1.0,3.0,721
1806.0,1.0,3.0,721
1807.0,1.0,3.0,721
1808.0,1.0,3.0,721
1809.0,1.0,3.0,721
1810.0,1.0,3.0,721
1811.0,1.0,3.0,721
1812.0,1.0,3.0,721
1813.0,1.0,3.0,721
1814.0,1.0,3.0,721
1815.0,1.0,3.0,721
1816.0,1.0,3.0,721
1817.0,1.0,3.0,721
1818.0,1.0,3.0,721
1819.0,1.0,3.0,721
1820.0,1.0,3.0,721
1821.0,1.0,3.0,721
1822.0,1.0,3.0,721
1823.0,1.0,3.0,721
1824.0,1.0,3.0,721
1825.0,1.0,3.0,721
1826.0,1.0,3.0,721
1827.0,1.0,3.0,721
1828.0,1.0,3.0,721
1829.0,1.0,3.0,721
1830.0,1.0,3.0,721
1831.0,1.0,3.0,721
1832.0,1.0,3.0,721
1833.0,1.0,3.0,721
1834.0,1.0,3.0,721
1835.0,1.0,3.0,721
1836.0,1.0,3.0,721
1837.0,1.0,3.0,721
1838.0,1.0,3.0,721
1839.0,1.0,3.0,721
1840.0,1.0,3.0,721
1841.0,1.0,3.0,721
1842.0,1.0,3.0,721
1843.0,1.0,3.0,721
1844.0,1.0,3.0,721
1845.0,1.0,3.0,721
1846.0,1.0,3.0,721
1847.0,1.0,3.0,721
1848.0,1.0,3.0,721
1849.0,1.0,3.0,721
1850.0,1.0,3.0,721
1851.0,1.0,3.0,721
1852.0,1.0,3.0,721
1853.0,1.0,3.0,721
1854.0,1.0,3.0,721
1855.0,1.0,3.0,721
1856.0,1.0,3.0,721
1857.0,1.0,3.0,721
1858.0,1.0,3.0,721
1859.0,1.0,3.0,721
1860.0,1.0,3.0,721
1861.0,1.0,3.0,721
1862.0,1.0,3.0,721
1863.0,1.0,3.0,721
1864.0,1.0,3.0,721
1865.0,1.0,3.0,721
1866.0,1.0,3.0,721
1867.0,1.0,3.0,721
1868.0,1.0,3.0,721
1869.0,1.0,3.0,721
1870.0,1.0,3.0,721
1871.0,1.0,3.0,721
1872.0,1.0,3.0,721
1873.0,1.0,3.0,721
1874.0,1.0,3.0,721
1875.0,1.0,3.0,721
1876.0,1.0,3.0,721
1877.0,1.0,3.0,721
1878.0,1.0,3.0,721
1879.0,1.0,3.0,721
1880.0,1.0,3.0,721
1881.0,1.0,3.0,721
1882.0,1.0,3.0,721
1883.0,1.0,3.0,721
1884.0,1.0,3.0,721
1885.0,1.0,3.0,721
1886.0,1.0,3.0,721
1887.0,1.0,3.0,721
1888.0,1.0,3.0,721
1889.0,1.0,3.0,721
1890.0,1.0,3.0,721
1891.0,1.0,3.0,721
1892.0,1.0,3.0,721
1893.0,1.0,3.0,721
1894.0,1.0,3.0,721
1895.0,1.0,3.0,721
1896.0,1.0,3.0,721
1897.0,1.0,3.0,721
1898.0,1.0,3.0,721
1899.0,1.0,3.0,721
1900.0,1.0,3.0,721
1901.0,1.0,3.0,721
1902.0,1.0,3.0,721
1903.0,1.0,3.0,721
1904.0,1.0,3.0,721
1905.0,1.0,3.0,720
1906.0,1.0,3.0,720
1907.0,1.0,3.0,720
1908.0,1.0,3.0,720
1909.0,1.0,3.0,720
1910.0,1.0,3.0,720
1911.0,1.0,3.0,720
1912.0,1.0,3.0,720
1913.0,1.0,3.0,720
1914.0,1.0,3.0,720
1915.0,1.0,3.0,720
1916.0,1.0,3.0,720
1917.0,1.0,3.0,720
1918.0,1.0,3.0,720
1919.0,1.0,3.0,720
1920.0,1.0,3.0,720
1921.0,1.0,3.0,720
1922.0,1.0,3.0,720
1923.0,1.0,3.0,720
1924.0,1.0,3.0,720
1925.0,1.0,3.0,720
1926.0,1.0,3.0,720
1927.0,1.0,3.0,720
1928.0,1.0,3.0,720
1929.0,1.0,3.0,720
1930.0,1.0,3.0,720
1931.0,1.0,3.0,720
1932.0,1.0,3.0,720
1933.0,1.0,3.0,720
1934.0,1.0,3.0,720
1935.0,1.0,3.0,720
1936.0,1.0,3.0,720
1937.0,1.0,3.0,720
1938.0,1.0,3.0,720
1939.0,1.0,3.0,720
1940.0,1.0,3.0,720
1941.0,1.0,3.0,720
1942.0,1.0,3.0,720
1943.0,1.0,3.0,720
1944.0,1.0,3.0,720
1945.0,1.0,3.0,720
1946.0,1.0,3.0,720
1947.0,1.0,3.0,720
1948.0,1.0,3.0,720
1949.0,1.0,3.0,720
1950.0,1.0,3.0,720
1951.0,1.0,3.0,720
1952.0,1.0,3.0,720
1953.0,1.0,3.0,720
1954.0,1.0,3.0,720
1955.0,1.0,3.0,720
1956.0,1.0,3.0,720
1957.0,1.0,3.0,720
1958.0,1.0,3.0,720
1959.0,1.0,3.0,720
1960.0,1.0,3.0,720
1961.0,1.0,3.0,720
1962.0,1.0,3.0,720
1963.0,1.0,3.0,720
1964.0,1.0,3.0,720
1965.0,1.0,3.0,720
1966.0,1.0,3.0,720
1967.0,1.0,3.0,720
1968.0,1.0,3.0,720
1969.0,1.0,3.0,720
1970.0,1.0,3.0,720
1971.0,1.0,3.0,720
1972.0,1.0,3.0,720
1973.0,1.0,3.0,720
1974.0,1.0,3.0,720
1975.0,1.0,3.0,720
1976.0,1.0,3.0,720
1977.0,1.0,3.0,720
1978.0,1.0,3.0,720
1979.0,1.0,3.0,720
1980.0,1.0,3.0,720
1981.0,1.0,3.0,720
1982.0,1.0,3.0,720
1983.0,1.0,3.0,720
1984.0,1.0,3.0,720
1985.0,1.0,3.0,720
1986.0,1.0,3.0,720
1987.0,1.0,3.0,720
1988.0,1.0,3.0,720
1989.0,1.0,3.0,720
1990.0,1.0,3.0,720
1991.0,1.0,3.0,720
1992.0,1.0,3.0,720
1993.0,1.0,3.0,720
1994.0,1.0,3.0,720
1995.0,1.0,3.0,720
1996.0,1.0,3.0,720
1997.0,1.0,3.0,720
1998.0,1.0,3.0,720
1999.0,1.0,3.0,720
2000.0,1.0,3.0,720
2001.0,1.0,3.0,720
2002.0,1.0,3.0,720
2003.0,1.0,3.0,720
2004.0,1.0,3.0,720
2005.0,1.0,3.0,720
2006.0,1.0,3.0,720
2007.0,1.0,3.0,720
2008.0,1.0,3.0,720
2009.0,1.0,3.0,720
2010.0,1.0,3.0,720
2011.0,1.0,3.0,720
2012.0,1.0,3.0,720
2013.0,1.0,3.0,720
2014.0,1.0,3.0,720
2015.0,1.0,3.0,720
2016.0,1.0,3.0,720
2017.0,1.0,3.0,720
2018.0,1.0,3.0,720
2019.0,1.0,3.0,720
2020.0,1.0,3.0,720
2021.0,1.0,3.0,720
2022.0,1.0,3.0,720
2023.0,1.0,3.0,720
2024.0,1.0,3.0,720
2025.0,1.0,3.0,720
2026.0,1.0,3.0,720
2027.0,1.0,3.0,720
2028.0,1.0,3.0,720
2029.0,1.0,3.0,720
2030.0,1.0,3.0,720
2031.0,1.0,3.0,720
2032.0,1.0,3.0,720
2033.0,1.0,3.0,720
2034.0,1.0,3.0,720
2035.0,1.0,3.0,720
2036.0,1.0,3.0,720
2037.0,1.0,3.0,720
2038.0,1.0,3.0,720
2039.0,1.0,3.0,720
2040.0,1.0,3.0,720
2041.0,1.0,3.0,720
2042.0,1.0,3.0,720
2043.0,1.0,3.0,720
2044.0,1.0,3.0,720
2045.0,1.0,3.0,720
2046.0,1.0,3.0,720
2047.0,1.0,3.0,720
2048.0,1.0,3.0,720
2049.0,1.0,3.0,720
2050.0,1.0,3.0,720
2051.0,1.0,3.0,720
2052.0,1.0,3.0,720
2053.0,1.0,3.0,720
2054.0,1.0,3.0,720
2055.0,1.0,3.0,720
2056.0,1.0,3.0,720
2057.0,1.0,3.0,720
2058.0,1.0,3.0,720
2059.0,1.0,3.0,720
2060.0,1.0,3.0,720
2061.0,1.0,3.0,720
2062.0,1.0,3.0,720
2063.0,1.0,3.0,720
2064.0,1.0,3.0,720
2065.0,1.0,3.0,720
2066.0,1.0,3.0,720
2067.0,1.0,3.0,720
2068.0,1.0,3.0,720
2069.0,1.0,3.0,720
2070.0,1.0,3.0,720
2071.0,1.0,3.0,720
2072.0,1.0,3.0,720
2073.0,1.0,3.0,720
2074.0,1.0,3.0,720
2075.0,1.0,3.0,720
2076.0,1.0,3.0,720
2077.0,1.0,3.0,720
2078.0,1.0,3.0,720
2079.0,1.0,3.0,720
2080.0,1.0,3.0,720
2081.0,1.0,3.0,720
2082.0,1.0,3.0,720
2083.0,1.0,3.0,720
2084.0,1.0,3.0,720
2085.0,1.0,3.0,720
2086.0,1.0,3.0,720
2087.0,1.0,3.0,720
2088.0,1.0,3.0,720
2089.0,1.0,3.0,720
2090.0,1.0,3.0,720
2091.0,1.0,3.0,720
2092.0,1.0,3.0,720
2093.0,1.0,3.0,720
2094.0,1.0,3.0,720
2095.0,1.0,3.0,720
2096.0,1.0,3.0,720
2097.0,1.0,3.0,720
2098.0,1.0,3.0,720
2099.0,1.0,3.0,720
2100.0,1.0,3.0,720
2101.0,1.0,3.0,720
2102.0,1.0,3.0,720
2103.0,1.0,3.0,720
2104.0,1.0,3.0,720
2105.0,1.0,3.0,720
2106.0,1.0,3.0,720
2107.0,1.0,3.0,720
2108.0,1.0,3.0,720
2109.0,1.0,3.0,720
2110.0,1.0,3.0,720
2111.0,1.0,3.0,720
2112.0,1.0,3.0,720
2113.0,1.0,3.0,720
2114.0,1.0,3.0,720
2115.0,1.0,3.0,720
2116.0,1.0,3.0,720
2117.0,1.0,3.0,720
2118.0,1.0,3.0,720
2119.0,1.0,3.0,720
2120.0,1.0,3.0,720
2121.0,1.0,3.0,720
2122.0,1.0,3.0,720
2123.0,1.0,3.0,720
2124.0,1.0,3.0,720
2125.0,1.0,3.0,720
2126.0,1.0,3.0,720
2127.0,1.0,3.0,720
2128.0,1.0,3.0,720
2129.0,1.0,3.0,720
2130.0,1.0,3.0,720
2131.0,1.0,3.0,720
2132.0,1.0,3.0,720
2133.0,1.0,3.0,720
2134.0,1.0,3.0,720
2135.0,1.0,3.0,720
2136.0,1.0,3.0,720
2137.0,1.0,3.0,720
2138.0,1.0,3.0,720
2139.0,1.0,3.0,720
2140.0,1.0,3.0,720
2141.0,1.0,3.0,720
2142.0,1.0,3.0,720
2143.0,1.0,3.0,720
2144.0,1.0,3.0,720
2145.0,1.0,3.0,720
2146.0,1.0,3.0,720
2147.0,1.0,3.0,720
2148.0,1.0,3.0,720
2149.0,1.0,3.0,720
2150.0,1.0,3.0,720
2151.0,1.0,3.0,720
2152.0,1.0,3.0,720
2153.0,1.0,3.0,720
2154.0,1.0,3.0,720
2155.0,1.0,3.0,720
2156.0,1.0,3.0,720
2157.0,1.0,3.0,720
2158.0,1.0,3.0,720
2159.0,1.0,3.0,720
2160.0,1.0,3.0,720
2161.0,1.0,3.0,720
2162.0,1.0,3.0,720
2163.0,1.0,3.0,720
2164.0,1.0,3.0,720
2165.0,1.0,3.0,720
2166.0,1.0,3.0,720
2167.0,1.0,3.0,720
2168.0,1.0,3.0,720
2169.0,1.0,3.0,720
2170.0,1.0,3.0,720
2171.0,1.0,3.0,720
2172.0,1.0,3.0,720
2173.0,1.0,3.0,720
2174.0,1.0,3.0,720
2175.0,1.0,3.0,720
2176.0,1.0,3.0,720
2177.0,1.0,3.0,720
2178.0,1.0,3.0,720
2179.0,1.0,3.0,720
2180.0,1.0,3.0,720
2181.0,1.0,3.0,720
2182.0,1.0,3.0,720
2183.0,1.0,3.0,720
2184.0,1.0,3.0,720
2185.0,1.0,3.0,720
2186.0,1.0,3.0,720
2187.0,1.0,3.0,720
2188.0,1.0,3.0,720
2189.0,1.0,3.0,720
2190.0,1.0,3.0,720
2191.0,1.0,3.0,720
2192.0,1.0,3.0,720
2193.0,1.0,3.0,720
2194.0,1.0,3.0,720
2195.0,1.0,3.0,720
2196.0,1.0,3.0,720
2197.0,1.0,3.0,720
2198.0,1.0,3.0,720
2199.0,1.0,3.0,720
2200.0,1.0,3.0,720
2201.0,1.0,3.0,720
2202.0,1.0,3.0,720
2203.0,1.0,3.0,720
2204.0,1.0,3.0,720
2205.0,1.0,3.0,720
2206.0,1.0,3.0,720
2207.0,1.0,3.0,720
2208.0,1.0,3.0,720
2209.0,1.0,3.0,720
2210.0,1.0,3.0,720
2211.0,1.0,3.0,720
2212.0,1.0,3.0,720
2213.0,1.0,3.0,720
2214.0,1.0,3.0,720
2215.0,1.0,3.0,720
2216.0,1.0,3.0,720
2217.0,1.0,3.0,720
2218.0,1.0,3.0,720
2219.0,1.0,3.0,720
2220.0,1.0,3.0,720
2221.0,1.0,3.0,720
2222.0,1.0,3.0,720
2223.0,1.0,3.0,720
2224.0,1.0,3.0,720
2225.0,1.0,3.0,720
2226.0,1.0,3.0,720
2227.0,1.0,3.0,720
2228.0,1.0,3.0,720
2229.0,1.0,3.0,720
2230.0,1.0,3.0,720
2231.0,1.0,3.0,720
2232.0,1.0,3.0,720
2233.0,1.0,3.0,720
2234.0,1.0,3.0,720
2235.0,1.0,3.0,720
2236.0,1.0,3.0,720
2237.0,1.0,3.0,720
2238.0,1.0,3.0,720
2239.0,1.0,3.0,720
2240.0,1.0,3.0,720
2241.0,1.0,3.0,720
2242.0,1.0,3.0,720
2243.0,1.0,3.0,720
2244.0,1.0,3.0,720
2245.0,1.0,3.0,720
2246.0,1.0,3.0,720
2247.0,1.0,3.0,720
2248.0,1.0,3.0,720
2249.0,1.0,3.0,720
2250.0,1.0,3.0,720
2251.0,1.0,3.0,720
2252.0,1.0,3.0,720
2253.0,1.0,3.0,720
2254.0,1.0,3.0,720
2255.0,1.0,3.0,720
2256.0,1.0,3.0,720
2257.0,1.0,3.0,720
2258.0,1.0,3.0,720
2259.0,1.0,3.0,720
2260.0,1.0,3.0,720
2261.0,1.0,3.0,720
2262.0,1.0,3.0,720
2263.0,1.0,3.0,720
2264.0,1.0,3.0,720
2265.0,1.0,3.0,720
2266.0,1.0,3.0,720
2267.0,1.0,3.0,720
2268.0,1.0,3.0,720
2269.0,1.0,3.0,720
2270.0,1.0,3.0,720
2271.0,1.0,3.0,720
2272.0,1.0,3.0,720
2273.0,1.0,3.0,720
2274.0,1.0,3.0,720
2275.0,1.0,3.0,720
2276.0,1.0,3.0,720
2277.0,1.0,3.0,720
2278.0,1.0,3.0,720
2279.0,1.0,3.0,720
2280.0,1.0,3.0,720
2281.0,1.0,3.0,720
2282.0,1.0,3.0,720
2283.0,1.0,3.0,720
2284.0,1.0,3.0,720
2285.0,1.0,3.0,720
2286.0,1.0,3.0,720
2287.0,1.0,3.0,720
2288.0,1.0,3.0,720
2289.0,1.0,3.0,720
2290.0,1.0,3.0,720
2291.0,1.0,3.0,720
2292.0,1.0,3.0,720
2293.0,1.0,3.0,720
2294.0,1.0,3.0,720
2295.0,1.0,3.0,720
2296.0,1.0,3.0,720
2297.0,1.0,3.0,720
2298.0,1.0,3.0,720
2299.0,1.0,3.0,720
2300.0,1.0,3.0,720
2301.0,1.0,3.0,720
2302.0,1.0,3.0,720
2303.0,1.0,3.0,720
2304.0,1.0,3.0,720
2305.0,1.0,3.0,720
2306.0,1.0,3.0,720
2307.0,1.0,3.0,720
2308.0,1.0,3.0,720
2309.0,1.0,3.0,720
2310.0,1.0,3.0,720
2311.0,1.0,3.0,720
2312.0,1.0,3.0,720
2313.0,1.0,3.0,720
2314.0,1.0,3.0,720
2315.0,1.0,3.0,720
2316.0,1.0,3.0,720
2317.0,1.0,3.0,720
2318.0,1.0,3.0,720
2319.0,1.0,3.0,720
2320.0,1.0,3.0,720
2321.0,1.0,3.0,720
2322.0,1.0,3.0,720
2323.0,1.0,3.0,720
2324.0,1.0,3.0,720
2325.0,1.0,3.0,720
2326.0,1.0,3.0,720
2327.0,1.0,3.0,720
2328.0,1.0,3.0,720
2329.0,1.0,3.0,720
2330.0,1.0,3.0,720
2331.0,1.0,3.0,720
2332.0,1.0,3.0,720
2333.0,1.0,3.0,720
2334.0,1.0,3.0,720
2335.0,1.0,3.0,720
2336.0,1.0,3.0,720
2337.0,1.0,3.0,720
2338.0,1.0,3.0,720
2339.0,1.0,3.0,720
2340.0,1.0,3.0,720
2341.0,1.0,3.0,720
2342.0,1.0,3.0,720
2343.0,1.0,3.0,720
2344.0,1.0,3.0,720
2345.0,1.0,3.0,720
2346.0,1.0,3.0,720
2347.0,1.0,3.0,720
2348.0,1.0,3.0,720
2349.0,1.0,3.0,720
2350.0,1.0,3.0,720
2351.0,1.0,3.0,720
2352.0,1.0,3.0,720
2353.0,1.0,3.0,720
2354.0,1.0,3.0,720
2355.0,1.0,3.0,720
2356.0,1.0,3.0,720
2357.0,1.0,3.0,720
2358.0,1.0,3.0,720
2359.0,1.0,3.0,720
2360.0,1.0,3.0,720
2361.0,1.0,3.0,720
2362.0,1.0,3.0,720
2363.0,1.0,3.0,720
2364.0,1.0,3.0,720
2365.0,1.0,3.0,720
2366.0,1.0,3.0,720
2367.0,1.0,3.0,720
2368.0,1.0,3.0,720
2369.0,1.0,3.0,720
2370.0,1.0,3.0,720
2371.0,1.0,3.0,720
2372.0,1.0,3.0,720
2373.0,1.0,3.0,720
2374.0,1.0,3.0,720
2375.0,1.0,3.0,720
2376.0,1.0,3.0,720
2377.0,1.0,3.0,720
2378.0,1.0,3.0,720
2379.0,1.0,3.0,720
2380.0,1.0,3.0,720
2381.0,1.0,3.0,720
2382.0,1.0,3.0,720
2383.0,1.0,3.0,720
2384.0,1.0,3.0,720
2385.0,1.0,3.0,720
2386.0,1.0,3.0,720
2387.0,1.0,3.0,720
2388.0,1.0,3.0,720
2389.0,1.0,3.0,720
2390.0,1.0,3.0,720
2391.0,1.0,3.0,720
2392.0,1.0,3.0,720
2393.0,1.0,3.0,720
2394.0,1.0,3.0,720
2395.0,1.0,3.0,720
2396.0,1.0,3.0,720
2397.0,1.0,3.0,720
2398.0,1.0,3.0,720
2399.0,1.0,3.0,720
2400.0,1.0,3.0,720
2401.0,1.0,3.0,720
2402.0,1.0,3.0,720
2403.0,1.0,3.0,720
2404.0,1.0,3.0,720
2405.0,1.0,3.0,720
2406.0,1.0,3.0,720
2407.0,1.0,3.0,720
2408.0,1.0,3.0,720
2409.0,1.0,3.0,720
2410.0,1.0,3.0,720
2411.0,1.0,3.0,720
2412.0,1.0,3.0,720
2413.0,1.0,3.0,720
2414.0,1.0,3.0,720
2415.0,1.0,3.0,720
2416.0,1.0,3.0,720
2417.0,1.0,3.0,720
2418.0,1.0,3.0,720
2419.0,1.0,3.0,720
2420.0,1.0,3.0,720
2421.0,1.0,3.0,720
2422.0,1.0,3.0,720
2423.0,1.0,3.0,720
2424.0,1.0,3.0,720
2425.0,1.0,3.0,720
2426.0,1.0,3.0,720
2427.0,1.0,3.0,720
2428.0,1.0,3.0,720
2429.0,1.0,3.0,720
2430.0,1.0,3.0,720
2431.0,1.0,3.0,720
2432.0,1.0,3.0,720
2433.0,1.0,3.0,720
2434.0,1.0,3.0,720
2435.0,1.0,3.0,720
2436.0,1.0,3.0,720
2437.0,1.0,3.0,720
2438.0,1.0,3.0,720
2439.0,1.0,3.0,720
2440.0,1.0,3.0,720
2441.0,1.0,3.0,720
2442.0,1.0,3.0,720
2443.0,1.0,3.0,720
2444.0,1.0,3.0,720
2445.0,1.0,3.0,720
2446.0,1.0,3.0,720
2447.0,1.0,3.0,720
2448.0,1.0,3.0,720
2449.0,1.0,3.0,720
2450.0,1.0,3.0,720
2451.0,1.0,3.0,720
2452.0,1.0,3.0,720
2453.0,1.0,3.0,720
2454.0,1.0,3.0,720
2455.0,1.0,3.0,720
2456.0,1.0,3.0,720
2457.0,1.0,3.0,720
2458.0,1.0,3.0,720
2459.0,1.0,3.0,720
2460.0,1.0,3.0,720
2461.0,1.0,3.0,720
2462.0,1.0,3.0,720
2463.0,1.0,3.0,720
2464.0,1.0,3.0,720
2465.0,1.0,3.0,720
2466.0,1.0,3.0,720
2467.0,1.0,3.0,720
2468.0,1.0,3.0,720
2469.0,1.0,3.0,720
2470.0,1.0,3.0,720
2471.0,1.0,3.0,720
2472.0,1.0,3.0,720
2473.0,1.0,3.0,720
2474.0,1.0,3.0,720
2475.0,1.0,3.0,720
2476.0,1.0,3.0,720
2477.0,1.0,3.0,720
2478.0,1.0,3.0,720
2479.0,1.0,3.0,720
2480.0,1.0,3.0,720
2481.0,1.0,3.0,720
2482.0,1.0,3.0,720
2483.0,1.0,3.0,720
2484.0,1.0,3.0,720
2485.0,1.0,3.0,720
2486.0,1.0,3.0,720
2487.0,1.0,3.0,720
2488.0,1.0,3.0,720
2489.0,1.0,3.0,720
2490.0,1.0,3.0,720
2491.0,1.0,3.0,720
2492.0,1.0,3.0,720
2493.0,1.0,3.0,720
2494.0,1.0,3.0,720
2495.0,1.0,3.0,720
2496.0,1.0,3.0,720
2497.0,1.0,3.0,720
2498.0,1.0,3.0,720
2499.0,1.0,3.0,720
2500.0,1.0,3.0,720
2501.0,1.0,3.0,720
2502.0,1.0,3.0,720
2503.0,1.0,3.0,720
2504.0,1.0,3.0,720
2505.0,1.0,3.0,720
2506.0,1.0,3.0,720
2507.0,1.0,3.0,720
2508.0,1.0,3.0,720
2509.0,1.0,3.0,720
2510.0,1.0,3.0,720
2511.0,1.0,3.0,720
2512.0,1.0,3.0,720
2513.0,1.0,3.0,720
2514.0,1.0,3.0,720
2515.0,1.0,3.0,720
2516.0,1.0,3.0,720
2517.0,1.0,3.0,720
2518.0,1.0,3.0,720
2519.0,1.0,3.0,720
2520.0,1.0,3.0,720
2521.0,1.0,3.0,720
2522.0,1.0,3.0,720
2523.0,1.0,3.0,720
2524.0,1.0,3.0,720
2525.0,1.0,3.0,720
2526.0,1.0,3.0,720
2527.0,1.0,3.0,720
2528.0,1.0,3.0,720
2529.0,1.0,3.0,720
2530.0,1.0,3.0,720
2531.0,1.0,3.0,720
2532.0,1.0,3.0,720
2533.0,1.0,3.0,720
2534.0,1.0,3.0,720
2535.0,1.0,3.0,720
2536.0,1.0,3.0,720
2537.0,1.0,3.0,720
2538.0,1.0,3.0,720
2539.0,1.0,3.0,720
2540.0,1.0,3.0,720
2541.0,1.0,3.0,720
2542.0,1.0,3.0,720
2543.0,1.0,3.0,720
2544.0,1.0,3.0,720
2545.0,1.0,3.0,720
2546.0,1.0,3.0,720
2547.0,1.0,3.0,720
2548.0,1.0,3.0,720
2549.0,1.0,3.0,720
2550.0,1.0,3.0,720
2551.0,1.0,3.0,720
2552.0,1.0,3.0,720
2553.0,1.0,3.0,720
2554.0,1.0,3.0,720
2555.0,1.0,3.0,720
2556.0,1.0,3.0,720
2557.0,1.0,3.0,720
2558.0,1.0,3.0,720
2559.0,1.0,3.0,720
2560.0,1.0,3.0,720
2561.0,1.0,3.0,720
2562.0,1.0,3.0,720
2563.0,1.0,3.0,720
2564.0,1.0,3.0,720
2565.0,1.0,3.0,720
2566.0,1.0,3.0,720
2567.0,1.0,3.0,720
2568.0,1.0,3.0,720
2569.0,1.0,3.0,720
2570.0,1.0,3.0,720
2571.0,1.0,3.0,720
2572.0,1.0,3.0,720
2573.0,1.0,3.0,720
2574.0,1.0,3.0,720
2575.0,1.0,3.0,720
2576.0,1.0,3.0,720
2577.0,1.0,3.0,720
2578.0,1.0,3.0,720
2579.0,1.0,3.0,720
2580.0,1.0,3.0,720
2581.0,1.0,3.0,720
2582.0,1.0,3.0,720
2583.0,1.0,3.0,720
2584.0,1.0,3.0,720
2585.0,1.0,3.0,720
2586.0,1.0,3.0,720
2587.0,1.0,3.0,720
2588.0,1.0,3.0,720
2589.0,1.0,3.0,720
2590.0,1.0,3.0,720
2591.0,1.0,3.0,720
2592.0,1.0,3.0,720
2593.0,1.0,3.0,720
2594.0,1.0,3.0,720
2595.0,1.0,3.0,720
2596.0,1.0,3.0,720
2597.0,1.0,3.0,720
2598.0,1.0,3.0,720
2599.0,1.0,3.0,720
2600.0,1.0,3.0,720
2601.0,1.0,3.0,720
2602.0,1.0,3.0,720
2603.0,1.0,3.0,720
2604.0,1.0,3.0,720
2605.0,1.0,3.0,720
2606.0,1.0,3.0,720
2607.0,1.0,3.0,720
2608.0,1.0,3.0,720
2609.0,1.0,3.0,720
2610.0,1.0,3.0,720
2611.0,1.0,3.0,720
2612.0,1.0,3.0,720
2613.0,1.0,3.0,720
2614.0,1.0,3.0,720
2615.0,1.0,3.0,720
2616.0,1.0,3.0,720
2617.0,1.0,3.0,720
2618.0,1.0,3.0,720
2619.0,1.0,3.0,720
2620.0,1.0,3.0,720
2621.0,1.0,3.0,720
2622.0,1.0,3.0,720
2623.0,1.0,3.0,720
2624.0,1.0,3.0,720
2625.0,1.0,3.0,720
2626.0,1.0,3.0,720
2627.0,1.0,3.0,720
2628.0,1.0,3.0,720
2629.0,1.0,3.0,720
2630.0,1.0,3.0,720
2631.0,1.0,3.0,720
2632.0,1.0,3.0,720
2633.0,1.0,3.0,720
2634.0,1.0,3.0,720
2635.0,1.0,3.0,720
2636.0,1.0,3.0,720
2637.0,1.0,3.0,720
2638.0,1.0,3.0,720
2639.0,1.0,3.0,720
2640.0,1.0,3.0,720
2641.0,1.0,3.0,720
2642.0,1.0,3.0,720
2643.0,1.0,3.0,720
2644.0,1.0,3.0,720
2645.0,1.0,3.0,720
2646.0,1.0,3.0,720
2647.0,1.0,3.0,720
2648.0,1.0,3.0,720
2649.0,1.0,3.0,720
2650.0,1.0,3.0,720
2651.0,1.0,3.0,720
2652.0,1.0,3.0,720
2653.0,1.0,3.0,720
2654.0,1.0,3.0,720
2655.0,1.0,3.0,720
2656.0,1.0,3.0,720
2657.0,1.0,3.0,720
2658.0,1.0,3.0,720
2659.0,1.0,3.0,720
2660.0,1.0,3.0,720
2661.0,1.0,3.0,720
2662.0,1.0,3.0,720
2663.0,1.0,3.0,720
2664.0,1.0,3.0,720
2665.0,1.0,3.0,720
2666.0,1.0,3.0,720
2667.0,1.0,3.0,720
2668.0,1.0,3.0,720
2669.0,1.0,3.0,720
2670.0,1.0,3.0,720
2671.0,1.0,3.0,720
2672.0,1.0,3.0,720
2673.0,1.0,3.0,720
2674.0,1.0,3.0,720
2675.0,1.0,3.0,720
2676.0,1.0,3.0,720
2677.0,1.0,3.0,720
2678.0,1.0,3.0,720
2679.0,1.0,3.0,720
2680.0,1.0,3.0,720
2681.0,1.0,3.0,720
2682.0,1.0,3.0,720
2683.0,1.0,3.0,720
2684.0,1.0,3.0,720
2685.0,1.0,3.0,720
2686.0,1.0,3.0,720
2687.0,1.0,3.0,720
2688.0,1.0,3.0,720
2689.0,1.0,3.0,720
2690.0,1.0,3.0,720
2691.0,1.0,3.0,720
2692.0,1.0,3.0,720
2693.0,1.0,3.0,720
2694.0,1.0,3.0,720
2695.0,1.0,3.0,720
2696.0,1.0,3.0,720
2697.0,1.0,3.0,720
2698.0,1.0,3.0,720
2699.0,1.0,3.0,720
2700.0,1.0,3.0,720
2701.0,1.0,3.0,720
2702.0,1.0,3.0,720
2703.0,1.0,3.0,720
2704.0,1.0,3.0,720
2705.0,1.0,3.0,720
2706.0,1.0,3.0,720
2707.0,1.0,3.0,720
2708.0,1.0,3.0,720
2709.0,1.0,3.0,720
2710.0,1.0,3.0,720
2711.0,1.0,3.0,720
2712.0,1.0,3.0,720
2713.0,1.0,3.0,720
2714.0,1.0,3.0,720
2715.0,1.0,3.0,720
2716.0,1.0,3.0,720
2717.0,1.0,3.0,720
2718.0,1.0,3.0,720
2719.0,1.0,3.0,720
2720.0,1.0,3.0,720
2721.0,1.0,3.0,719
2722.0,1.0,3.0,719
2723.0,1.0,3.0,719
2724.0,1.0,3.0,719
2725.0,1.0,3.0,719
2726.0,1.0,3.0,719
2727.0,1.0,3.0,719
2728.0,1.0,3.0,719
2729.0,1.0,3.0,719
2730.0,1.0,3.0,719
2731.0,1.0,3.0,719
2732.0,1.0,3.0,719
2733.0,1.0,3.0,719
2734.0,1.0,3.0,719
2735.0,1.0,3.0,719
2736.0,1.0,3.0,719
2737.0,1.0,3.0,719
2738.0,1.0,3.0,719
2739.0,1.0,3.0,719
2740.0,1.0,3.0,719
2741.0,1.0,3.0,719
2742.0,1.0,3.0,719
2743.0,1.0,3.0,719
2744.0,1.0,3.0,719
2745.0,1.0,3.0,719
2746.0,1.0,3.0,719
2747.0,1.0,3.0,719
2748.0,1.0,3.0,719
2749.0,1.0,3.0,719
2750.0,1.0,3.0,719
2751.0,1.0,3.0,719
2752.0,1.0,3.0,719
2753.0,1.0,3.0,719
2754.0,1.0,3.0,719
2755.0,1.0,3.0,719
2756.0,1.0,3.0,719
2757.0,1.0,3.0,719
2758.0,1.0,3.0,719
2759.0,1.0,3.0,719
2760.0,1.0,3.0,719
2761.0,1.0,3.0,719
2762.0,1.0,3.0,719
2763.0,1.0,3.0,719
2764.0,1.0,3.0,719
2765.0,1.0,3.0,719
2766.0,1.0,3.0,719
2767.0,1.0,3.0,719
2768.0,1.0,3.0,719
2769.0,1.0,3.0,719
2770.0,1.0,3.0,719
2771.0,1.0,3.0,719
2772.0,1.0,3.0,719
2773.0,1.0,3.0,719
2774.0,1.0,3.0,719
2775.0,1.0,3.0,719
2776.0,1.0,3.0,719
2777.0,1.0,3.0,719
2778.0,1.0,3.0,719
2779.0,1.0,3.0,719
2780.0,1.0,3.0,719
2781.0,1.0,3.0,719
2782.0,1.0,3.0,719
2783.0,1.0,3.0,719
2784.0,1.0,3.0,719
2785.0,1.0,3.0,719
2786.0,1.0,3.0,719
2787.0,1.0,3.0,719
2788.0,1.0,3.0,719
2789.0,1.0,3.0,719
2790.0,1.0,3.0,719
2791.0,1.0,3.0,719
2792.0,1.0,3.0,719
2793.0,1.0,3.0,719
2794.0,1.0,3.0,719
2795.0,1.0,3.0,719
2796.0,1.0,3.0,719
2797.0,1.0,3.0,719
2798.0,1.0,3.0,719
2799.0,1.0,3.0,719
2800.0,1.0,3.0,719
2801.0,1.0,3.0,719
2802.0,1.0,3.0,719
2803.0,1.0,3.0,719
2804.0,1.0,3.0,719
2805.0,1.0,3.0,719
2806.0,1.0,3.0,719
2807.0,1.0,3.0,719
2808.0,1.0,3.0,719
2809.0,1.0,3.0,719
2810.0,1.0,3.0,719
2811.0,1.0,3.0,719
2812.0,1.0,3.0,719
2813.0,1.0,3.0,719
2814.0,1.0,3.0,719
2815.0,1.0,3.0,719
2816.0,1.0,3.0,719
2817.0,1.0,3.0,719
2818.0,1.0,3.0,719
2819.0,1.0,3.0,719
2820.0,1.0,3.0,719
2821.0,1.0,3.0,719
2822.0,1.0,3.0,719
2823.0,1.0,3.0,719
2824.0,1.0,3.0,719
2825.0,1.0,3.0,719
2826.0,1.0,3.0,719
2827.0,1.0,3.0,719
2828.0,1.0,3.0,719
2829.0,1.0,3.0,719
2830.0,1.0,3.0,719
2831.0,1.0,3.0,719
2832.0,1.0,3.0,719
2833.0,1.0,3.0,719
2834.0,1.0,3.0,719
2835.0,1.0,3.0,719
2836.0,1.0,3.0,719
2837.0,1.0,3.0,719
2838.0,1.0,3.0,719
2839.0,1.0,3.0,719
2840.0,1.0,3.0,719
2841.0,1.0,3.0,719
2842.0,1.0,3.0,719
2843.0,1.0,3.0,719
2844.0,1.0,3.0,719
2845.0,1.0,3.0,719
2846.0,1.0,3.0,719
2847.0,1.0,3.0,719
2848.0,1.0,3.0,719
2849.0,1.0,3.0,719
2850.0,1.0,3.0,719
2851.0,1.0,3.0,719
2852.0,1.0,3.0,719
2853.0,1.0,3.0,719
2854.0,1.0,3.0,719
2855.0,1.0,3.0,719
2856.0,1.0,3.0,719
2857.0,1.0,3.0,719
2858.0,1.0,3.0,719
2859.0,1.0,3.0,719
2860.0,1.0,3.0,719
2861.0,1.0,3.0,719
2862.0,1.0,3.0,719
2863.0,1.0,3.0,719
2864.0,1.0,3.0,719
2865.0,1.0,3.0,719
2866.0,1.0,3.0,719
2867.0,1.0,3.0,719
2868.0,1.0,3.0,719
2869.0,1.0,3.0,719
2870.0,1.0,3.0,719
2871.0,1.0,3.0,719
2872.0,1.0,3.0,719
2873.0,1.0,3.0,719
2874.0,1.0,3.0,719
2875.0,1.0,3.0,719
2876.0,1.0,3.0,719
2877.0,1.0,3.0,719
2878.0,1.0,3.0,719
2879.0,1.0,3.0,719
2880.0,1.0,3.0,719
2881.0,1.0,3.0,719
2882.0,1.0,3.0,719
2883.0,1.0,3.0,719
2884.0,1.0,3.0,719
2885.0,1.0,3.0,719
2886.0,1.0,3.0,719
2887.0,1.0,3.0,719
2888.0,1.0,3.0,719
2889.0,1.0,3.0,719
2890.0,1.0,3.0,719
2891.0,1.0,3.0,719
2892.0,1.0,3.0,719
2893.0,1.0,3.0,719
2894.0,1.0,3.0,719
2895.0,1.0,3.0,719
2896.0,1.0,3.0,719
2897.0,1.0,3.0,719
2898.0,1.0,3.0,719
2899.0,1.0,3.0,719
2900.0,1.0,3.0,719
2901.0,1.0,3.0,719
2902.0,1.0,3.0,719
2903.0,1.0,3.0,719
2904.0,1.0,3.0,719
2905.0,1.0,3.0,719
2906.0,1.0,3.0,719
2907.0,1.0,3.0,719
2908.0,1.0,3.0,719
2909.0,1.0,3.0,719
2910.0,1.0,3.0,719
2911.0,1.0,3.0,719
2912.0,1.0,3.0,719
2913.0,1.0,3.0,719
2914.0,1.0,3.0,719
2915.0,1.0,3.0,719
2916.0,1.0,3.0,719
2917.0,1.0,3.0,719
2918.0,1.0,3.0,719
2919.0,1.0,3.0,719
2920.0,1.0,3.0,719
2921.0,1.0,3.0,719
2922.0,1.0,3.0,719
2923.0,1.0,3.0,719
2924.0,1.0,3.0,719
2925.0,1.0,3.0,719
2926.0,1.0,3.0,719
2927.0,1.0,3.0,719
2928.0,1.0,3.0,719
2929.0,1.0,3.0,719
2930.0,1.0,3.0,719
2931.0,1.0,3.0,719
2932.0,1.0,3.0,719
2933.0,1.0,3.0,719
2934.0,1.0,3.0,719
2935.0,1.0,3.0,719
2936.0,1.0,3.0,719
2937.0,1.0,3.0,719
2938.0,1.0,3.0,719
2939.0,1.0,3.0,719
2940.0,1.0,3.0,719
2941.0,1.0,3.0,719
2942.0,1.0,3.0,719
2943.0,1.0,3.0,719
2944.0,1.0,3.0,719
2945.0,1.0,3.0,719
2946.0,1.0,3.0,719
2947.0,1.0,3.0,719
2948.0,1.0,3.0,719
2949.0,1.0,3.0,719
2950.0,1.0,3.0,719
2951.0,1.0,3.0,719
2952.0,1.0,3.0,719
2953.0,1.0,3.0,719
2954.0,1.0,3.0,719
2955.0,1.0,3.0,719
2956.0,1.0,3.0,719
2957.0,1.0,3.0,719
2958.0,1.0,3.0,719
2959.0,1.0,3.0,719
2960.0,1.0,3.0,719
2961.0,1.0,3.0,719
2962.0,1.0,3.0,719
2963.0,1.0,3.0,719
2964.0,1.0,3.0,719
2965.0,1.0,3.0,719
2966.0,1.0,3.0,719
2967.0,1.0,3.0,719
2968.0,1.0,3.0,719
2969.0,1.0,3.0,719
2970.0,1.0,3.0,719
2971.0,1.0,3.0,719
2972.0,1.0,3.0,719
2973.0,1.0,3.0,719
2974.0,1.0,3.0,719
2975.0,1.0,3.0,719
2976.0,1.0,3.0,719
2977.0,1.0,3.0,719
2978.0,1.0,3.0,719
2979.0,1.0,3.0,719
2980.0,1.0,3.0,719
2981.0,1.0,3.0,719
2982.0,1.0,3.0,719
2983.0,1.0,3.0,719
2984.0,1.0,3.0,719
2985.0,1.0,3.0,719
2986.0,1.0,3.0,719
2987.0,1.0,3.0,719
2988.0,1.0,3.0,719
2989.0,1.0,3.0,719
2990.0,1.0,3.0,719
2991.0,1.0,3.0,719
2992.0,1.0,3.0,719
2993.0,1.0,3.0,719
2994.0,1.0,3.0,719
2995.0,1.0,3.0,719
2996.0,1.0,3.0,719
2997.0,1.0,3.0,719
2998.0,1.0,3.0,719
2999.0,1.0,3.0,719
3000.0,1.0,3.0,719
3001.0,1.0,3.0,719
3002.0,1.0,3.0,719
3003.0,1.0,3.0,719
3004.0,1.0,3.0,719
3005.0,1.0,3.0,719
3006.0,1.0,3.0,719
3007.0,1.0,3.0,719
3008.0,1.0,3.0,719
3009.0,1.0,3.0,719
3010.0,1.0,3.0,719
3011.0,1.0,3.0,719
3012.0,1.0,3.0,719
3013.0,1.0,3.0,719
3014.0,1.0,3.0,719
3015.0,1.0,3.0,719
3016.0,1.0,3.0,719
3017.0,1.0,3.0,719
3018.0,1.0,3.0,719
3019.0,1.0,3.0,719
3020.0,1.0,3.0,719
3021.0,1.0,3.0,719
3022.0,1.0,3.0,719
3023.0,1.0,3.0,719
3024.0,1.0,3.0,719
3025.0,1.0,3.0,719
3026.0,1.0,3.0,719
3027.0,1.0,3.0,719
3028.0,1.0,3.0,719
3029.0,1.0,3.0,719
3030.0,1.0,3.0,719
3031.0,1.0,3.0,719
3032.0,1.0,3.0,719
3033.0,1.0,3.0,719
3034.0,1.0,3.0,719
3035.0,1.0,3.0,719
3036.0,1.0,3.0,719
3037.0,1.0,3.0,719
3038.0,1.0,3.0,719
3039.0,1.0,3.0,719
3040.0,1.0,3.0,719
3041.0,1.0,3.0,719
3042.0,1.0,3.0,719
3043.0,1.0,3.0,719
3044.0,1.0,3.0,719
3045.0,1.0,3.0,719
3046.0,1.0,3.0,719
3047.0,1.0,3.0,719
3048.0,1.0,3.0,719
3049.0,1.0,3.0,719
3050.0,1.0,3.0,719
3051.0,1.0,3.0,719
3052.0,1.0,3.0,719
3053.0,1.0,3.0,719
3054.0,1.0,3.0,719
3055.0,1.0,3.0,719
3056.0,1.0,3.0,719
3057.0,1.0,3.0,719
3058.0,1.0,3.0,719
3059.0,1.0,3.0,719
3060.0,1.0,3.0,719
3061.0,1.0,3.0,719
3062.0,1.0,3.0,719
3063.0,1.0,3.0,719
3064.0,1.0,3.0,719
3065.0,1.0,3.0,719
3066.0,1.0,3.0,719
3067.0,1.0,3.0,719
3068.0,1.0,3.0,719
3069.0,1.0,3.0,719
3070.0,1.0,3.0,719
3071.0,1.0,3.0,719
3072.0,1.0,3.0,719
3073.0,1.0,3.0,719
3074.0,1.0,3.0,719
3075.0,1.0,3.0,719
3076.0,1.0,3.0,719
3077.0,1.0,3.0,719
3078.0,1.0,3.0,719
3079.0,1.0,3.0,719
3080.0,1.0,3.0,719
3081.0,1.0,3.0,719
3082.0,1.0,3.0,719
3083.0,1.0,3.0,719
3084.0,1.0,3.0,719
3085.0,1.0,3.0,719
3086.0,1.0,3.0,719
3087.0,1.0,3.0,719
3088.0,1.0,3.0,719
3089.0,1.0,3.0,719
3090.0,1.0,3.0,719
3091.0,1.0,3.0,719
3092.0,1.0,3.0,719
3093.0,1.0,3.0,719
3094.0,1.0,3.0,719
3095.0,1.0,3.0,719
3096.0,1.0,3.0,719
3097.0,1.0,3.0,719
3098.0,1.0,3.0,719
3099.0,1.0,3.0,719
3100.0,1.0,3.0,719
3101.0,1.0,3.0,719
3102.0,1.0,3.0,719
3103.0,1.0,3.0,719
3104.0,1.0,3.0,719
3105.0,1.0,3.0,719
3106.0,1.0,3.0,719
3107.0,1.0,3.0,719
3108.0,1.0,3.0,719
3109.0,1.0,3.0,719
3110.0,1.0,3.0,719
3111.0,1.0,3.0,719
3112.0,1.0,3.0,719
3113.0,1.0,3.0,719
3114.0,1.0,3.0,719
3115.0,1.0,3.0,719
3116.0,1.0,3.0,719
3117.0,1.0,3.0,719
3118.0,1.0,3.0,719
3119.0,1.0,3.0,719
3120.0,1.0,3.0,719
3121.0,1.0,3.0,719
3122.0,1.0,3.0,719
3123.0,1.0,3.0,719
3124.0,1.0,3.0,719
3125.0,1.0,3.0,719
3126.0,1.0,3.0,719
3127.0,1.0,3.0,719
3128.0,1.0,3.0,719
3129.0,1.0,3.0,719
3130.0,1.0,3.0,719
3131.0,1.0,3.0,719
3132.0,1.0,3.0,719
3133.0,1.0,3.0,719
3134.0,1.0,3.0,719
3135.0,1.0,3.0,719
3136.0,1.0,3.0,719
3137.0,1.0,3.0,719
3138.0,1.0,3.0,719
3139.0,1.0,3.0,719
3140.0,1.0,3.0,719
3141.0,1.0,3.0,719
3142.0,1.0,3.0,719
3143.0,1.0,3.0,719
3144.0,1.0,3.0,719
3145.0,1.0,3.0,719
3146.0,1.0,3.0,719
3147.0,1.0,3.0,719
3148.0,1.0,3.0,719
3149.0,1.0,3.0,719
3150.0,1.0,3.0,719
3151.0,1.0,3.0,719
3152.0,1.0,3.0,719
3153.0,1.0,3.0,719
3154.0,1.0,3.0,719
3155.0,1.0,3.0,719
3156.0,1.0,3.0,719
3157.0,1.0,3.0,719
3158.0,1.0,3.0,718
3159.0,1.0,3.0,718
3160.0,1.0,3.0,718
3161.0,1.0,3.0,718
3162.0,1.0,3.0,718
3163.0,1.0,3.0,718
3164.0,1.0,3.0,718
3165.0,1.0,3.0,718
3166.0,1.0,3.0,718
3167.0,1.0,3.0,718
3168.0,1.0,3.0,718
3169.0,1.0,3.0,718
3170.0,1.0,3.0,718
3171.0,1.0,3.0,718
3172.0,1.0,3.0,718
3173.0,1.0,3.0,718
3174.0,1.0,3.0,718
3175.0,1.0,3.0,718
3176.0,1.0,3.0,718
3177.0,1.0,3.0,718
3178.0,1.0,3.0,718
3179.0,1.0,3.0,718
3180.0,1.0,3.0,718
3181.0,1.0,3.0,718
3182.0,1.0,3.0,718
3183.0,1.0,3.0,718
3184.0,1.0,3.0,718
3185.0,1.0,3.0,718
3186.0,1.0,3.0,718
3187.0,1.0,3.0,718
3188.0,1.0,3.0,718
3189.0,1.0,3.0,718
3190.0,1.0,3.0,718
3191.0,1.0,3.0,718
3192.0,1.0,3.0,718
3193.0,1.0,3.0,718
3194.0,1.0,3.0,718
3195.0,1.0,3.0,718
3196.0,1.0,3.0,718
3197.0,1.0,3.0,718
3198.0,1.0,3.0,718
3199.0,1.0,3.0,718
3200.0,1.0,3.0,718
3201.0,1.0,3.0,718
3202.0,1.0,3.0,718
3203.0,1.0,3.0,718
3204.0,1.0,3.0,718
3205.0,1.0,3.0,718
3206.0,1.0,3.0,718
3207.0,1.0,3.0,718
3208.0,1.0,3.0,718
3209.0,1.0,3.0,718
3210.0,1.0,3.0,718
3211.0,1.0,3.0,718
3212.0,1.0,3.0,718
3213.0,1.0,3.0,718
3214.0,1.0,3.0,718
3215.0,1.0,3.0,718
3216.0,1.0,3.0,718
3217.0,1.0,3.0,718
3218.0,1.0,3.0,718
3219.0,1.0,3.0,718
3220.0,1.0,3.0,718
3221.0,1.0,3.0,718
3222.0,1.0,3.0,718
3223.0,1.0,3.0,718
3224.0,1.0,3.0,718
3225.0,1.0,3.0,718
3226.0,1.0,3.0,718
3227.0,1.0,3.0,718
3228.0,1.0,3.0,718
3229.0,1.0,3.0,718
3230.0,1.0,3.0,718
3231.0,1.0,3.0,718
3232.0,1.0,3.0,718
3233.0,1.0,3.0,718
3234.0,1.0,3.0,718
3235.0,1.0,3.0,718
3236.0,1.0,3.0,718
3237.0,1.0,3.0,718
3238.0,1.0,3.0,718
3239.0,1.0,3.0,718
3240.0,1.0,3.0,718
3241.0,1.0,3.0,718
3242.0,1.0,3.0,718
3243.0,1.0,3.0,718
3244.0,1.0,3.0,718
3245.0,1.0,3.0,718
3246.0,1.0,3.0,718
3247.0,1.0,3.0,718
3248.0,1.0,3.0,718
3249.0,1.0,3.0,718
3250.0,1.0,3.0,718
3251.0,1.0,3.0,718
3252.0,1.0,3.0,718
3253.0,1.0,3.0,718
3254.0,1.0,3.0,718
3255.0,1.0,3.0,718
3256.0,1.0,3.0,718
3257.0,1.0,3.0,718
3258.0,1.0,3.0,718
3259.0,1.0,3.0,718
3260.0,1.0,3.0,718
3261.0,1.0,3.0,718
3262.0,1.0,3.0,718
3263.0,1.0,3.0,718
3264.0,1.0,3.0,718
3265.0,1.0,3.0,718
3266.0,1.0,3.0,718
3267.0,1.0,3.0,718
3268.0,1.0,3.0,718
3269.0,1.0,3.0,718
3270.0,1.0,3.0,718
3271.0,1.0,3.0,718
3272.0,1.0,3.0,718
3273.0,1.0,3.0,718
3274.0,1.0,3.0,718
3275.0,1.0,3.0,718
3276.0,1.0,3.0,718
3277.0,1.0,3.0,718
3278.0,1.0,3.0,718
3279.0,1.0,3.0,718
3280.0,1.0,3.0,718
3281.0,1.0,3.0,718
3282.0,1.0,3.0,718
3283.0,1.0,3.0,718
3284.0,1.0,3.0,718
3285.0,1.0,3.0,718
3286.0,1.0,3.0,718
3287.0,1.0,3.0,718
3288.0,1.0,3.0,718
3289.0,1.0,3.0,718
3290.0,1.0,3.0,718
3291.0,1.0,3.0,718
3292.0,1.0,3.0,718
3293.0,1.0,3.0,718
3294.0,1.0,3.0,718
3295.0,1.0,3.0,718
3296.0,1.0,3.0,718
3297.0,1.0,3.0,718
3298.0,1.0,3.0,718
3299.0,1.0,3.0,718
3300.0,1.0,3.0,718
3301.0,1.0,3.0,718
3302.0,1.0,3.0,718
3303.0,1.0,3.0,718
3304.0,1.0,3.0,718
3305.0,1.0,3.0,718
3306.0,1.0,3.0,718
3307.0,1.0,3.0,718
3308.0,1.0,3.0,718
3309.0,1.0,3.0,718
3310.0,1.0,3.0,718
3311.0,1.0,3.0,718
3312.0,1.0,3.0,718
3313.0,1.0,3.0,718
3314.0,1.0,3.0,718
3315.0,1.0,3.0,718
3316.0,1.0,3.0,718
3317.0,1.0,3.0,718
3318.0,1.0,3.0,718
3319.0,1.0,3.0,718
3320.0,1.0,3.0,718
3321.0,1.0,3.0,718
3322.0,1.0,3.0,718
3323.0,1.0,3.0,718
3324.0,1.0,3.0,718
3325.0,1.0,3.0,718
3326.0,1.0,3.0,718
3327.0,1.0,3.0,718
3328.0,1.0,3.0,718
3329.0,1.0,3.0,718
3330.0,1.0,3.0,718
3331.0,1.0,3.0,718
3332.0,1.0,3.0,718
3333.0,1.0,3.0,718
3334.0,1.0,3.0,718
3335.0,1.0,3.0,718
3336.0,1.0,3.0,718
3337.0,1.0,3.0,718
3338.0,1.0,3.0,718
3339.0,1.0,3.0,718
3340.0,1.0,3.0,718
3341.0,1.0,3.0,718
3342.0,1.0,3.0,718
3343.0,1.0,3.0,718
3344.0,1.0,3.0,718
3345.0,1.0,3.0,718
3346.0,1.0,3.0,718
3347.0,1.0,3.0,718
3348.0,1.0,3.0,718
3349.0,1.0,3.0,718
3350.0,1.0,3.0,718
3351.0,1.0,3.0,718
3352.0,1.0,3.0,718
3353.0,1.0,3.0,718
3354.0,1.0,3.0,718
3355.0,1.0,3.0,718
3356.0,1.0,3.0,718
3357.0,1.0,3.0,718
3358.0,1.0,3.0,718
3359.0,1.0,3.0,718
3360.0,1.0,3.0,718
3361.0,1.0,3.0,718
3362.0,1.0,3.0,718
3363.0,1.0,3.0,718
3364.0,1.0,3.0,718
3365.0,1.0,3.0,718
3366.0,1.0,3.0,718
3367.0,1.0,3.0,718
3368.0,1.0,3.0,718
3369.0,1.0,3.0,718
3370.0,1.0,3.0,718
3371.0,1.0,3.0,718
3372.0,1.0,3.0,718
3373.0,1.0,3.0,718
3374.0,1.0,3.0,718
3375.0,1.0,3.0,718
3376.0,1.0,3.0,718
3377.0,1.0,3.0,718
3378.0,1.0,3.0,718
3379.0,1.0,3.0,718
3380.0,1.0,3.0,718
3381.0,1.0,3.0,718
3382.0,1.0,3.0,718
3383.0,1.0,3.0,718
3384.0,1.0,3.0,718
3385.0,1.0,3.0,718
3386.0,1.0,3.0,718
3387.0,1.0,3.0,718
3388.0,1.0,3.0,718
3389.0,1.0,3.0,718
3390.0,1.0,3.0,718
3391.0,1.0,3.0,718
3392.0,1.0,3.0,718
3393.0,1.0,3.0,718
3394.0,1.0,3.0,718
3395.0,1.0,3.0,718
3396.0,1.0,3.0,718
3397.0,1.0,3.0,718
3398.0,1.0,3.0,718
3399.0,1.0,3.0,718
3400.0,1.0,3.0,718
3401.0,1.0,3.0,718
3402.0,1.0,3.0,718
3403.0,1.0,3.0,718
3404.0,1.0,3.0,718
3405.0,1.0,3.0,718
3406.0,1.0,3.0,718
3407.0,1.0,3.0,718
3408.0,1.0,3.0,718
3409.0,1.0,3.0,718
3410.0,1.0,3.0,718
3411.0,1.0,3.0,718
3412.0,1.0,3.0,718
3413.0,1.0,3.0,718
3414.0,1.0,3.0,718
3415.0,1.0,3.0,718
3416.0,1.0,3.0,718
3417.0,1.0,3.0,718
3418.0,1.0,3.0,718
3419.0,1.0,3.0,718
3420.0,1.0,3.0,718
3421.0,1.0,3.0,718
3422.0,1.0,3.0,718
3423.0,1.0,3.0,718
3424.0,1.0,3.0,718
3425.0,1.0,3.0,718
3426.0,1.0,3.0,718
3427.0,1.0,3.0,718
3428.0,1.0,3.0,718
3429.0,1.0,3.0,718
3430.0,1.0,3.0,718
3431.0,1.0,3.0,718
3432.0,1.0,3.0,718
3433.0,1.0,3.0,718
3434.0,1.0,3.0,718
3435.0,1.0,3.0,718
3436.0,1.0,3.0,718
3437.0,1.0,3.0,718
3438.0,1.0,3.0,718
3439.0,1.0,3.0,718
3440.0,1.0,3.0,718
3441.0,1.0,3.0,718
3442.0,1.0,3.0,718
3443.0,1.0,3.0,718
3444.0,1.0,3.0,718
3445.0,1.0,3.0,718
3446.0,1.0,3.0,718
3447.0,1.0,3.0,718
3448.0,1.0,3.0,718
3449.0,1.0,3.0,718
3450.0,1.0,3.0,718
3451.0,1.0,3.0,718
3452.0,1.0,3.0,718
3453.0,1.0,3.0,718
3454.0,1.0,3.0,718
3455.0,1.0,3.0,718
3456.0,1.0,3.0,718
3457.0,1.0,3.0,718
3458.0,1.0,3.0,718
3459.0,1.0,3.0,718
3460.0,1.0,3.0,718
3461.0,1.0,3.0,718
3462.0,1.0,3.0,718
3463.0,1.0,3.0,718
3464.0,1.0,3.0,718
3465.0,1.0,3.0,718
3466.0,1.0,3.0,718
3467.0,1.0,3.0,718
3468.0,1.0,3.0,718
3469.0,1.0,3.0,718
3470.0,1.0,3.0,718
3471.0,1.0,3.0,718
3472.0,1.0,3.0,718
3473.0,1.0,3.0,718
3474.0,1.0,3.0,718
3475.0,1.0,3.0,718
3476.0,1.0,3.0,718
3477.0,1.0,3.0,718
3478.0,1.0,3.0,718
3479.0,1.0,3.0,718
3480.0,1.0,3.0,718
3481.0,1.0,3.0,718
3482.0,1.0,3.0,718
3483.0,1.0,3.0,718
3484.0,1.0,3.0,718
3485.0,1.0,3.0,718
3486.0,1.0,3.0,718
3487.0,1.0,3.0,718
3488.0,1.0,3.0,718
3489.0,1.0,3.0,718
3490.0,1.0,3.0,718
3491.0,1.0,3.0,718
3492.0,1.0,3.0,718
3493.0,1.0,3.0,718
3494.0,1.0,3.0,718
3495.0,1.0,3.0,718
3496.0,1.0,3.0,718
3497.0,1.0,3.0,718
3498.0,1.0,3.0,718
3499.0,1.0,3.0,718
3500.0,1.0,3.0,718
3501.0,1.0,3.0,718
3502.0,1.0,3.0,718
3503.0,1.0,3.0,718
3504.0,1.0,3.0,718
3505.0,1.0,3.0,718
3506.0,1.0,3.0,718
3507.0,1.0,3.0,718
3508.0,1.0,3.0,718
3509.0,1.0,3.0,718
3510.0,1.0,3.0,718
3511.0,1.0,3.0,718
3512.0,1.0,3.0,718
3513.0,1.0,3.0,718
3514.0,1.0,3.0,718
3515.0,1.0,3.0,718
3516.0,1.0,3.0,718
3517.0,1.0,3.0,718
3518.0,1.0,3.0,718
3519.0,1.0,3.0,718
3520.0,1.0,3.0,718
3521.0,1.0,3.0,718
3522.0,1.0,3.0,718
3523.0,1.0,3.0,718
3524.0,1.0,3.0,718
3525.0,1.0,3.0,718
3526.0,1.0,3.0,718
3527.0,1.0,3.0,718
3528.0,1.0,3.0,718
3529.0,1.0,3.0,718
3530.0,1.0,3.0,718
3531.0,1.0,3.0,718
3532.0,1.0,3.0,718
3533.0,1.0,3.0,718
3534.0,1.0,3.0,718
3535.0,1.0,3.0,718
3536.0,1.0,3.0,718
3537.0,1.0,3.0,718
3538.0,1.0,3.0,718
3539.0,1.0,3.0,718
3540.0,1.0,3.0,718
3541.0,1.0,3.0,718
3542.0,1.0,3.0,718
3543.0,1.0,3.0,718
3544.0,1.0,3.0,718
3545.0,1.0,3.0,718
3546.0,1.0,3.0,718
3547.0,1.0,3.0,718
3548.0,1.0,3.0,718
3549.0,1.0,3.0,718
3550.0,1.0,3.0,718
3551.0,1.0,3.0,718
3552.0,1.0,3.0,718
3553.0,1.0,3.0,718
3554.0,1.0,3.0,718
3555.0,1.0,3.0,718
3556.0,1.0,3.0,718
3557.0,1.0,3.0,718
3558.0,1.0,3.0,718
3559.0,1.0,3.0,718
3560.0,1.0,3.0,718
3561.0,1.0,3.0,718
3562.0,1.0,3.0,718
3563.0,1.0,3.0,718
3564.0,1.0,3.0,718
3565.0,1.0,3.0,718
3566.0,1.0,3.0,718
3567.0,1.0,3.0,718
3568.0,1.0,3.0,718
3569.0,1.0,3.0,718
3570.0,1.0,3.0,718
3571.0,1.0,3.0,718
3572.0,1.0,3.0,718
3573.0,1.0,3.0,718
3574.0,1.0,3.0,718
3575.0,1.0,3.0,718
3576.0,1.0,3.0,718
3577.0,1.0,3.0,718
3578.0,1.0,3.0,718
3579.0,1.0,3.0,718
3580.0,1.0,3.0,718
3581.0,1.0,3.0,718
3582.0,1.0,3.0,718
3583.0,1.0,3.0,718
3584.0,1.0,3.0,718
3585.0,1.0,3.0,718
3586.0,1.0,3.0,718
3587.0,1.0,3.0,718
3588.0,1.0,3.0,718
3589.0,1.0,3.0,718
3590.0,1.0,3.0,718
3591.0,1.0,3.0,718
3592.0,1.0,3.0,718
3593.0,1.0,3.0,718
3594.0,1.0,3.0,718
3595.0,1.0,3.0,718
3596.0,1.0,3.0,718
3597.0,1.0,3.0,718
3598.0,1.0,3.0,718
3599.0,1.0,3.0,718
3600.0,1.0,3.0,718
3601.0,1.0,3.0,718
3602.0,1.0,3.0,718
3603.0,1.0,3.0,718
3604.0,1.0,3.0,718
3605.0,1.0,3.0,718
3606.0,1.0,3.0,718
3607.0,1.0,3.0,718
3608.0,1.0,3.0,718
3609.0,1.0,3.0,718
3610.0,1.0,3.0,718
3611.0,1.0,3.0,718
3612.0,1.0,3.0,718
3613.0,1.0,3.0,718
3614.0,1.0,3.0,718
3615.0,1.0,3.0,718
3616.0,1.0,3.0,718
3617.0,1.0,3.0,718
3618.0,1.0,3.0,718
3619.0,1.0,3.0,718
3620.0,1.0,3.0,718
3621.0,1.0,3.0,718
3622.0,1.0,3.0,718
3623.0,1.0,3.0,718
3624.0,1.0,3.0,718
3625.0,1.0,3.0,718
3626.0,1.0,3.0,718
3627.0,1.0,3.0,718
3628.0,1.0,3.0,718
3629.0,1.0,3.0,718
3630.0,1.0,3.0,718
3631.0,1.0,3.0,718
3632.0,1.0,3.0,718
3633.0,1.0,3.0,718
3634.0,1.0,3.0,718
3635.0,1.0,3.0,718
3636.0,1.0,3.0,718
3637.0,1.0,3.0,718
3638.0,1.0,3.0,718
3639.0,1.0,3.0,718
3640.0,1.0,3.0,718
3641.0,1.0,3.0,718
3642.0,1.0,3.0,718
3643.0,1.0,3.0,718
3644.0,1.0,3.0,718
3645.0,1.0,3.0,718
3646.0,1.0,3.0,718
3647.0,1.0,3.0,718
3648.0,1.0,3.0,718
3649.0,1.0,3.0,718
3650.0,1.0,3.0,718
3651.0,1.0,3.0,718
3652.0,1.0,3.0,718
3653.0,1.0,3.0,718
3654.0,1.0,3.0,718
3655.0,1.0,3.0,718
3656.0,1.0,3.0,718
3657.0,1.0,3.0,718
3658.0,1.0,3.0,718
3659.0,1.0,3.0,718
3660.0,1.0,3.0,718
3661.0,1.0,3.0,718
3662.0,1.0,3.0,718
3663.0,1.0,3.0,718
3664.0,1.0,3.0,718
3665.0,1.0,3.0,718
3666.0,1.0,3.0,718
3667.0,1.0,3.0,718
3668.0,1.0,3.0,718
3669.0,1.0,3.0,718
3670.0,1.0,3.0,718
3671.0,1.0,3.0,718
3672.0,1.0,3.0,718
3673.0,1.0,3.0,718
3674.0,1.0,3.0,718
3675.0,1.0,3.0,718
3676.0,1.0,3.0,718
3677.0,1.0,3.0,718
3678.0,1.0,3.0,718
3679.0,1.0,3.0,718
3680.0,1.0,3.0,718
3681.0,1.0,3.0,718
3682.0,1.0,3.0,718
3683.0,1.0,3.0,718
3684.0,1.0,3.0,718
3685.0,1.0,3.0,718
3686.0,1.0,3.0,718
3687.0,1.0,3.0,718
3688.0,1.0,3.0,718
3689.0,1.0,3.0,718
3690.0,1.0,3.0,718
3691.0,1.0,3.0,718
3692.0,1.0,3.0,718
3693.0,1.0,3.0,718
3694.0,1.0,3.0,718
3695.0,1.0,3.0,718
3696.0,1.0,3.0,718
3697.0,1.0,3.0,718
3698.0,1.0,3.0,718
3699.0,1.0,3.0,718
3700.0,1.0,3.0,718
3701.0,1.0,3.0,718
3702.0,1.0,3.0,718
3703.0,1.0,3.0,718
3704.0,1.0,3.0,718
3705.0,1.0,3.0,718
3706.0,1.0,3.0,718
3707.0,1.0,3.0,718
3708.0,1.0,3.0,718
3709.0,1.0,3.0,718
3710.0,1.0,3.0,718
3711.0,1.0,3.0,718
3712.0,1.0,3.0,718
3713.0,1.0,3.0,718
3714.0,1.0,3.0,718
3715.0,1.0,3.0,718
3716.0,1.0,3.0,718
3717.0,1.0,3.0,718
3718.0,1.0,3.0,718
3719.0,1.0,3.0,718
3720.0,1.0,3.0,718
3721.0,1.0,3.0,718
3722.0,1.0,3.0,718
3723.0,1.0,3.0,718
3724.0,1.0,3.0,718
3725.0,1.0,3.0,718
3726.0,1.0,3.0,718
3727.0,1.0,3.0,718
3728.0,1.0,3.0,718
3729.0,1.0,3.0,718
3730.0,1.0,3.0,718
3731.0,1.0,3.0,718
3732.0,1.0,3.0,718
3733.0,1.0,3.0,718
3734.0,1.0,3.0,718
3735.0,1.0,3.0,718
3736.0,1.0,3.0,718
3737.0,1.0,3.0,718
3738.0,1.0,3.0,718
3739.0,1.0,3.0,718
3740.0,1.0,3.0,718
3741.0,1.0,3.0,718
3742.0,1.0,3.0,718
3743.0,1.0,3.0,718
3744.0,1.0,3.0,718
3745.0,1.0,3.0,718
3746.0,1.0,3.0,718
3747.0,1.0,3.0,718
3748.0,1.0,3.0,718
3749.0,1.0,3.0,718
3750.0,1.0,3.0,718
3751.0,1.0,3.0,718
3752.0,1.0,3.0,718
3753.0,1.0,3.0,718
3754.0,1.0,3.0,718
3755.0,1.0,3.0,718
3756.0,1.0,3.0,718
3757.0,1.0,3.0,718
3758.0,1.0,3.0,718
3759.0,1.0,3.0,718
3760.0,1.0,3.0,718
3761.0,1.0,3.0,718
3762.0,1.0,3.0,718
3763.0,1.0,3.0,718
3764.0,1.0,3.0,718
3765.0,1.0,3.0,718
3766.0,1.0,3.0,718
3767.0,1.0,3.0,718
3768.0,1.0,3.0,718
3769.0,1.0,3.0,718
3770.0,1.0,3.0,718
3771.0,1.0,3.0,718
3772.0,1.0,3.0,718
3773.0,1.0,3.0,718
3774.0,1.0,3.0,718
3775.0,1.0,3.0,718
3776.0,1.0,3.0,718
3777.0,1.0,3.0,718
3778.0,1.0,3.0,718
3779.0,1.0,3.0,718
3780.0,1.0,3.0,718
3781.0,1.0,3.0,718
3782.0,1.0,3.0,718
3783.0,1.0,3.0,718
3784.0,1.0,3.0,718
3785.0,1.0,3.0,718
3786.0,1.0,3.0,718
3787.0,1.0,3.0,718
3788.0,1.0,3.0,718
3789.0,1.0,3.0,718
3790.0,1.0,3.0,718
3791.0,1.0,3.0,718
3792.0,1.0,3.0,718
3793.0,1.0,3.0,718
3794.0,1.0,3.0,718
3795.0,1.0,3.0,718
3796.0,1.0,3.0,718
3797.0,1.0,3.0,718
3798.0,1.0,3.0,718
3799.0,1.0,3.0,718
3800.0,1.0,3.0,718
3801.0,1.0,3.0,718
3802.0,1.0,3.0,718
3803.0,1.0,3.0,718
3804.0,1.0,3.0,718
3805.0,1.0,3.0,718
3806.0,1.0,3.0,718
3807.0,1.0,3.0,718
3808.0,1.0,3.0,718
3809.0,1.0,3.0,718
3810.0,1.0,3.0,718
3811.0,1.0,3.0,718
3812.0,1.0,3.0,718
3813.0,1.0,3.0,718
3814.0,1.0,3.0,718
3815.0,1.0,3.0,718
3816.0,1.0,3.0,718
3817.0,1.0,3.0,718
3818.0,1.0,3.0,718
3819.0,1.0,3.0,718
3820.0,1.0,3.0,718
3821.0,1.0,3.0,718
3822.0,1.0,3.0,718
3823.0,1.0,3.0,718
3824.0,1.0,3.0,718
3825.0,1.0,3.0,718
3826.0,1.0,3.0,718
3827.0,1.0,3.0,718
3828.0,1.0,3.0,718
3829.0,1.0,3.0,718
3830.0,1.0,3.0,718
3831.0,1.0,3.0,718
3832.0,1.0,3.0,718
3833.0,1.0,3.0,718
3834.0,1.0,3.0,718
3835.0,1.0,3.0,718
3836.0,1.0,3.0,718
3837.0,1.0,3.0,718
3838.0,1.0,3.0,718
3839.0,1.0,3.0,718
3840.0,1.0,3.0,718
3841.0,1.0,3.0,718
3842.0,1.0,3.0,718
3843.0,1.0,3.0,718
3844.0,1.0,3.0,718
3845.0,1.0,3.0,718
3846.0,1.0,3.0,718
3847.0,1.0,3.0,718
3848.0,1.0,3.0,718
3849.0,1.0,3.0,718
3850.0,1.0,3.0,718
3851.0,1.0,3.0,718
3852.0,1.0,3.0,718
3853.0,1.0,3.0,718
3854.0,1.0,3.0,718
3855.0,1.0,3.0,718
3856.0,1.0,3.0,718
3857.0,1.0,3.0,718
3858.0,1.0,3.0,718
3859.0,1.0,3.0,718
3860.0,1.0,3.0,718
3861.0,1.0,3.0,718
3862.0,1.0,3.0,718
3863.0,1.0,3.0,718
3864.0,1.0,3.0,718
3865.0,1.0,3.0,718
3866.0,1.0,3.0,718
3867.0,1.0,3.0,718
3868.0,1.0,3.0,718
3869.0,1.0,3.0,718
3870.0,1.0,3.0,718
3871.0,1.0,3.0,718
3872.0,1.0,3.0,718
3873.0,1.0,3.0,718
3874.0,1.0,3.0,718
3875.0,1.0,3.0,718
3876.0,1.0,3.0,718
3877.0,1.0,3.0,718
3878.0,1.0,3.0,718
3879.0,1.0,3.0,718
3880.0,1.0,3.0,718
3881.0,1.0,3.0,718
3882.0,1.0,3.0,718
3883.0,1.0,3.0,718
3884.0,1.0,3.0,718
3885.0,1.0,3.0,718
3886.0,1.0,3.0,718
3887.0,1.0,3.0,718
3888.0,1.0,3.0,718
3889.0,1.0,3.0,718
3890.0,1.0,3.0,718
3891.0,1.0,3.0,718
3892.0,1.0,3.0,718
3893.0,1.0,3.0,718
3894.0,1.0,3.0,718
3895.0,1.0,3.0,718
3896.0,1.0,3.0,718
3897.0,1.0,3.0,718
3898.0,1.0,3.0,718
3899.0,1.0,3.0,718
3900.0,1.0,3.0,718
3901.0,1.0,3.0,718
3902.0,1.0,3.0,718
3903.0,1.0,3.0,718
3904.0,1.0,3.0,718
3905.0,1.0,3.0,718
3906.0,1.0,3.0,718
3907.0,1.0,3.0,718
3908.0,1.0,3.0,718
3909.0,1.0,3.0,718
3910.0,1.0,3.0,718
3911.0,1.0,3.0,718
3912.0,1.0,3.0,718
3913.0,1.0,3.0,718
3914.0,1.0,3.0,718
3915.0,1.0,3.0,718
3916.0,1.0,3.0,718
3917.0,1.0,3.0,718
3918.0,1.0,3.0,718
3919.0,1.0,3.0,718
3920.0,1.0,3.0,718
3921.0,1.0,3.0,718
3922.0,1.0,3.0,718
3923.0,1.0,3.0,718
3924.0,1.0,3.0,718
3925.0,1.0,3.0,718
3926.0,1.0,3.0,718
3927.0,1.0,3.0,718
3928.0,1.0,3.0,718
3929.0,1.0,3.0,718
3930.0,1.0,3.0,718
3931.0,1.0,3.0,718
3932.0,1.0,3.0,718
3933.0,1.0,3.0,718
3934.0,1.0,3.0,718
3935.0,1.0,3.0,718
3936.0,1.0,3.0,718
3937.0,1.0,3.0,718
3938.0,1.0,3.0,718
3939.0,1.0,3.0,718
3940.0,1.0,3.0,718
3941.0,1.0,3.0,718
3942.0,1.0,3.0,718
3943.0,1.0,3.0,718
3944.0,1.0,3.0,718
3945.0,1.0,3.0,718
3946.0,1.0,3.0,718
3947.0,1.0,3.0,718
3948.0,1.0,3.0,718
3949.0,1.0,3.0,718
3950.0,1.0,3.0,718
3951.0,1.0,3.0,718
3952.0,1.0,3.0,718
3953.0,1.0,3.0,718
3954.0,1.0,3.0,718
3955.0,1.0,3.0,718
3956.0,1.0,3.0,718
3957.0,1.0,3.0,718
3958.0,1.0,3.0,718
3959.0,1.0,3.0,718
3960.0,1.0,3.0,718
3961.0,1.0,3.0,718
3962.0,1.0,3.0,718
3963.0,1.0,3.0,718
3964.0,1.0,3.0,718
3965.0,1.0,3.0,718
3966.0,1.0,3.0,718
3967.0,1.0,3.0,718
3968.0,1.0,3.0,718
3969.0,1.0,3.0,718
3970.0,1.0,3.0,718
3971.0,1.0,3.0,718
3972.0,1.0,3.0,718
3973.0,1.0,3.0,718
3974.0,1.0,3.0,718
3975.0,1.0,3.0,718
3976.0,1.0,3.0,718
3977.0,1.0,3.0,718
3978.0,1.0,3.0,718
3979.0,1.0,3.0,718
3980.0,1.0,3.0,718
3981.0,1.0,3.0,718
3982.0,1.0,3.0,718
3983.0,1.0,3.0,718
3984.0,1.0,3.0,718
3985.0,1.0,3.0,718
3986.0,1.0,3.0,718
3987.0,1.0,3.0,718
3988.0,1.0,3.0,718
3989.0,1.0,3.0,718
3990.0,1.0,3.0,718
3991.0,1.0,3.0,718
3992.0,1.0,3.0,718
3993.0,1.0,3.0,718
3994.0,1.0,3.0,718
3995.0,1.0,3.0,718
3996.0,1.0,3.0,718
3997.0,1.0,3.0,718
3998.0,1.0,3.0,718
3999.0,1.0,3.0,718
4000.0,1.0,3.0,718
4001.0,1.0,3.0,718
4002.0,1.0,3.0,718
4003.0,1.0,3.0,718
4004.0,1.0,3.0,718
4005.0,1.0,3.0,718
4006.0,1.0,3.0,718
4007.0,1.0,3.0,718
4008.0,1.0,3.0,718
4009.0,1.0,3.0,718
4010.0,1.0,3.0,718
4011.0,1.0,3.0,718
4012.0,1.0,3.0,718
4013.0,1.0,3.0,718
4014.0,1.0,3.0,718
4015.0,1.0,3.0,718
4016.0,1.0,3.0,718
4017.0,1.0,3.0,718
4018.0,1.0,3.0,718
4019.0,1.0,3.0,718
4020.0,1.0,3.0,718
4021.0,1.0,3.0,718
4022.0,1.0,3.0,718
4023.0,1.0,3.0,718
4024.0,1.0,3.0,718
4025.0,1.0,3.0,718
4026.0,1.0,3.0,718
4027.0,1.0,3.0,718
4028.0,1.0,3.0,718
4029.0,1.0,3.0,718
4030.0,1.0,3.0,718
4031.0,1.0,3.0,718
4032.0,1.0,3.0,718
4033.0,1.0,3.0,718
4034.0,1.0,3.0,718
4035.0,1.0,3.0,718
4036.0,1.0,3.0,718
4037.0,1.0,3.0,718
4038.0,1.0,3.0,718
4039.0,1.0,3.0,718
4040.0,1.0,3.0,718
4041.0,1.0,3.0,718
4042.0,1.0,3.0,718
4043.0,1.0,3.0,718
4044.0,1.0,3.0,718
4045.0,1.0,3.0,718
4046.0,1.0,3.0,718
4047.0,1.0,3.0,718
4048.0,1.0,3.0,718
4049.0,1.0,3.0,718
4050.0,1.0,3.0,718
4051.0,1.0,3.0,718
4052.0,1.0,3.0,718
4053.0,1.0,3.0,718
4054.0,1.0,3.0,718
4055.0,1.0,3.0,718
4056.0,1.0,3.0,718
4057.0,1.0,3.0,718
4058.0,1.0,3.0,718
4059.0,1.0,3.0,718
4060.0,1.0,3.0,718
4061.0,1.0,3.0,718
4062.0,1.0,3.0,718
4063.0,1.0,3.0,718
4064.0,1.0,3.0,718
4065.0,1.0,3.0,718
4066.0,1.0,3.0,718
4067.0,1.0,3.0,718
4068.0,1.0,3.0,718
4069.0,1.0,3.0,718
4070.0,1.0,3.0,718
4071.0,1.0,3.0,718
4072.0,1.0,3.0,718
4073.0,1.0,3.0,718
4074.0,1.0,3.0,718
4075.0,1.0,3.0,718
4076.0,1.0,3.0,718
4077.0,1.0,3.0,718
4078.0,1.0,3.0,718
4079.0,1.0,3.0,718
4080.0,1.0,3.0,718
4081.0,1.0,3.0,718
4082.0,1.0,3.0,718
4083.0,1.0,3.0,718
4084.0,1.0,3.0,718
4085.0,1.0,3.0,718
4086.0,1.0,3.0,718
4087.0,1.0,3.0,718
4088.0,1.0,3.0,718
4089.0,1.0,3.0,718
4090.0,1.0,3.0,718
4091.0,1.0,3.0,718
4092.0,1.0,3.0,718
4093.0,1.0,3.0,718
4094.0,1.0,3.0,718
4095.0,1.0,3.0,718
4096.0,1.0,3.0,718
4097.0,1.0,3.0,718
4098.0,1.0,3.0,718
4099.0,1.0,3.0,718
4100.0,1.0,3.0,718
4101.0,1.0,3.0,718
4102.0,1.0,3.0,718
4103.0,1.0,3.0,718
4104.0,1.0,3.0,718
4105.0,1.0,3.0,718
4106.0,1.0,3.0,718
4107.0,1.0,3.0,718
4108.0,1.0,3.0,718
4109.0,1.0,3.0,718
4110.0,1.0,3.0,718
4111.0,1.0,3.0,718
4112.0,1.0,3.0,718
4113.0,1.0,3.0,718
4114.0,1.0,3.0,718
4115.0,1.0,3.0,718
4116.0,1.0,3.0,718
4117.0,1.0,3.0,718
4118.0,1.0,3.0,718
4119.0,1.0,3.0,718
4120.0,1.0,3.0,718
4121.0,1.0,3.0,718
4122.0,1.0,3.0,718
4123.0,1.0,3.0,718
4124.0,1.0,3.0,718
4125.0,1.0,3.0,718
4126.0,1.0,3.0,718
4127.0,1.0,3.0,718
4128.0,1.0,3.0,718
4129.0,1.0,3.0,718
4130.0,1.0,3.0,718
4131.0,1.0,3.0,718
4132.0,1.0,3.0,718
4133.0,1.0,3.0,718
4134.0,1.0,3.0,718
4135.0,1.0,3.0,718
4136.0,1.0,3.0,718
4137.0,1.0,3.0,718
4138.0,1.0,3.0,718
4139.0,1.0,3.0,718
4140.0,1.0,3.0,718
4141.0,1.0,3.0,718
4142.0,1.0,3.0,718
4143.0,1.0,3.0,718
4144.0,1.0,3.0,718
4145.0,1.0,3.0,718
4146.0,1.0,3.0,718
4147.0,1.0,3.0,718
4148.0,1.0,3.0,718
4149.0,1.0,3.0,718
4150.0,1.0,3.0,718
4151.0,1.0,3.0,718
4152.0,1.0,3.0,718
4153.0,1.0,3.0,718
4154.0,1.0,3.0,718
4155.0,1.0,3.0,718
4156.0,1.0,3.0,718
4157.0,1.0,3.0,718
4158.0,1.0,3.0,718
4159.0,1.0,3.0,718
4160.0,1.0,3.0,718
4161.0,1.0,3.0,718
4162.0,1.0,3.0,718
4163.0,1.0,3.0,718
4164.0,1.0,3.0,718
4165.0,1.0,3.0,718
4166.0,1.0,3.0,718
4167.0,1.0,3.0,718
4168.0,1.0,3.0,718
4169.0,1.0,3.0,718
4170.0,1.0,3.0,718
4171.0,1.0,3.0,718
4172.0,1.0,3.0,718
4173.0,1.0,3.0,718
4174.0,1.0,3.0,718
4175.0,1.0,3.0,718
4176.0,1.0,3.0,718
4177.0,1.0,3.0,718
4178.0,1.0,3.0,718
4179.0,1.0,3.0,718
4180.0,1.0,3.0,718
4181.0,1.0,3.0,718
4182.0,1.0,3.0,718
4183.0,1.0,3.0,718
4184.0,1.0,3.0,718
4185.0,1.0,3.0,718
4186.0,1.0,3.0,718
4187.0,1.0,3.0,718
4188.0,1.0,3.0,718
4189.0,1.0,3.0,718
4190.0,1.0,3.0,718
4191.0,1.0,3.0,718
4192.0,1.0,3.0,718
4193.0,1.0,3.0,718
4194.0,1.0,3.0,718
4195.0,1.0,3.0,718
4196.0,1.0,3.0,718
4197.0,1.0,3.0,718
4198.0,1.0,3.0,718
4199.0,1.0,3.0,718
4200.0,1.0,3.0,718
4201.0,1.0,3.0,718
4202.0,1.0,3.0,718
4203.0,1.0,3.0,718
4204.0,1.0,3.0,718
4205.0,1.0,3.0,718
4206.0,1.0,3.0,718
4207.0,1.0,3.0,718
4208.0,1.0,3.0,718
4209.0,1.0,3.0,718
4210.0,1.0,3.0,718
4211.0,1.0,3.0,718
4212.0,1.0,3.0,718
4213.0,1.0,3.0,718
4214.0,1.0,3.0,718
4215.0,1.0,3.0,718
4216.0,1.0,3.0,718
4217.0,1.0,3.0,718
4218.0,1.0,3.0,718
4219.0,1.0,3.0,718
4220.0,1.0,3.0,718
4221.0,1.0,3.0,718
4222.0,1.0,3.0,718
4223.0,1.0,3.0,718
4224.0,1.0,3.0,718
4225.0,1.0,3.0,718
4226.0,1.0,3.0,718
4227.0,1.0,3.0,718
4228.0,1.0,3.0,718
4229.0,1.0,3.0,718
4230.0,1.0,3.0,718
4231.0,1.0,3.0,718
4232.0,1.0,3.0,718
4233.0,1.0,3.0,718
4234.0,1.0,3.0,718
4235.0,1.0,3.0,718
4236.0,1.0,3.0,718
4237.0,1.0,3.0,718
4238.0,1.0,3.0,718
4239.0,1.0,3.0,718
4240.0,1.0,3.0,718
4241.0,1.0,3.0,718
4242.0,1.0,3.0,718
4243.0,1.0,3.0,718
4244.0,1.0,3.0,718
4245.0,1.0,3.0,718
4246.0,1.0,3.0,718
4247.0,1.0,3.0,718
4248.0,1.0,3.0,718
4249.0,1.0,3.0,718
4250.0,1.0,3.0,718
4251.0,1.0,3.0,718
4252.0,1.0,3.0,718
4253.0,1.0,3.0,718
4254.0,1.0,3.0,718
4255.0,1.0,3.0,718
4256.0,1.0,3.0,718
4257.0,1.0,3.0,718
4258.0,1.0,3.0,718
4259.0,1.0,3.0,718
4260.0,1.0,3.0,718
4261.0,1.0,3.0,718
4262.0,1.0,3.0,718
4263.0,1.0,3.0,718
4264.0,1.0,3.0,718
4265.0,1.0,3.0,718
4266.0,1.0,3.0,718
4267.0,1.0,3.0,718
4268.0,1.0,3.0,718
4269.0,1.0,3.0,718
4270.0,1.0,3.0,718
4271.0,1.0,3.0,718
4272.0,1.0,3.0,718
4273.0,1.0,3.0,718
4274.0,1.0,3.0,718
4275.0,1.0,3.0,718
4276.0,1.0,3.0,718
4277.0,1.0,3.0,718
4278.0,1.0,3.0,718
4279.0,1.0,3.0,718
4280.0,1.0,3.0,718
4281.0,1.0,3.0,718
4282.0,1.0,3.0,718
4283.0,1.0,3.0,718
4284.0,1.0,3.0,718
4285.0,1.0,3.0,718
4286.0,1.0,3.0,718
4287.0,1.0,3.0,718
4288.0,1.0,3.0,718
4289.0,1.0,3.0,718
4290.0,1.0,3.0,718
4291.0,1.0,3.0,718
4292.0,1.0,3.0,718
4293.0,1.0,3.0,718
4294.0,1.0,3.0,718
4295.0,1.0,3.0,718
4296.0,1.0,3.0,718
4297.0,1.0,3.0,718
4298.0,1.0,3.0,718
4299.0,1.0,3.0,718
4300.0,1.0,3.0,718
4301.0,1.0,3.0,718
4302.0,1.0,3.0,718
4303.0,1.0,3.0,718
4304.0,1.0,3.0,718
4305.0,1.0,3.0,718
4306.0,1.0,3.0,718
4307.0,1.0,3.0,718
4308.0,1.0,3.0,718
4309.0,1.0,3.0,718
4310.0,1.0,3.0,718
4311.0,1.0,3.0,718
4312.0,1.0,3.0,718
4313.0,1.0,3.0,718
4314.0,1.0,3.0,718
4315.0,1.0,3.0,718
4316.0,1.0,3.0,718
4317.0,1.0,3.0,718
4318.0,1.0,3.0,718
4319.0,1.0,3.0,718
4320.0,1.0,3.0,718
4321.0,1.0,3.0,718
4322.0,1.0,3.0,718
4323.0,1.0,3.0,718
4324.0,1.0,3.0,718
4325.0,1.0,3.0,718
4326.0,1.0,3.0,718
4327.0,1.0,3.0,718
4328.0,1.0,3.0,718
4329.0,1.0,3.0,718
4330.0,1.0,3.0,718
4331.0,1.0,3.0,718
4332.0,1.0,3.0,718
4333.0,1.0,3.0,718
4334.0,1.0,3.0,718
4335.0,1.0,3.0,718
4336.0,1.0,3.0,718
4337.0,1.0,3.0,718
4338.0,1.0,3.0,718
4339.0,1.0,3.0,718
4340.0,1.0,3.0,718
4341.0,1.0,3.0,718
4342.0,1.0,3.0,718
4343.0,1.0,3.0,718
4344.0,1.0,3.0,718
4345.0,1.0,3.0,718
4346.0,1.0,3.0,718
4347.0,1.0,3.0,718
4348.0,1.0,3.0,718
4349.0,1.0,3.0,718
4350.0,1.0,3.0,718
4351.0,1.0,3.0,718
4352.0,1.0,3.0,718
4353.0,1.0,3.0,718
4354.0,1.0,3.0,718
4355.0,1.0,3.0,718
4356.0,1.0,3.0,718
4357.0,1.0,3.0,718
4358.0,1.0,3.0,718
4359.0,1.0,3.0,718
4360.0,1.0,3.0,718
4361.0,1.0,3.0,718
4362.0,1.0,3.0,718
4363.0,1.0,3.0,718
4364.0,1.0,3.0,718
4365.0,1.0,3.0,718
4366.0,1.0,3.0,718
4367.0,1.0,3.0,718
4368.0,1.0,3.0,718
4369.0,1.0,3.0,718
4370.0,1.0,3.0,718
4371.0,1.0,3.0,718
4372.0,1.0,3.0,718
4373.0,1.0,3.0,718
4374.0,1.0,3.0,718
4375.0,1.0,3.0,718
4376.0,1.0,3.0,718
4377.0,1.0,3.0,718
4378.0,1.0,3.0,718
4379.0,1.0,3.0,718
4380.0,1.0,3.0,718
4381.0,1.0,3.0,718
4382.0,1.0,3.0,718
4383.0,1.0,3.0,718
4384.0,1.0,3.0,718
4385.0,1.0,3.0,718
4386.0,1.0,3.0,718
4387.0,1.0,3.0,718
4388.0,1.0,3.0,718
4389.0,1.0,3.0,718
4390.0,1.0,3.0,718
4391.0,1.0,3.0,718
4392.0,1.0,3.0,718
4393.0,1.0,3.0,718
4394.0,1.0,3.0,718
4395.0,1.0,3.0,718
4396.0,1.0,3.0,718
4397.0,1.0,3.0,718
4398.0,1.0,3.0,718
4399.0,1.0,3.0,718
4400.0,1.0,3.0,718
4401.0,1.0,3.0,718
4402.0,1.0,3.0,718
4403.0,1.0,3.0,718
4404.0,1.0,3.0,718
4405.0,1.0,3.0,718
4406.0,1.0,3.0,718
4407.0,1.0,3.0,718
4408.0,1.0,3.0,718
4409.0,1.0,3.0,718
4410.0,1.0,3.0,718
4411.0,1.0,3.0,718
4412.0,1.0,3.0,718
4413.0,1.0,3.0,718
4414.0,1.0,3.0,718
4415.0,1.0,3.0,718
4416.0,1.0,3.0,718
4417.0,1.0,3.0,718
4418.0,1.0,3.0,718
4419.0,1.0,3.0,718
4420.0,1.0,3.0,718
4421.0,1.0,3.0,718
4422.0,1.0,3.0,718
4423.0,1.0,3.0,718
4424.0,1.0,3.0,718
4425.0,1.0,3.0,718
4426.0,1.0,3.0,718
4427.0,1.0,3.0,718
4428.0,1.0,3.0,718
4429.0,1.0,3.0,718
4430.0,1.0,3.0,718
4431.0,1.0,3.0,718
4432.0,1.0,3.0,718
4433.0,1.0,3.0,718
4434.0,1.0,3.0,718
4435.0,1.0,3.0,718
4436.0,1.0,3.0,718
4437.0,1.0,3.0,718
4438.0,1.0,3.0,718
4439.0,1.0,3.0,718
4440.0,1.0,3.0,718
4441.0,1.0,3.0,718
4442.0,1.0,3.0,718
4443.0,1.0,3.0,718
4444.0,1.0,3.0,718
4445.0,1.0,3.0,718
4446.0,1.0,3.0,718
4447.0,1.0,3.0,718
4448.0,1.0,3.0,718
4449.0,1.0,3.0,718
4450.0,1.0,3.0,718
4451.0,1.0,3.0,718
4452.0,1.0,3.0,718
4453.0,1.0,3.0,718
4454.0,1.0,3.0,718
4455.0,1.0,3.0,718
4456.0,1.0,3.0,718
4457.0,1.0,3.0,718
4458.0,1.0,3.0,718
4459.0,1.0,3.0,718
4460.0,1.0,3.0,718
4461.0,1.0,3.0,718
4462.0,1.0,3.0,718
4463.0,1.0,3.0,718
4464.0,1.0,3.0,718
4465.0,1.0,3.0,718
4466.0,1.0,3.0,718
4467.0,1.0,3.0,718
4468.0,1.0,3.0,718
4469.0,1.0,3.0,718
4470.0,1.0,3.0,718
4471.0,1.0,3.0,718
4472.0,1.0,3.0,718
4473.0,1.0,3.0,718
4474.0,1.0,3.0,718
4475.0,1.0,3.0,718
4476.0,1.0,3.0,718
4477.0,1.0,3.0,718
4478.0,1.0,3.0,718
4479.0,1.0,3.0,718
4480.0,1.0,3.0,718
4481.0,1.0,3.0,718
4482.0,1.0,3.0,718
4483.0,1.0,3.0,718
4484.0,1.0,3.0,718
4485.0,1.0,3.0,718
4486.0,1.0,3.0,718
4487.0,1.0,3.0,718
4488.0,1.0,3.0,718
4489.0,1.0,3.0,718
4490.0,1.0,3.0,718
4491.0,1.0,3.0,718
4492.0,1.0,3.0,718
4493.0,1.0,3.0,718
4494.0,1.0,3.0,718
4495.0,1.0,3.0,718
4496.0,1.0,3.0,718
4497.0,1.0,3.0,718
4498.0,1.0,3.0,718
4499.0,1.0,3.0,718
4500.0,1.0,3.0,718
4501.0,1.0,3.0,718
4502.0,1.0,3.0,718
4503.0,1.0,3.0,718
4504.0,1.0,3.0,718
4505.0,1.0,3.0,718
4506.0,1.0,3.0,718
4507.0,1.0,3.0,718
4508.0,1.0,3.0,718
4509.0,1.0,3.0,718
4510.0,1.0,3.0,718
4511.0,1.0,3.0,718
4512.0,1.0,3.0,718
4513.0,1.0,3.0,718
4514.0,1.0,3.0,718
4515.0,1.0,3.0,718
4516.0,1.0,3.0,718
4517.0,1.0,3.0,718
4518.0,1.0,3.0,718
4519.0,1.0,3.0,718
4520.0,1.0,3.0,718
4521.0,1.0,3.0,718
4522.0,1.0,3.0,718
4523.0,1.0,3.0,718
4524.0,1.0,3.0,718
4525.0,1.0,3.0,718
4526.0,1.0,3.0,718
4527.0,1.0,3.0,718
4528.0,1.0,3.0,718
4529.0,1.0,3.0,718
4530.0,1.0,3.0,718
4531.0,1.0,3.0,718
4532.0,1.0,3.0,718
4533.0,1.0,3.0,718
4534.0,1.0,3.0,718
4535.0,1.0,3.0,718
4536.0,1.0,3.0,718
4537.0,1.0,3.0,718
4538.0,1.0,3.0,718
4539.0,1.0,3.0,718
4540.0,1.0,3.0,718
4541.0,1.0,3.0,718
4542.0,1.0,3.0,718
4543.0,1.0,3.0,718
4544.0,1.0,3.0,718
4545.0,1.0,3.0,718
4546.0,1.0,3.0,718
4547.0,1.0,3.0,718
4548.0,1.0,3.0,718
4549.0,1.0,3.0,718
4550.0,1.0,3.0,718
4551.0,1.0,3.0,718
4552.0,1.0,3.0,718
4553.0,1.0,3.0,718
4554.0,1.0,3.0,718
4555.0,1.0,3.0,718
4556.0,1.0,3.0,718
4557.0,1.0,3.0,718
4558.0,1.0,3.0,718
4559.0,1.0,3.0,718
4560.0,1.0,3.0,718
4561.0,1.0,3.0,718
4562.0,1.0,3.0,718
4563.0,1.0,3.0,718
4564.0,1.0,3.0,718
4565.0,1.0,3.0,718
4566.0,1.0,3.0,718
4567.0,1.0,3.0,718
4568.0,1.0,3.0,718
4569.0,1.0,3.0,718
4570.0,1.0,3.0,718
4571.0,1.0,3.0,718
4572.0,1.0,3.0,718
4573.0,1.0,3.0,718
4574.0,1.0,3.0,718
4575.0,1.0,3.0,718
4576.0,1.0,3.0,718
4577.0,1.0,3.0,718
4578.0,1.0,3.0,718
4579.0,1.0,3.0,718
4580.0,1.0,3.0,718
4581.0,1.0,3.0,718
4582.0,1.0,3.0,718
4583.0,1.0,3.0,718
4584.0,1.0,3.0,718
4585.0,1.0,3.0,718
4586.0,1.0,3.0,718
4587.0,1.0,3.0,718
4588.0,1.0,3.0,718
4589.0,1.0,3.0,718
4590.0,1.0,3.0,718
4591.0,1.0,3.0,718
4592.0,1.0,3.0,718
4593.0,1.0,3.0,718
4594.0,1.0,3.0,718
4595.0,1.0,3.0,718
4596.0,1.0,3.0,718
4597.0,1.0,3.0,718
4598.0,1.0,3.0,718
4599.0,1.0,3.0,718
4600.0,1.0,3.0,718
4601.0,1.0,3.0,718
4602.0,1.0,3.0,718
4603.0,1.0,3.0,718
4604.0,1.0,3.0,718
4605.0,1.0,3.0,718
4606.0,1.0,3.0,718
4607.0,1.0,3.0,718
4608.0,1.0,3.0,718
4609.0,1.0,3.0,718
4610.0,1.0,3.0,718
4611.0,1.0,3.0,718
4612.0,1.0,3.0,718
4613.0,1.0,3.0,718
4614.0,1.0,3.0,718
4615.0,1.0,3.0,718
4616.0,1.0,3.0,718
4617.0,1.0,3.0,718
4618.0,1.0,3.0,718
4619.0,1.0,3.0,718
4620.0,1.0,3.0,718
4621.0,1.0,3.0,718
4622.0,1.0,3.0,718
4623.0,1.0,3.0,718
4624.0,1.0,3.0,718
4625.0,1.0,3.0,718
4626.0,1.0,3.0,718
4627.0,1.0,3.0,718
4628.0,1.0,3.0,718
4629.0,1.0,3.0,718
4630.0,1.0,3.0,718
4631.0,1.0,3.0,718
4632.0,1.0,3.0,718
4633.0,1.0,3.0,718
4634.0,1.0,3.0,718
4635.0,1.0,3.0,718
4636.0,1.0,3.0,718
4637.0,1.0,3.0,718
4638.0,1.0,3.0,718
4639.0,1.0,3.0,718
4640.0,1.0,3.0,718
4641.0,1.0,3.0,718
4642.0,1.0,3.0,718
4643.0,1.0,3.0,718
4644.0,1.0,3.0,718
4645.0,1.0,3.0,718
4646.0,1.0,3.0,718
4647.0,1.0,3.0,718
4648.0,1.0,3.0,718
4649.0,1.0,3.0,718
4650.0,1.0,3.0,718
4651.0,1.0,3.0,718
4652.0,1.0,3.0,718
4653.0,1.0,3.0,718
4654.0,1.0,3.0,718
4655.0,1.0,3.0,718
4656.0,1.0,3.0,718
4657.0,1.0,3.0,718
4658.0,1.0,3.0,718
4659.0,1.0,3.0,718
4660.0,1.0,3.0,718
4661.0,1.0,3.0,718
4662.0,1.0,3.0,718
4663.0,1.0,3.0,718
4664.0,1.0,3.0,718
4665.0,1.0,3.0,718
4666.0,1.0,3.0,718
4667.0,1.0,3.0,718
4668.0,1.0,3.0,718
4669.0,1.0,3.0,718
4670.0,1.0,3.0,718
4671.0,1.0,3.0,718
4672.0,1.0,3.0,718
4673.0,1.0,3.0,718
4674.0,1.0,3.0,718
4675.0,1.0,3.0,718
4676.0,1.0,3.0,718
4677.0,1.0,3.0,718
4678.0,1.0,3.0,718
4679.0,1.0,3.0,718
4680.0,1.0,3.0,718
4681.0,1.0,3.0,718
4682.0,1.0,3.0,718
4683.0,1.0,3.0,718
4684.0,1.0,3.0,718
4685.0,1.0,3.0,718
4686.0,1.0,3.0,718
4687.0,1.0,3.0,718
4688.0,1.0,3.0,718
4689.0,1.0,3.0,718
4690.0,1.0,3.0,718
4691.0,1.0,3.0,718
4692.0,1.0,3.0,718
4693.0,1.0,3.0,718
4694.0,1.0,3.0,718
4695.0,1.0,3.0,718
4696.0,1.0,3.0,718
4697.0,1.0,3.0,718
4698.0,1.0,3.0,718
4699.0,1.0,3.0,718
4700.0,1.0,3.0,718
4701.0,1.0,3.0,718
4702.0,1.0,3.0,718
4703.0,1.0,3.0,718
4704.0,1.0,3.0,718
4705.0,1.0,3.0,718
4706.0,1.0,3.0,718
4707.0,1.0,3.0,718
4708.0,1.0,3.0,718
4709.0,1.0,3.0,718
4710.0,1.0,3.0,718
4711.0,1.0,3.0,718
4712.0,1.0,3.0,718
4713.0,1.0,3.0,718
4714.0,1.0,3.0,718
4715.0,1.0,3.0,718
4716.0,1.0,3.0,718
4717.0,1.0,3.0,718
4718.0,1.0,3.0,718
4719.0,1.0,3.0,718
4720.0,1.0,3.0,718
4721.0,1.0,3.0,718
4722.0,1.0,3.0,718
4723.0,1.0,3.0,718
4724.0,1.0,3.0,718
4725.0,1.0,3.0,718
4726.0,1.0,3.0,718
4727.0,1.0,3.0,718
4728.0,1.0,3.0,718
4729.0,1.0,3.0,718
4730.0,1.0,3.0,718
4731.0,1.0,3.0,718
4732.0,1.0,3.0,718
4733.0,1.0,3.0,718
4734.0,1.0,3.0,718
4735.0,1.0,3.0,718
4736.0,1.0,3.0,718
4737.0,1.0,3.0,718
4738.0,1.0,3.0,718
4739.0,1.0,3.0,718
4740.0,1.0,3.0,718
4741.0,1.0,3.0,718
4742.0,1.0,3.0,718
4743.0,1.0,3.0,718
4744.0,1.0,3.0,718
4745.0,1.0,3.0,718
4746.0,1.0,3.0,718
4747.0,1.0,3.0,718
4748.0,1.0,3.0,718
4749.0,1.0,3.0,718
4750.0,1.0,3.0,718
4751.0,1.0,3.0,718
4752.0,1.0,3.0,718
4753.0,1.0,3.0,718
4754.0,1.0,3.0,718
4755.0,1.0,3.0,718
4756.0,1.0,3.0,718
4757.0,1.0,3.0,718
4758.0,1.0,3.0,718
4759.0,1.0,3.0,718
4760.0,1.0,3.0,718
4761.0,1.0,3.0,718
4762.0,1.0,3.0,718
4763.0,1.0,3.0,718
4764.0,1.0,3.0,718
4765.0,1.0,3.0,718
