Timestamp: 24-Oct-2014 12:33:02
MaxDeathAge: 100
MaxInitialSugar: 25
MaxMetabolism: 2
MaxVision: 6
MinDeathAge: 60
MinInitialSugar: 5
NumAgents: 2250
Replacement: true


"tick","Avg. Metabolism","Avg. Vision","AgentCount"
1.0,1.0,3.0,2250
2.0,1.0,3.0,2250
3.0,1.0,3.0,2250
4.0,1.0,3.0,2223
5.0,1.0,3.0,2207
6.0,1.0,3.0,2184
7.0,1.0,3.0,2149
8.0,1.0,3.0,2103
9.0,1.0,3.0,2044
10.0,1.0,3.0,1989
11.0,1.0,3.0,1931
12.0,1.0,3.0,1888
13.0,1.0,3.0,1842
14.0,1.0,3.0,1779
15.0,1.0,3.0,1728
16.0,1.0,3.0,1689
17.0,1.0,3.0,1645
18.0,1.0,3.0,1588
19.0,1.0,3.0,1552
20.0,1.0,3.0,1526
21.0,1.0,3.0,1494
22.0,1.0,3.0,1454
23.0,1.0,3.0,1420
24.0,1.0,3.0,1393
25.0,1.0,3.0,1356
26.0,1.0,3.0,1325
27.0,1.0,3.0,1295
28.0,1.0,3.0,1273
29.0,1.0,3.0,1247
30.0,1.0,3.0,1229
31.0,1.0,3.0,1212
32.0,1.0,3.0,1195
33.0,1.0,3.0,1186
34.0,1.0,3.0,1179
35.0,1.0,3.0,1172
36.0,1.0,3.0,1163
37.0,1.0,3.0,1154
38.0,1.0,3.0,1147
39.0,1.0,3.0,1137
40.0,1.0,3.0,1133
41.0,1.0,3.0,1133
42.0,1.0,3.0,1129
43.0,1.0,3.0,1127
44.0,1.0,3.0,1125
45.0,1.0,3.0,1121
46.0,1.0,3.0,1118
47.0,1.0,3.0,1114
48.0,1.0,3.0,1113
49.0,1.0,3.0,1112
50.0,1.0,3.0,1111
51.0,1.0,3.0,1108
52.0,1.0,3.0,1108
53.0,1.0,3.0,1106
54.0,1.0,3.0,1106
55.0,1.0,3.0,1105
56.0,1.0,3.0,1105
57.0,1.0,3.0,1105
58.0,1.0,3.0,1105
59.0,1.0,3.0,1103
60.0,1.0,3.0,1102
61.0,1.0,3.0,1101
62.0,1.0,3.0,1101
63.0,1.0,3.0,1100
64.0,1.0,3.0,1100
65.0,1.0,3.0,1100
66.0,1.0,3.0,1100
67.0,1.0,3.0,1100
68.0,1.0,3.0,1100
69.0,1.0,3.0,1100
70.0,1.0,3.0,1100
71.0,1.0,3.0,1100
72.0,1.0,3.0,1100
73.0,1.0,3.0,1100
74.0,1.0,3.0,1100
75.0,1.0,3.0,1100
76.0,1.0,3.0,1100
77.0,1.0,3.0,1100
78.0,1.0,3.0,1100
79.0,1.0,3.0,1100
80.0,1.0,3.0,1100
81.0,1.0,3.0,1100
82.0,1.0,3.0,1100
83.0,1.0,3.0,1100
84.0,1.0,3.0,1100
85.0,1.0,3.0,1100
86.0,1.0,3.0,1100
87.0,1.0,3.0,1100
88.0,1.0,3.0,1100
89.0,1.0,3.0,1100
90.0,1.0,3.0,1100
91.0,1.0,3.0,1100
92.0,1.0,3.0,1100
93.0,1.0,3.0,1100
94.0,1.0,3.0,1100
95.0,1.0,3.0,1100
96.0,1.0,3.0,1100
97.0,1.0,3.0,1100
98.0,1.0,3.0,1100
99.0,1.0,3.0,1100
100.0,1.0,3.0,1100
101.0,1.0,3.0,1100
102.0,1.0,3.0,1100
103.0,1.0,3.0,1100
104.0,1.0,3.0,1100
105.0,1.0,3.0,1100
106.0,1.0,3.0,1100
107.0,1.0,3.0,1100
108.0,1.0,3.0,1100
109.0,1.0,3.0,1100
110.0,1.0,3.0,1100
111.0,1.0,3.0,1100
112.0,1.0,3.0,1100
113.0,1.0,3.0,1100
114.0,1.0,3.0,1100
115.0,1.0,3.0,1100
116.0,1.0,3.0,1100
117.0,1.0,3.0,1100
118.0,1.0,3.0,1100
119.0,1.0,3.0,1100
120.0,1.0,3.0,1100
121.0,1.0,3.0,1100
122.0,1.0,3.0,1100
123.0,1.0,3.0,1100
124.0,1.0,3.0,1100
125.0,1.0,3.0,1100
126.0,1.0,3.0,1100
127.0,1.0,3.0,1100
128.0,1.0,3.0,1100
129.0,1.0,3.0,1100
130.0,1.0,3.0,1100
131.0,1.0,3.0,1100
132.0,1.0,3.0,1100
133.0,1.0,3.0,1100
134.0,1.0,3.0,1100
135.0,1.0,3.0,1100
136.0,1.0,3.0,1100
137.0,1.0,3.0,1100
138.0,1.0,3.0,1100
139.0,1.0,3.0,1100
140.0,1.0,3.0,1100
141.0,1.0,3.0,1100
142.0,1.0,3.0,1100
143.0,1.0,3.0,1100
144.0,1.0,3.0,1100
145.0,1.0,3.0,1100
146.0,1.0,3.0,1100
147.0,1.0,3.0,1100
148.0,1.0,3.0,1100
149.0,1.0,3.0,1100
150.0,1.0,3.0,1100
151.0,1.0,3.0,1100
152.0,1.0,3.0,1100
153.0,1.0,3.0,1100
154.0,1.0,3.0,1100
155.0,1.0,3.0,1100
156.0,1.0,3.0,1100
157.0,1.0,3.0,1100
158.0,1.0,3.0,1100
159.0,1.0,3.0,1100
160.0,1.0,3.0,1100
161.0,1.0,3.0,1100
162.0,1.0,3.0,1100
163.0,1.0,3.0,1100
164.0,1.0,3.0,1100
165.0,1.0,3.0,1100
166.0,1.0,3.0,1100
167.0,1.0,3.0,1100
168.0,1.0,3.0,1100
169.0,1.0,3.0,1100
170.0,1.0,3.0,1100
171.0,1.0,3.0,1100
172.0,1.0,3.0,1100
173.0,1.0,3.0,1100
174.0,1.0,3.0,1100
175.0,1.0,3.0,1100
176.0,1.0,3.0,1100
177.0,1.0,3.0,1100
178.0,1.0,3.0,1100
179.0,1.0,3.0,1100
180.0,1.0,3.0,1100
181.0,1.0,3.0,1100
182.0,1.0,3.0,1100
183.0,1.0,3.0,1100
184.0,1.0,3.0,1100
185.0,1.0,3.0,1100
186.0,1.0,3.0,1100
187.0,1.0,3.0,1100
188.0,1.0,3.0,1100
189.0,1.0,3.0,1100
190.0,1.0,3.0,1100
191.0,1.0,3.0,1100
192.0,1.0,3.0,1100
193.0,1.0,3.0,1100
194.0,1.0,3.0,1100
195.0,1.0,3.0,1100
196.0,1.0,3.0,1100
197.0,1.0,3.0,1100
198.0,1.0,3.0,1100
199.0,1.0,3.0,1100
200.0,1.0,3.0,1100
201.0,1.0,3.0,1100
202.0,1.0,3.0,1100
203.0,1.0,3.0,1100
204.0,1.0,3.0,1100
205.0,1.0,3.0,1100
206.0,1.0,3.0,1100
207.0,1.0,3.0,1100
208.0,1.0,3.0,1100
209.0,1.0,3.0,1100
210.0,1.0,3.0,1100
211.0,1.0,3.0,1100
212.0,1.0,3.0,1100
213.0,1.0,3.0,1100
214.0,1.0,3.0,1100
215.0,1.0,3.0,1100
216.0,1.0,3.0,1100
217.0,1.0,3.0,1100
218.0,1.0,3.0,1100
219.0,1.0,3.0,1100
220.0,1.0,3.0,1100
221.0,1.0,3.0,1100
222.0,1.0,3.0,1100
223.0,1.0,3.0,1100
224.0,1.0,3.0,1100
225.0,1.0,3.0,1100
226.0,1.0,3.0,1100
227.0,1.0,3.0,1100
228.0,1.0,3.0,1100
229.0,1.0,3.0,1100
230.0,1.0,3.0,1100
231.0,1.0,3.0,1100
232.0,1.0,3.0,1100
233.0,1.0,3.0,1100
234.0,1.0,3.0,1100
235.0,1.0,3.0,1100
236.0,1.0,3.0,1100
237.0,1.0,3.0,1100
238.0,1.0,3.0,1100
239.0,1.0,3.0,1100
240.0,1.0,3.0,1100
241.0,1.0,3.0,1100
242.0,1.0,3.0,1100
243.0,1.0,3.0,1100
244.0,1.0,3.0,1100
245.0,1.0,3.0,1100
246.0,1.0,3.0,1100
247.0,1.0,3.0,1100
248.0,1.0,3.0,1100
249.0,1.0,3.0,1100
250.0,1.0,3.0,1100
251.0,1.0,3.0,1100
252.0,1.0,3.0,1100
253.0,1.0,3.0,1100
254.0,1.0,3.0,1099
255.0,1.0,3.0,1099
256.0,1.0,3.0,1099
257.0,1.0,3.0,1099
258.0,1.0,3.0,1099
259.0,1.0,3.0,1099
260.0,1.0,3.0,1099
261.0,1.0,3.0,1099
262.0,1.0,3.0,1099
263.0,1.0,3.0,1099
264.0,1.0,3.0,1099
265.0,1.0,3.0,1099
266.0,1.0,3.0,1099
267.0,1.0,3.0,1099
268.0,1.0,3.0,1099
269.0,1.0,3.0,1099
270.0,1.0,3.0,1099
271.0,1.0,3.0,1099
272.0,1.0,3.0,1099
273.0,1.0,3.0,1099
274.0,1.0,3.0,1099
275.0,1.0,3.0,1099
276.0,1.0,3.0,1099
277.0,1.0,3.0,1099
278.0,1.0,3.0,1099
279.0,1.0,3.0,1099
280.0,1.0,3.0,1099
281.0,1.0,3.0,1099
282.0,1.0,3.0,1099
283.0,1.0,3.0,1099
284.0,1.0,3.0,1099
285.0,1.0,3.0,1099
286.0,1.0,3.0,1099
287.0,1.0,3.0,1099
288.0,1.0,3.0,1099
289.0,1.0,3.0,1099
290.0,1.0,3.0,1099
291.0,1.0,3.0,1099
292.0,1.0,3.0,1099
293.0,1.0,3.0,1099
294.0,1.0,3.0,1099
295.0,1.0,3.0,1098
296.0,1.0,3.0,1098
297.0,1.0,3.0,1098
298.0,1.0,3.0,1098
299.0,1.0,3.0,1098
300.0,1.0,3.0,1098
301.0,1.0,3.0,1098
302.0,1.0,3.0,1098
303.0,1.0,3.0,1098
304.0,1.0,3.0,1098
305.0,1.0,3.0,1098
306.0,1.0,3.0,1098
307.0,1.0,3.0,1098
308.0,1.0,3.0,1098
309.0,1.0,3.0,1098
310.0,1.0,3.0,1098
311.0,1.0,3.0,1098
312.0,1.0,3.0,1098
313.0,1.0,3.0,1098
314.0,1.0,3.0,1098
315.0,1.0,3.0,1098
316.0,1.0,3.0,1098
317.0,1.0,3.0,1098
318.0,1.0,3.0,1098
319.0,1.0,3.0,1098
320.0,1.0,3.0,1098
321.0,1.0,3.0,1098
322.0,1.0,3.0,1098
323.0,1.0,3.0,1098
324.0,1.0,3.0,1098
325.0,1.0,3.0,1098
326.0,1.0,3.0,1098
327.0,1.0,3.0,1098
328.0,1.0,3.0,1098
329.0,1.0,3.0,1098
330.0,1.0,3.0,1098
331.0,1.0,3.0,1098
332.0,1.0,3.0,1098
333.0,1.0,3.0,1098
334.0,1.0,3.0,1098
335.0,1.0,3.0,1098
336.0,1.0,3.0,1098
337.0,1.0,3.0,1098
338.0,1.0,3.0,1098
339.0,1.0,3.0,1098
340.0,1.0,3.0,1098
341.0,1.0,3.0,1098
342.0,1.0,3.0,1097
343.0,1.0,3.0,1097
344.0,1.0,3.0,1097
345.0,1.0,3.0,1097
346.0,1.0,3.0,1097
347.0,1.0,3.0,1097
348.0,1.0,3.0,1097
349.0,1.0,3.0,1097
350.0,1.0,3.0,1097
351.0,1.0,3.0,1097
352.0,1.0,3.0,1097
353.0,1.0,3.0,1097
354.0,1.0,3.0,1097
355.0,1.0,3.0,1097
356.0,1.0,3.0,1097
357.0,1.0,3.0,1097
358.0,1.0,3.0,1097
359.0,1.0,3.0,1097
360.0,1.0,3.0,1097
361.0,1.0,3.0,1097
362.0,1.0,3.0,1097
363.0,1.0,3.0,1097
364.0,1.0,3.0,1097
365.0,1.0,3.0,1097
366.0,1.0,3.0,1097
367.0,1.0,3.0,1097
368.0,1.0,3.0,1097
369.0,1.0,3.0,1097
370.0,1.0,3.0,1097
371.0,1.0,3.0,1097
372.0,1.0,3.0,1097
373.0,1.0,3.0,1097
374.0,1.0,3.0,1097
375.0,1.0,3.0,1097
376.0,1.0,3.0,1097
377.0,1.0,3.0,1097
378.0,1.0,3.0,1097
379.0,1.0,3.0,1097
380.0,1.0,3.0,1097
381.0,1.0,3.0,1097
382.0,1.0,3.0,1097
383.0,1.0,3.0,1097
384.0,1.0,3.0,1097
385.0,1.0,3.0,1097
386.0,1.0,3.0,1097
387.0,1.0,3.0,1097
388.0,1.0,3.0,1097
389.0,1.0,3.0,1097
390.0,1.0,3.0,1097
391.0,1.0,3.0,1097
392.0,1.0,3.0,1097
393.0,1.0,3.0,1097
394.0,1.0,3.0,1097
395.0,1.0,3.0,1097
396.0,1.0,3.0,1097
397.0,1.0,3.0,1097
398.0,1.0,3.0,1097
399.0,1.0,3.0,1097
400.0,1.0,3.0,1097
401.0,1.0,3.0,1097
402.0,1.0,3.0,1097
403.0,1.0,3.0,1097
404.0,1.0,3.0,1097
405.0,1.0,3.0,1097
406.0,1.0,3.0,1097
407.0,1.0,3.0,1097
408.0,1.0,3.0,1097
409.0,1.0,3.0,1097
410.0,1.0,3.0,1097
411.0,1.0,3.0,1097
412.0,1.0,3.0,1097
413.0,1.0,3.0,1097
414.0,1.0,3.0,1097
415.0,1.0,3.0,1097
416.0,1.0,3.0,1097
417.0,1.0,3.0,1097
418.0,1.0,3.0,1097
419.0,1.0,3.0,1097
420.0,1.0,3.0,1097
421.0,1.0,3.0,1097
422.0,1.0,3.0,1097
423.0,1.0,3.0,1097
424.0,1.0,3.0,1097
425.0,1.0,3.0,1097
426.0,1.0,3.0,1097
427.0,1.0,3.0,1097
428.0,1.0,3.0,1097
429.0,1.0,3.0,1097
430.0,1.0,3.0,1097
431.0,1.0,3.0,1097
432.0,1.0,3.0,1097
433.0,1.0,3.0,1097
434.0,1.0,3.0,1097
435.0,1.0,3.0,1097
436.0,1.0,3.0,1097
437.0,1.0,3.0,1097
438.0,1.0,3.0,1097
439.0,1.0,3.0,1097
440.0,1.0,3.0,1097
441.0,1.0,3.0,1097
442.0,1.0,3.0,1097
443.0,1.0,3.0,1097
444.0,1.0,3.0,1097
445.0,1.0,3.0,1097
446.0,1.0,3.0,1097
447.0,1.0,3.0,1097
448.0,1.0,3.0,1097
449.0,1.0,3.0,1097
450.0,1.0,3.0,1097
451.0,1.0,3.0,1097
452.0,1.0,3.0,1097
453.0,1.0,3.0,1097
454.0,1.0,3.0,1097
455.0,1.0,3.0,1097
456.0,1.0,3.0,1097
457.0,1.0,3.0,1097
458.0,1.0,3.0,1097
459.0,1.0,3.0,1097
460.0,1.0,3.0,1097
461.0,1.0,3.0,1097
462.0,1.0,3.0,1097
463.0,1.0,3.0,1097
464.0,1.0,3.0,1097
465.0,1.0,3.0,1097
466.0,1.0,3.0,1097
467.0,1.0,3.0,1097
468.0,1.0,3.0,1097
469.0,1.0,3.0,1097
470.0,1.0,3.0,1097
471.0,1.0,3.0,1097
472.0,1.0,3.0,1097
473.0,1.0,3.0,1097
474.0,1.0,3.0,1097
475.0,1.0,3.0,1097
476.0,1.0,3.0,1097
477.0,1.0,3.0,1097
478.0,1.0,3.0,1097
479.0,1.0,3.0,1097
480.0,1.0,3.0,1097
481.0,1.0,3.0,1097
482.0,1.0,3.0,1097
483.0,1.0,3.0,1097
484.0,1.0,3.0,1097
485.0,1.0,3.0,1097
486.0,1.0,3.0,1097
487.0,1.0,3.0,1097
488.0,1.0,3.0,1097
489.0,1.0,3.0,1097
490.0,1.0,3.0,1097
491.0,1.0,3.0,1097
492.0,1.0,3.0,1097
493.0,1.0,3.0,1097
494.0,1.0,3.0,1097
495.0,1.0,3.0,1097
496.0,1.0,3.0,1097
497.0,1.0,3.0,1097
498.0,1.0,3.0,1097
499.0,1.0,3.0,1097
500.0,1.0,3.0,1097
501.0,1.0,3.0,1097
502.0,1.0,3.0,1097
503.0,1.0,3.0,1097
504.0,1.0,3.0,1097
505.0,1.0,3.0,1097
506.0,1.0,3.0,1097
507.0,1.0,3.0,1097
508.0,1.0,3.0,1097
509.0,1.0,3.0,1097
510.0,1.0,3.0,1097
511.0,1.0,3.0,1097
512.0,1.0,3.0,1097
513.0,1.0,3.0,1097
514.0,1.0,3.0,1097
515.0,1.0,3.0,1097
516.0,1.0,3.0,1097
517.0,1.0,3.0,1097
518.0,1.0,3.0,1097
519.0,1.0,3.0,1097
520.0,1.0,3.0,1097
521.0,1.0,3.0,1097
522.0,1.0,3.0,1097
523.0,1.0,3.0,1097
524.0,1.0,3.0,1097
525.0,1.0,3.0,1097
526.0,1.0,3.0,1097
527.0,1.0,3.0,1097
528.0,1.0,3.0,1097
529.0,1.0,3.0,1097
530.0,1.0,3.0,1097
531.0,1.0,3.0,1097
532.0,1.0,3.0,1097
533.0,1.0,3.0,1097
534.0,1.0,3.0,1097
535.0,1.0,3.0,1097
536.0,1.0,3.0,1097
537.0,1.0,3.0,1097
538.0,1.0,3.0,1097
539.0,1.0,3.0,1097
540.0,1.0,3.0,1097
541.0,1.0,3.0,1097
542.0,1.0,3.0,1097
543.0,1.0,3.0,1097
544.0,1.0,3.0,1097
545.0,1.0,3.0,1097
546.0,1.0,3.0,1097
547.0,1.0,3.0,1097
548.0,1.0,3.0,1097
549.0,1.0,3.0,1097
550.0,1.0,3.0,1097
551.0,1.0,3.0,1097
552.0,1.0,3.0,1097
553.0,1.0,3.0,1097
554.0,1.0,3.0,1097
555.0,1.0,3.0,1097
556.0,1.0,3.0,1097
557.0,1.0,3.0,1097
558.0,1.0,3.0,1097
559.0,1.0,3.0,1097
560.0,1.0,3.0,1097
561.0,1.0,3.0,1097
562.0,1.0,3.0,1097
563.0,1.0,3.0,1097
564.0,1.0,3.0,1097
565.0,1.0,3.0,1097
566.0,1.0,3.0,1097
567.0,1.0,3.0,1097
568.0,1.0,3.0,1097
569.0,1.0,3.0,1097
570.0,1.0,3.0,1097
571.0,1.0,3.0,1097
572.0,1.0,3.0,1097
573.0,1.0,3.0,1097
574.0,1.0,3.0,1097
575.0,1.0,3.0,1097
576.0,1.0,3.0,1097
577.0,1.0,3.0,1097
578.0,1.0,3.0,1097
579.0,1.0,3.0,1097
580.0,1.0,3.0,1097
581.0,1.0,3.0,1097
582.0,1.0,3.0,1097
583.0,1.0,3.0,1097
584.0,1.0,3.0,1097
585.0,1.0,3.0,1097
586.0,1.0,3.0,1097
587.0,1.0,3.0,1097
588.0,1.0,3.0,1097
589.0,1.0,3.0,1097
590.0,1.0,3.0,1097
591.0,1.0,3.0,1097
592.0,1.0,3.0,1097
593.0,1.0,3.0,1097
594.0,1.0,3.0,1097
595.0,1.0,3.0,1097
596.0,1.0,3.0,1097
597.0,1.0,3.0,1097
598.0,1.0,3.0,1097
599.0,1.0,3.0,1097
600.0,1.0,3.0,1097
601.0,1.0,3.0,1097
602.0,1.0,3.0,1097
603.0,1.0,3.0,1097
604.0,1.0,3.0,1097
605.0,1.0,3.0,1097
606.0,1.0,3.0,1097
607.0,1.0,3.0,1097
608.0,1.0,3.0,1097
609.0,1.0,3.0,1097
610.0,1.0,3.0,1097
611.0,1.0,3.0,1097
612.0,1.0,3.0,1097
613.0,1.0,3.0,1097
614.0,1.0,3.0,1097
615.0,1.0,3.0,1097
616.0,1.0,3.0,1097
617.0,1.0,3.0,1097
618.0,1.0,3.0,1097
619.0,1.0,3.0,1097
620.0,1.0,3.0,1097
621.0,1.0,3.0,1097
622.0,1.0,3.0,1097
623.0,1.0,3.0,1097
624.0,1.0,3.0,1097
625.0,1.0,3.0,1097
626.0,1.0,3.0,1097
627.0,1.0,3.0,1097
628.0,1.0,3.0,1097
629.0,1.0,3.0,1097
630.0,1.0,3.0,1097
631.0,1.0,3.0,1097
632.0,1.0,3.0,1097
633.0,1.0,3.0,1097
634.0,1.0,3.0,1097
635.0,1.0,3.0,1097
636.0,1.0,3.0,1097
637.0,1.0,3.0,1097
638.0,1.0,3.0,1097
639.0,1.0,3.0,1097
640.0,1.0,3.0,1097
641.0,1.0,3.0,1097
642.0,1.0,3.0,1097
643.0,1.0,3.0,1097
644.0,1.0,3.0,1097
645.0,1.0,3.0,1097
646.0,1.0,3.0,1097
647.0,1.0,3.0,1097
648.0,1.0,3.0,1097
649.0,1.0,3.0,1097
650.0,1.0,3.0,1097
651.0,1.0,3.0,1097
652.0,1.0,3.0,1097
653.0,1.0,3.0,1097
654.0,1.0,3.0,1097
655.0,1.0,3.0,1097
656.0,1.0,3.0,1097
657.0,1.0,3.0,1097
658.0,1.0,3.0,1097
659.0,1.0,3.0,1097
660.0,1.0,3.0,1097
661.0,1.0,3.0,1097
662.0,1.0,3.0,1097
663.0,1.0,3.0,1097
664.0,1.0,3.0,1097
665.0,1.0,3.0,1097
666.0,1.0,3.0,1097
667.0,1.0,3.0,1097
668.0,1.0,3.0,1097
669.0,1.0,3.0,1097
670.0,1.0,3.0,1097
671.0,1.0,3.0,1097
672.0,1.0,3.0,1097
673.0,1.0,3.0,1097
674.0,1.0,3.0,1097
675.0,1.0,3.0,1097
676.0,1.0,3.0,1097
677.0,1.0,3.0,1097
678.0,1.0,3.0,1097
679.0,1.0,3.0,1097
680.0,1.0,3.0,1097
681.0,1.0,3.0,1097
682.0,1.0,3.0,1097
683.0,1.0,3.0,1097
684.0,1.0,3.0,1097
685.0,1.0,3.0,1097
686.0,1.0,3.0,1097
687.0,1.0,3.0,1097
688.0,1.0,3.0,1097
689.0,1.0,3.0,1097
690.0,1.0,3.0,1097
691.0,1.0,3.0,1097
692.0,1.0,3.0,1097
693.0,1.0,3.0,1097
694.0,1.0,3.0,1097
695.0,1.0,3.0,1097
696.0,1.0,3.0,1097
697.0,1.0,3.0,1097
698.0,1.0,3.0,1097
699.0,1.0,3.0,1097
700.0,1.0,3.0,1097
701.0,1.0,3.0,1097
702.0,1.0,3.0,1097
703.0,1.0,3.0,1097
704.0,1.0,3.0,1097
705.0,1.0,3.0,1097
706.0,1.0,3.0,1097
707.0,1.0,3.0,1097
708.0,1.0,3.0,1097
709.0,1.0,3.0,1097
710.0,1.0,3.0,1097
711.0,1.0,3.0,1097
712.0,1.0,3.0,1097
713.0,1.0,3.0,1097
714.0,1.0,3.0,1097
715.0,1.0,3.0,1097
716.0,1.0,3.0,1097
717.0,1.0,3.0,1097
718.0,1.0,3.0,1097
719.0,1.0,3.0,1097
720.0,1.0,3.0,1097
721.0,1.0,3.0,1097
722.0,1.0,3.0,1097
723.0,1.0,3.0,1097
724.0,1.0,3.0,1097
725.0,1.0,3.0,1097
726.0,1.0,3.0,1097
727.0,1.0,3.0,1097
728.0,1.0,3.0,1097
729.0,1.0,3.0,1097
730.0,1.0,3.0,1097
731.0,1.0,3.0,1097
732.0,1.0,3.0,1097
733.0,1.0,3.0,1097
734.0,1.0,3.0,1097
735.0,1.0,3.0,1097
736.0,1.0,3.0,1097
737.0,1.0,3.0,1097
738.0,1.0,3.0,1097
739.0,1.0,3.0,1097
740.0,1.0,3.0,1097
741.0,1.0,3.0,1097
742.0,1.0,3.0,1097
743.0,1.0,3.0,1097
744.0,1.0,3.0,1097
745.0,1.0,3.0,1097
746.0,1.0,3.0,1097
747.0,1.0,3.0,1097
748.0,1.0,3.0,1097
749.0,1.0,3.0,1097
750.0,1.0,3.0,1097
751.0,1.0,3.0,1097
752.0,1.0,3.0,1097
753.0,1.0,3.0,1097
754.0,1.0,3.0,1097
755.0,1.0,3.0,1097
756.0,1.0,3.0,1097
757.0,1.0,3.0,1097
758.0,1.0,3.0,1097
759.0,1.0,3.0,1097
760.0,1.0,3.0,1097
761.0,1.0,3.0,1097
762.0,1.0,3.0,1097
763.0,1.0,3.0,1097
764.0,1.0,3.0,1097
765.0,1.0,3.0,1097
766.0,1.0,3.0,1097
767.0,1.0,3.0,1097
768.0,1.0,3.0,1097
769.0,1.0,3.0,1097
770.0,1.0,3.0,1097
771.0,1.0,3.0,1097
772.0,1.0,3.0,1097
773.0,1.0,3.0,1097
774.0,1.0,3.0,1097
775.0,1.0,3.0,1097
776.0,1.0,3.0,1097
777.0,1.0,3.0,1097
778.0,1.0,3.0,1097
779.0,1.0,3.0,1097
780.0,1.0,3.0,1097
781.0,1.0,3.0,1097
782.0,1.0,3.0,1097
783.0,1.0,3.0,1097
784.0,1.0,3.0,1097
785.0,1.0,3.0,1097
786.0,1.0,3.0,1097
787.0,1.0,3.0,1097
788.0,1.0,3.0,1097
789.0,1.0,3.0,1097
790.0,1.0,3.0,1097
791.0,1.0,3.0,1097
792.0,1.0,3.0,1097
793.0,1.0,3.0,1097
794.0,1.0,3.0,1097
795.0,1.0,3.0,1097
796.0,1.0,3.0,1097
797.0,1.0,3.0,1097
798.0,1.0,3.0,1097
799.0,1.0,3.0,1097
800.0,1.0,3.0,1097
801.0,1.0,3.0,1097
802.0,1.0,3.0,1097
803.0,1.0,3.0,1097
804.0,1.0,3.0,1097
805.0,1.0,3.0,1097
806.0,1.0,3.0,1097
807.0,1.0,3.0,1097
808.0,1.0,3.0,1097
809.0,1.0,3.0,1097
810.0,1.0,3.0,1097
811.0,1.0,3.0,1097
812.0,1.0,3.0,1097
813.0,1.0,3.0,1097
814.0,1.0,3.0,1097
815.0,1.0,3.0,1097
816.0,1.0,3.0,1097
817.0,1.0,3.0,1097
818.0,1.0,3.0,1097
819.0,1.0,3.0,1097
820.0,1.0,3.0,1097
821.0,1.0,3.0,1097
822.0,1.0,3.0,1097
823.0,1.0,3.0,1097
824.0,1.0,3.0,1097
825.0,1.0,3.0,1097
826.0,1.0,3.0,1097
827.0,1.0,3.0,1097
828.0,1.0,3.0,1097
829.0,1.0,3.0,1097
830.0,1.0,3.0,1097
831.0,1.0,3.0,1097
832.0,1.0,3.0,1097
833.0,1.0,3.0,1097
834.0,1.0,3.0,1097
835.0,1.0,3.0,1097
836.0,1.0,3.0,1097
837.0,1.0,3.0,1097
838.0,1.0,3.0,1097
839.0,1.0,3.0,1097
840.0,1.0,3.0,1097
841.0,1.0,3.0,1097
842.0,1.0,3.0,1097
843.0,1.0,3.0,1097
844.0,1.0,3.0,1097
845.0,1.0,3.0,1097
846.0,1.0,3.0,1097
847.0,1.0,3.0,1097
848.0,1.0,3.0,1097
849.0,1.0,3.0,1097
850.0,1.0,3.0,1097
851.0,1.0,3.0,1097
852.0,1.0,3.0,1097
853.0,1.0,3.0,1097
854.0,1.0,3.0,1097
855.0,1.0,3.0,1097
856.0,1.0,3.0,1097
857.0,1.0,3.0,1097
858.0,1.0,3.0,1097
859.0,1.0,3.0,1097
860.0,1.0,3.0,1097
861.0,1.0,3.0,1097
862.0,1.0,3.0,1097
863.0,1.0,3.0,1097
864.0,1.0,3.0,1097
865.0,1.0,3.0,1097
866.0,1.0,3.0,1097
867.0,1.0,3.0,1097
868.0,1.0,3.0,1097
869.0,1.0,3.0,1097
870.0,1.0,3.0,1097
871.0,1.0,3.0,1097
872.0,1.0,3.0,1097
873.0,1.0,3.0,1097
874.0,1.0,3.0,1097
875.0,1.0,3.0,1097
876.0,1.0,3.0,1097
877.0,1.0,3.0,1097
878.0,1.0,3.0,1097
879.0,1.0,3.0,1097
880.0,1.0,3.0,1097
881.0,1.0,3.0,1097
882.0,1.0,3.0,1097
883.0,1.0,3.0,1097
884.0,1.0,3.0,1097
885.0,1.0,3.0,1097
886.0,1.0,3.0,1097
887.0,1.0,3.0,1097
888.0,1.0,3.0,1097
889.0,1.0,3.0,1097
890.0,1.0,3.0,1097
891.0,1.0,3.0,1097
892.0,1.0,3.0,1097
893.0,1.0,3.0,1097
894.0,1.0,3.0,1097
895.0,1.0,3.0,1097
896.0,1.0,3.0,1097
897.0,1.0,3.0,1097
898.0,1.0,3.0,1097
899.0,1.0,3.0,1097
900.0,1.0,3.0,1097
901.0,1.0,3.0,1097
902.0,1.0,3.0,1097
903.0,1.0,3.0,1097
904.0,1.0,3.0,1097
905.0,1.0,3.0,1097
906.0,1.0,3.0,1097
907.0,1.0,3.0,1097
908.0,1.0,3.0,1097
909.0,1.0,3.0,1097
910.0,1.0,3.0,1097
911.0,1.0,3.0,1097
912.0,1.0,3.0,1097
913.0,1.0,3.0,1097
914.0,1.0,3.0,1097
915.0,1.0,3.0,1097
916.0,1.0,3.0,1097
917.0,1.0,3.0,1097
918.0,1.0,3.0,1097
919.0,1.0,3.0,1097
920.0,1.0,3.0,1097
921.0,1.0,3.0,1097
922.0,1.0,3.0,1097
923.0,1.0,3.0,1097
924.0,1.0,3.0,1097
925.0,1.0,3.0,1097
926.0,1.0,3.0,1097
927.0,1.0,3.0,1097
928.0,1.0,3.0,1097
929.0,1.0,3.0,1097
930.0,1.0,3.0,1097
931.0,1.0,3.0,1097
932.0,1.0,3.0,1097
933.0,1.0,3.0,1097
934.0,1.0,3.0,1097
935.0,1.0,3.0,1097
936.0,1.0,3.0,1097
937.0,1.0,3.0,1097
938.0,1.0,3.0,1097
939.0,1.0,3.0,1097
940.0,1.0,3.0,1097
941.0,1.0,3.0,1097
942.0,1.0,3.0,1097
943.0,1.0,3.0,1097
944.0,1.0,3.0,1097
945.0,1.0,3.0,1097
946.0,1.0,3.0,1097
947.0,1.0,3.0,1097
948.0,1.0,3.0,1097
949.0,1.0,3.0,1097
950.0,1.0,3.0,1097
951.0,1.0,3.0,1097
952.0,1.0,3.0,1097
953.0,1.0,3.0,1097
954.0,1.0,3.0,1097
955.0,1.0,3.0,1097
956.0,1.0,3.0,1097
957.0,1.0,3.0,1097
958.0,1.0,3.0,1097
959.0,1.0,3.0,1097
960.0,1.0,3.0,1097
961.0,1.0,3.0,1097
962.0,1.0,3.0,1097
963.0,1.0,3.0,1097
964.0,1.0,3.0,1097
965.0,1.0,3.0,1097
966.0,1.0,3.0,1097
967.0,1.0,3.0,1097
968.0,1.0,3.0,1097
969.0,1.0,3.0,1097
970.0,1.0,3.0,1097
971.0,1.0,3.0,1097
972.0,1.0,3.0,1097
973.0,1.0,3.0,1097
974.0,1.0,3.0,1097
975.0,1.0,3.0,1097
976.0,1.0,3.0,1097
977.0,1.0,3.0,1097
978.0,1.0,3.0,1097
979.0,1.0,3.0,1097
980.0,1.0,3.0,1097
981.0,1.0,3.0,1097
982.0,1.0,3.0,1097
983.0,1.0,3.0,1097
984.0,1.0,3.0,1097
985.0,1.0,3.0,1097
986.0,1.0,3.0,1097
987.0,1.0,3.0,1097
988.0,1.0,3.0,1097
989.0,1.0,3.0,1097
990.0,1.0,3.0,1097
991.0,1.0,3.0,1097
992.0,1.0,3.0,1097
993.0,1.0,3.0,1097
994.0,1.0,3.0,1097
995.0,1.0,3.0,1097
996.0,1.0,3.0,1097
997.0,1.0,3.0,1097
998.0,1.0,3.0,1097
999.0,1.0,3.0,1097
1000.0,1.0,3.0,1097
1001.0,1.0,3.0,1097
1002.0,1.0,3.0,1097
1003.0,1.0,3.0,1097
1004.0,1.0,3.0,1097
1005.0,1.0,3.0,1097
1006.0,1.0,3.0,1097
1007.0,1.0,3.0,1097
1008.0,1.0,3.0,1097
1009.0,1.0,3.0,1097
1010.0,1.0,3.0,1097
1011.0,1.0,3.0,1097
1012.0,1.0,3.0,1097
1013.0,1.0,3.0,1097
1014.0,1.0,3.0,1097
1015.0,1.0,3.0,1097
1016.0,1.0,3.0,1097
1017.0,1.0,3.0,1097
1018.0,1.0,3.0,1097
1019.0,1.0,3.0,1097
1020.0,1.0,3.0,1097
1021.0,1.0,3.0,1097
1022.0,1.0,3.0,1097
1023.0,1.0,3.0,1097
1024.0,1.0,3.0,1097
1025.0,1.0,3.0,1097
1026.0,1.0,3.0,1097
1027.0,1.0,3.0,1097
1028.0,1.0,3.0,1097
1029.0,1.0,3.0,1097
1030.0,1.0,3.0,1097
1031.0,1.0,3.0,1097
1032.0,1.0,3.0,1097
1033.0,1.0,3.0,1097
1034.0,1.0,3.0,1097
1035.0,1.0,3.0,1097
1036.0,1.0,3.0,1097
1037.0,1.0,3.0,1097
1038.0,1.0,3.0,1097
1039.0,1.0,3.0,1097
1040.0,1.0,3.0,1097
1041.0,1.0,3.0,1097
1042.0,1.0,3.0,1097
1043.0,1.0,3.0,1097
1044.0,1.0,3.0,1097
1045.0,1.0,3.0,1097
1046.0,1.0,3.0,1097
1047.0,1.0,3.0,1097
1048.0,1.0,3.0,1097
1049.0,1.0,3.0,1097
1050.0,1.0,3.0,1097
1051.0,1.0,3.0,1097
1052.0,1.0,3.0,1097
1053.0,1.0,3.0,1097
1054.0,1.0,3.0,1097
1055.0,1.0,3.0,1097
1056.0,1.0,3.0,1097
1057.0,1.0,3.0,1097
1058.0,1.0,3.0,1097
1059.0,1.0,3.0,1097
1060.0,1.0,3.0,1097
1061.0,1.0,3.0,1097
1062.0,1.0,3.0,1097
1063.0,1.0,3.0,1097
1064.0,1.0,3.0,1097
1065.0,1.0,3.0,1097
1066.0,1.0,3.0,1097
1067.0,1.0,3.0,1097
1068.0,1.0,3.0,1097
1069.0,1.0,3.0,1097
1070.0,1.0,3.0,1097
1071.0,1.0,3.0,1097
1072.0,1.0,3.0,1097
1073.0,1.0,3.0,1097
1074.0,1.0,3.0,1097
1075.0,1.0,3.0,1097
1076.0,1.0,3.0,1097
1077.0,1.0,3.0,1097
1078.0,1.0,3.0,1097
1079.0,1.0,3.0,1097
1080.0,1.0,3.0,1097
1081.0,1.0,3.0,1097
1082.0,1.0,3.0,1097
1083.0,1.0,3.0,1097
1084.0,1.0,3.0,1097
1085.0,1.0,3.0,1097
1086.0,1.0,3.0,1097
1087.0,1.0,3.0,1097
1088.0,1.0,3.0,1097
1089.0,1.0,3.0,1097
1090.0,1.0,3.0,1097
1091.0,1.0,3.0,1097
1092.0,1.0,3.0,1097
1093.0,1.0,3.0,1097
1094.0,1.0,3.0,1097
1095.0,1.0,3.0,1097
1096.0,1.0,3.0,1097
1097.0,1.0,3.0,1097
1098.0,1.0,3.0,1097
1099.0,1.0,3.0,1097
1100.0,1.0,3.0,1097
1101.0,1.0,3.0,1097
1102.0,1.0,3.0,1097
1103.0,1.0,3.0,1097
1104.0,1.0,3.0,1097
1105.0,1.0,3.0,1097
1106.0,1.0,3.0,1097
1107.0,1.0,3.0,1097
1108.0,1.0,3.0,1097
1109.0,1.0,3.0,1097
1110.0,1.0,3.0,1097
1111.0,1.0,3.0,1097
1112.0,1.0,3.0,1097
1113.0,1.0,3.0,1097
1114.0,1.0,3.0,1097
1115.0,1.0,3.0,1097
1116.0,1.0,3.0,1097
1117.0,1.0,3.0,1097
1118.0,1.0,3.0,1097
1119.0,1.0,3.0,1097
1120.0,1.0,3.0,1097
1121.0,1.0,3.0,1097
1122.0,1.0,3.0,1097
1123.0,1.0,3.0,1097
1124.0,1.0,3.0,1097
1125.0,1.0,3.0,1097
1126.0,1.0,3.0,1097
1127.0,1.0,3.0,1097
1128.0,1.0,3.0,1097
1129.0,1.0,3.0,1097
1130.0,1.0,3.0,1097
1131.0,1.0,3.0,1097
1132.0,1.0,3.0,1097
1133.0,1.0,3.0,1097
1134.0,1.0,3.0,1097
1135.0,1.0,3.0,1097
1136.0,1.0,3.0,1097
1137.0,1.0,3.0,1097
1138.0,1.0,3.0,1097
1139.0,1.0,3.0,1097
1140.0,1.0,3.0,1097
1141.0,1.0,3.0,1097
1142.0,1.0,3.0,1097
1143.0,1.0,3.0,1097
1144.0,1.0,3.0,1097
1145.0,1.0,3.0,1097
1146.0,1.0,3.0,1097
1147.0,1.0,3.0,1097
1148.0,1.0,3.0,1097
1149.0,1.0,3.0,1097
1150.0,1.0,3.0,1097
1151.0,1.0,3.0,1097
1152.0,1.0,3.0,1097
1153.0,1.0,3.0,1097
1154.0,1.0,3.0,1097
1155.0,1.0,3.0,1097
1156.0,1.0,3.0,1097
1157.0,1.0,3.0,1097
1158.0,1.0,3.0,1097
1159.0,1.0,3.0,1097
1160.0,1.0,3.0,1097
1161.0,1.0,3.0,1097
1162.0,1.0,3.0,1097
1163.0,1.0,3.0,1097
1164.0,1.0,3.0,1097
1165.0,1.0,3.0,1096
