Timestamp: 24-Oct-2014 12:31:38
MaxDeathAge: 100
MaxInitialSugar: 25
MaxMetabolism: 3
MaxVision: 6
MinDeathAge: 60
MinInitialSugar: 5
NumAgents: 2250
Replacement: true


"tick","Avg. Metabolism","Avg. Vision","AgentCount"
1.0,1.0,3.0,2250
2.0,1.0,3.0,2250
3.0,1.0,3.0,2241
4.0,1.0,3.0,2202
5.0,1.0,3.0,2120
6.0,1.0,3.0,2026
7.0,1.0,3.0,1927
8.0,1.0,3.0,1821
9.0,1.0,3.0,1729
10.0,1.0,3.0,1632
11.0,1.0,3.0,1526
12.0,1.0,3.0,1443
13.0,1.0,3.0,1373
14.0,1.0,3.0,1317
15.0,1.0,3.0,1261
16.0,1.0,3.0,1227
17.0,1.0,3.0,1200
18.0,1.0,3.0,1166
19.0,1.0,3.0,1141
20.0,1.0,3.0,1111
21.0,1.0,3.0,1096
22.0,1.0,3.0,1075
23.0,1.0,3.0,1059
24.0,1.0,3.0,1042
25.0,1.0,3.0,1023
26.0,1.0,3.0,1018
27.0,1.0,3.0,1008
28.0,1.0,3.0,995
29.0,1.0,3.0,984
30.0,1.0,3.0,970
31.0,1.0,3.0,958
32.0,1.0,3.0,954
33.0,1.0,3.0,946
34.0,1.0,3.0,939
35.0,1.0,3.0,932
36.0,1.0,3.0,927
37.0,1.0,3.0,923
38.0,1.0,3.0,917
39.0,1.0,3.0,907
40.0,1.0,3.0,894
41.0,1.0,3.0,889
42.0,1.0,3.0,885
43.0,1.0,3.0,881
44.0,1.0,3.0,877
45.0,1.0,3.0,874
46.0,1.0,3.0,866
47.0,1.0,3.0,860
48.0,1.0,3.0,857
49.0,1.0,3.0,849
50.0,1.0,3.0,848
51.0,1.0,3.0,848
52.0,1.0,3.0,844
53.0,1.0,3.0,842
54.0,1.0,3.0,841
55.0,1.0,3.0,839
56.0,1.0,3.0,838
57.0,1.0,3.0,838
58.0,1.0,3.0,837
59.0,1.0,3.0,837
60.0,1.0,3.0,835
61.0,1.0,3.0,834
62.0,1.0,3.0,829
63.0,1.0,3.0,827
64.0,1.0,3.0,826
65.0,1.0,3.0,826
66.0,1.0,3.0,825
67.0,1.0,3.0,825
68.0,1.0,3.0,825
69.0,1.0,3.0,822
70.0,1.0,3.0,822
71.0,1.0,3.0,822
72.0,1.0,3.0,821
73.0,1.0,3.0,821
74.0,1.0,3.0,820
75.0,1.0,3.0,820
76.0,1.0,3.0,820
77.0,1.0,3.0,819
78.0,1.0,3.0,817
79.0,1.0,3.0,817
80.0,1.0,3.0,817
81.0,1.0,3.0,817
82.0,1.0,3.0,817
83.0,1.0,3.0,817
84.0,1.0,3.0,817
85.0,1.0,3.0,816
86.0,1.0,3.0,814
87.0,1.0,3.0,814
88.0,1.0,3.0,813
89.0,1.0,3.0,811
90.0,1.0,3.0,811
91.0,1.0,3.0,811
92.0,1.0,3.0,811
93.0,1.0,3.0,811
94.0,1.0,3.0,810
95.0,1.0,3.0,810
96.0,1.0,3.0,810
97.0,1.0,3.0,810
98.0,1.0,3.0,810
99.0,1.0,3.0,810
100.0,1.0,3.0,810
101.0,1.0,3.0,810
102.0,1.0,3.0,810
103.0,1.0,3.0,810
104.0,1.0,3.0,810
105.0,1.0,3.0,810
106.0,1.0,3.0,810
107.0,1.0,3.0,810
108.0,1.0,3.0,810
109.0,1.0,3.0,810
110.0,1.0,3.0,810
111.0,1.0,3.0,810
112.0,1.0,3.0,809
113.0,1.0,3.0,809
114.0,1.0,3.0,809
115.0,1.0,3.0,809
116.0,1.0,3.0,809
117.0,1.0,3.0,809
118.0,1.0,3.0,809
119.0,1.0,3.0,809
120.0,1.0,3.0,809
121.0,1.0,3.0,809
122.0,1.0,3.0,809
123.0,1.0,3.0,809
124.0,1.0,3.0,809
125.0,1.0,3.0,809
126.0,1.0,3.0,809
127.0,1.0,3.0,809
128.0,1.0,3.0,809
129.0,1.0,3.0,809
130.0,1.0,3.0,809
131.0,1.0,3.0,809
132.0,1.0,3.0,808
133.0,1.0,3.0,808
134.0,1.0,3.0,807
135.0,1.0,3.0,807
136.0,1.0,3.0,807
137.0,1.0,3.0,807
138.0,1.0,3.0,807
139.0,1.0,3.0,807
140.0,1.0,3.0,807
141.0,1.0,3.0,806
142.0,1.0,3.0,805
143.0,1.0,3.0,805
144.0,1.0,3.0,805
145.0,1.0,3.0,805
146.0,1.0,3.0,805
147.0,1.0,3.0,804
148.0,1.0,3.0,804
149.0,1.0,3.0,804
150.0,1.0,3.0,804
151.0,1.0,3.0,804
152.0,1.0,3.0,804
153.0,1.0,3.0,804
154.0,1.0,3.0,804
155.0,1.0,3.0,804
156.0,1.0,3.0,803
157.0,1.0,3.0,802
158.0,1.0,3.0,802
159.0,1.0,3.0,802
160.0,1.0,3.0,801
161.0,1.0,3.0,801
162.0,1.0,3.0,801
163.0,1.0,3.0,800
164.0,1.0,3.0,800
165.0,1.0,3.0,800
166.0,1.0,3.0,800
167.0,1.0,3.0,799
168.0,1.0,3.0,799
169.0,1.0,3.0,799
170.0,1.0,3.0,799
171.0,1.0,3.0,799
172.0,1.0,3.0,799
173.0,1.0,3.0,799
174.0,1.0,3.0,799
175.0,1.0,3.0,798
176.0,1.0,3.0,797
177.0,1.0,3.0,797
178.0,1.0,3.0,797
179.0,1.0,3.0,797
180.0,1.0,3.0,797
181.0,1.0,3.0,797
182.0,1.0,3.0,797
183.0,1.0,3.0,797
184.0,1.0,3.0,796
185.0,1.0,3.0,796
186.0,1.0,3.0,796
187.0,1.0,3.0,795
188.0,1.0,3.0,795
189.0,1.0,3.0,795
190.0,1.0,3.0,795
191.0,1.0,3.0,794
192.0,1.0,3.0,794
193.0,1.0,3.0,793
194.0,1.0,3.0,793
195.0,1.0,3.0,793
196.0,1.0,3.0,793
197.0,1.0,3.0,793
198.0,1.0,3.0,793
199.0,1.0,3.0,793
200.0,1.0,3.0,793
201.0,1.0,3.0,793
202.0,1.0,3.0,793
203.0,1.0,3.0,793
204.0,1.0,3.0,793
205.0,1.0,3.0,793
206.0,1.0,3.0,793
207.0,1.0,3.0,793
208.0,1.0,3.0,793
209.0,1.0,3.0,793
210.0,1.0,3.0,793
211.0,1.0,3.0,793
212.0,1.0,3.0,793
213.0,1.0,3.0,793
214.0,1.0,3.0,793
215.0,1.0,3.0,793
216.0,1.0,3.0,793
217.0,1.0,3.0,792
218.0,1.0,3.0,792
219.0,1.0,3.0,792
220.0,1.0,3.0,792
221.0,1.0,3.0,792
222.0,1.0,3.0,792
223.0,1.0,3.0,792
224.0,1.0,3.0,791
225.0,1.0,3.0,791
226.0,1.0,3.0,790
227.0,1.0,3.0,790
228.0,1.0,3.0,790
229.0,1.0,3.0,790
230.0,1.0,3.0,790
231.0,1.0,3.0,790
232.0,1.0,3.0,790
233.0,1.0,3.0,790
234.0,1.0,3.0,790
235.0,1.0,3.0,789
236.0,1.0,3.0,789
237.0,1.0,3.0,789
238.0,1.0,3.0,789
239.0,1.0,3.0,789
240.0,1.0,3.0,789
241.0,1.0,3.0,789
242.0,1.0,3.0,789
243.0,1.0,3.0,789
244.0,1.0,3.0,789
245.0,1.0,3.0,789
246.0,1.0,3.0,789
247.0,1.0,3.0,789
248.0,1.0,3.0,789
249.0,1.0,3.0,789
250.0,1.0,3.0,789
251.0,1.0,3.0,789
252.0,1.0,3.0,789
253.0,1.0,3.0,788
254.0,1.0,3.0,788
255.0,1.0,3.0,788
256.0,1.0,3.0,788
257.0,1.0,3.0,788
258.0,1.0,3.0,788
259.0,1.0,3.0,788
260.0,1.0,3.0,788
261.0,1.0,3.0,788
262.0,1.0,3.0,788
263.0,1.0,3.0,788
264.0,1.0,3.0,788
265.0,1.0,3.0,788
266.0,1.0,3.0,788
267.0,1.0,3.0,788
268.0,1.0,3.0,788
269.0,1.0,3.0,788
270.0,1.0,3.0,788
271.0,1.0,3.0,788
272.0,1.0,3.0,788
273.0,1.0,3.0,788
274.0,1.0,3.0,788
275.0,1.0,3.0,788
276.0,1.0,3.0,788
277.0,1.0,3.0,787
278.0,1.0,3.0,787
279.0,1.0,3.0,787
280.0,1.0,3.0,787
281.0,1.0,3.0,786
282.0,1.0,3.0,786
283.0,1.0,3.0,786
284.0,1.0,3.0,786
285.0,1.0,3.0,786
286.0,1.0,3.0,786
287.0,1.0,3.0,786
288.0,1.0,3.0,786
289.0,1.0,3.0,786
290.0,1.0,3.0,786
291.0,1.0,3.0,786
292.0,1.0,3.0,786
293.0,1.0,3.0,786
294.0,1.0,3.0,786
295.0,1.0,3.0,786
296.0,1.0,3.0,786
297.0,1.0,3.0,786
298.0,1.0,3.0,786
299.0,1.0,3.0,786
300.0,1.0,3.0,786
301.0,1.0,3.0,786
302.0,1.0,3.0,786
303.0,1.0,3.0,786
304.0,1.0,3.0,786
305.0,1.0,3.0,786
306.0,1.0,3.0,786
307.0,1.0,3.0,786
308.0,1.0,3.0,786
309.0,1.0,3.0,786
310.0,1.0,3.0,786
311.0,1.0,3.0,786
312.0,1.0,3.0,786
313.0,1.0,3.0,786
314.0,1.0,3.0,786
315.0,1.0,3.0,786
316.0,1.0,3.0,786
317.0,1.0,3.0,786
318.0,1.0,3.0,786
319.0,1.0,3.0,786
320.0,1.0,3.0,786
321.0,1.0,3.0,786
322.0,1.0,3.0,786
323.0,1.0,3.0,785
324.0,1.0,3.0,785
325.0,1.0,3.0,785
326.0,1.0,3.0,785
327.0,1.0,3.0,785
328.0,1.0,3.0,785
329.0,1.0,3.0,785
330.0,1.0,3.0,785
331.0,1.0,3.0,785
332.0,1.0,3.0,785
333.0,1.0,3.0,785
334.0,1.0,3.0,785
335.0,1.0,3.0,785
336.0,1.0,3.0,785
337.0,1.0,3.0,784
338.0,1.0,3.0,784
339.0,1.0,3.0,784
340.0,1.0,3.0,784
341.0,1.0,3.0,784
342.0,1.0,3.0,784
343.0,1.0,3.0,784
344.0,1.0,3.0,784
345.0,1.0,3.0,784
346.0,1.0,3.0,784
347.0,1.0,3.0,784
348.0,1.0,3.0,784
349.0,1.0,3.0,784
350.0,1.0,3.0,784
351.0,1.0,3.0,784
352.0,1.0,3.0,784
353.0,1.0,3.0,784
354.0,1.0,3.0,784
355.0,1.0,3.0,784
356.0,1.0,3.0,784
357.0,1.0,3.0,784
358.0,1.0,3.0,784
359.0,1.0,3.0,784
360.0,1.0,3.0,784
361.0,1.0,3.0,784
362.0,1.0,3.0,784
363.0,1.0,3.0,784
364.0,1.0,3.0,784
365.0,1.0,3.0,784
366.0,1.0,3.0,783
367.0,1.0,3.0,783
368.0,1.0,3.0,783
369.0,1.0,3.0,783
370.0,1.0,3.0,783
371.0,1.0,3.0,783
372.0,1.0,3.0,783
373.0,1.0,3.0,783
374.0,1.0,3.0,783
375.0,1.0,3.0,783
376.0,1.0,3.0,783
377.0,1.0,3.0,783
378.0,1.0,3.0,783
379.0,1.0,3.0,783
380.0,1.0,3.0,783
381.0,1.0,3.0,783
382.0,1.0,3.0,783
383.0,1.0,3.0,783
384.0,1.0,3.0,783
385.0,1.0,3.0,783
386.0,1.0,3.0,783
387.0,1.0,3.0,783
388.0,1.0,3.0,783
389.0,1.0,3.0,783
390.0,1.0,3.0,783
391.0,1.0,3.0,783
392.0,1.0,3.0,783
393.0,1.0,3.0,783
394.0,1.0,3.0,783
395.0,1.0,3.0,783
396.0,1.0,3.0,783
397.0,1.0,3.0,783
398.0,1.0,3.0,783
399.0,1.0,3.0,783
400.0,1.0,3.0,783
401.0,1.0,3.0,783
402.0,1.0,3.0,783
403.0,1.0,3.0,783
404.0,1.0,3.0,783
405.0,1.0,3.0,783
406.0,1.0,3.0,783
407.0,1.0,3.0,783
408.0,1.0,3.0,783
409.0,1.0,3.0,783
410.0,1.0,3.0,783
411.0,1.0,3.0,783
412.0,1.0,3.0,783
413.0,1.0,3.0,783
414.0,1.0,3.0,783
415.0,1.0,3.0,783
416.0,1.0,3.0,783
417.0,1.0,3.0,783
418.0,1.0,3.0,783
419.0,1.0,3.0,783
420.0,1.0,3.0,783
421.0,1.0,3.0,783
422.0,1.0,3.0,783
423.0,1.0,3.0,783
424.0,1.0,3.0,783
425.0,1.0,3.0,783
426.0,1.0,3.0,783
427.0,1.0,3.0,783
428.0,1.0,3.0,783
429.0,1.0,3.0,783
430.0,1.0,3.0,783
431.0,1.0,3.0,783
432.0,1.0,3.0,783
433.0,1.0,3.0,783
434.0,1.0,3.0,783
435.0,1.0,3.0,783
436.0,1.0,3.0,783
437.0,1.0,3.0,783
438.0,1.0,3.0,783
439.0,1.0,3.0,783
440.0,1.0,3.0,783
441.0,1.0,3.0,783
442.0,1.0,3.0,783
443.0,1.0,3.0,783
444.0,1.0,3.0,783
445.0,1.0,3.0,783
446.0,1.0,3.0,783
447.0,1.0,3.0,783
448.0,1.0,3.0,783
449.0,1.0,3.0,783
450.0,1.0,3.0,783
451.0,1.0,3.0,782
452.0,1.0,3.0,782
453.0,1.0,3.0,782
454.0,1.0,3.0,782
455.0,1.0,3.0,782
456.0,1.0,3.0,781
457.0,1.0,3.0,781
458.0,1.0,3.0,781
459.0,1.0,3.0,781
460.0,1.0,3.0,781
461.0,1.0,3.0,781
462.0,1.0,3.0,781
463.0,1.0,3.0,781
464.0,1.0,3.0,781
465.0,1.0,3.0,781
466.0,1.0,3.0,781
467.0,1.0,3.0,781
468.0,1.0,3.0,781
469.0,1.0,3.0,781
470.0,1.0,3.0,781
471.0,1.0,3.0,781
472.0,1.0,3.0,781
473.0,1.0,3.0,781
474.0,1.0,3.0,781
475.0,1.0,3.0,781
476.0,1.0,3.0,781
477.0,1.0,3.0,781
478.0,1.0,3.0,781
479.0,1.0,3.0,781
480.0,1.0,3.0,781
481.0,1.0,3.0,781
482.0,1.0,3.0,781
483.0,1.0,3.0,781
484.0,1.0,3.0,781
485.0,1.0,3.0,781
486.0,1.0,3.0,781
487.0,1.0,3.0,781
488.0,1.0,3.0,781
489.0,1.0,3.0,781
490.0,1.0,3.0,781
491.0,1.0,3.0,780
492.0,1.0,3.0,780
493.0,1.0,3.0,780
494.0,1.0,3.0,780
495.0,1.0,3.0,780
496.0,1.0,3.0,780
497.0,1.0,3.0,780
498.0,1.0,3.0,780
499.0,1.0,3.0,780
500.0,1.0,3.0,780
501.0,1.0,3.0,780
502.0,1.0,3.0,780
503.0,1.0,3.0,780
504.0,1.0,3.0,780
505.0,1.0,3.0,780
506.0,1.0,3.0,780
507.0,1.0,3.0,780
508.0,1.0,3.0,780
509.0,1.0,3.0,780
510.0,1.0,3.0,780
511.0,1.0,3.0,780
512.0,1.0,3.0,780
513.0,1.0,3.0,780
514.0,1.0,3.0,780
515.0,1.0,3.0,780
516.0,1.0,3.0,780
517.0,1.0,3.0,780
518.0,1.0,3.0,780
519.0,1.0,3.0,780
520.0,1.0,3.0,780
521.0,1.0,3.0,780
522.0,1.0,3.0,780
523.0,1.0,3.0,780
524.0,1.0,3.0,780
525.0,1.0,3.0,780
526.0,1.0,3.0,780
527.0,1.0,3.0,780
528.0,1.0,3.0,780
529.0,1.0,3.0,780
530.0,1.0,3.0,780
531.0,1.0,3.0,780
532.0,1.0,3.0,780
533.0,1.0,3.0,780
534.0,1.0,3.0,780
535.0,1.0,3.0,780
536.0,1.0,3.0,780
537.0,1.0,3.0,780
538.0,1.0,3.0,780
539.0,1.0,3.0,780
540.0,1.0,3.0,780
541.0,1.0,3.0,779
542.0,1.0,3.0,779
543.0,1.0,3.0,779
544.0,1.0,3.0,779
545.0,1.0,3.0,779
546.0,1.0,3.0,779
547.0,1.0,3.0,779
548.0,1.0,3.0,779
549.0,1.0,3.0,779
550.0,1.0,3.0,779
551.0,1.0,3.0,779
552.0,1.0,3.0,779
553.0,1.0,3.0,779
554.0,1.0,3.0,779
555.0,1.0,3.0,779
556.0,1.0,3.0,779
557.0,1.0,3.0,779
558.0,1.0,3.0,779
559.0,1.0,3.0,779
560.0,1.0,3.0,779
561.0,1.0,3.0,779
562.0,1.0,3.0,779
563.0,1.0,3.0,779
564.0,1.0,3.0,779
565.0,1.0,3.0,779
566.0,1.0,3.0,779
567.0,1.0,3.0,779
568.0,1.0,3.0,779
569.0,1.0,3.0,779
570.0,1.0,3.0,779
571.0,1.0,3.0,779
572.0,1.0,3.0,779
573.0,1.0,3.0,779
574.0,1.0,3.0,779
575.0,1.0,3.0,779
576.0,1.0,3.0,779
577.0,1.0,3.0,779
578.0,1.0,3.0,779
579.0,1.0,3.0,779
580.0,1.0,3.0,779
581.0,1.0,3.0,778
582.0,1.0,3.0,778
583.0,1.0,3.0,778
584.0,1.0,3.0,778
585.0,1.0,3.0,778
586.0,1.0,3.0,778
587.0,1.0,3.0,778
588.0,1.0,3.0,778
589.0,1.0,3.0,778
590.0,1.0,3.0,778
591.0,1.0,3.0,778
592.0,1.0,3.0,778
593.0,1.0,3.0,778
594.0,1.0,3.0,778
595.0,1.0,3.0,778
596.0,1.0,3.0,778
597.0,1.0,3.0,778
598.0,1.0,3.0,778
599.0,1.0,3.0,778
600.0,1.0,3.0,778
601.0,1.0,3.0,778
602.0,1.0,3.0,778
603.0,1.0,3.0,778
604.0,1.0,3.0,778
605.0,1.0,3.0,778
606.0,1.0,3.0,778
607.0,1.0,3.0,778
608.0,1.0,3.0,778
609.0,1.0,3.0,778
610.0,1.0,3.0,778
611.0,1.0,3.0,778
612.0,1.0,3.0,778
613.0,1.0,3.0,778
614.0,1.0,3.0,778
615.0,1.0,3.0,777
616.0,1.0,3.0,777
617.0,1.0,3.0,777
618.0,1.0,3.0,777
619.0,1.0,3.0,777
620.0,1.0,3.0,777
621.0,1.0,3.0,777
622.0,1.0,3.0,777
623.0,1.0,3.0,777
624.0,1.0,3.0,777
625.0,1.0,3.0,777
626.0,1.0,3.0,777
627.0,1.0,3.0,777
628.0,1.0,3.0,777
629.0,1.0,3.0,777
630.0,1.0,3.0,777
631.0,1.0,3.0,777
632.0,1.0,3.0,777
633.0,1.0,3.0,777
634.0,1.0,3.0,777
635.0,1.0,3.0,777
636.0,1.0,3.0,777
637.0,1.0,3.0,777
638.0,1.0,3.0,777
639.0,1.0,3.0,777
640.0,1.0,3.0,777
641.0,1.0,3.0,777
642.0,1.0,3.0,777
643.0,1.0,3.0,777
644.0,1.0,3.0,777
645.0,1.0,3.0,777
646.0,1.0,3.0,777
647.0,1.0,3.0,777
648.0,1.0,3.0,777
649.0,1.0,3.0,777
650.0,1.0,3.0,777
651.0,1.0,3.0,777
652.0,1.0,3.0,777
653.0,1.0,3.0,777
654.0,1.0,3.0,777
655.0,1.0,3.0,777
656.0,1.0,3.0,777
657.0,1.0,3.0,777
658.0,1.0,3.0,777
659.0,1.0,3.0,777
660.0,1.0,3.0,777
661.0,1.0,3.0,777
662.0,1.0,3.0,777
663.0,1.0,3.0,777
664.0,1.0,3.0,777
665.0,1.0,3.0,777
666.0,1.0,3.0,777
667.0,1.0,3.0,777
668.0,1.0,3.0,777
669.0,1.0,3.0,777
670.0,1.0,3.0,777
671.0,1.0,3.0,777
672.0,1.0,3.0,777
673.0,1.0,3.0,777
674.0,1.0,3.0,777
675.0,1.0,3.0,777
676.0,1.0,3.0,777
677.0,1.0,3.0,777
678.0,1.0,3.0,777
679.0,1.0,3.0,777
680.0,1.0,3.0,777
681.0,1.0,3.0,777
682.0,1.0,3.0,777
683.0,1.0,3.0,777
684.0,1.0,3.0,777
685.0,1.0,3.0,777
686.0,1.0,3.0,777
687.0,1.0,3.0,777
688.0,1.0,3.0,777
689.0,1.0,3.0,777
690.0,1.0,3.0,777
691.0,1.0,3.0,777
692.0,1.0,3.0,777
693.0,1.0,3.0,777
694.0,1.0,3.0,777
695.0,1.0,3.0,777
696.0,1.0,3.0,777
697.0,1.0,3.0,777
698.0,1.0,3.0,777
699.0,1.0,3.0,777
700.0,1.0,3.0,777
701.0,1.0,3.0,777
702.0,1.0,3.0,777
703.0,1.0,3.0,777
704.0,1.0,3.0,776
705.0,1.0,3.0,776
706.0,1.0,3.0,776
707.0,1.0,3.0,776
708.0,1.0,3.0,776
709.0,1.0,3.0,776
710.0,1.0,3.0,776
711.0,1.0,3.0,776
712.0,1.0,3.0,776
713.0,1.0,3.0,776
714.0,1.0,3.0,776
715.0,1.0,3.0,776
716.0,1.0,3.0,776
717.0,1.0,3.0,776
718.0,1.0,3.0,776
719.0,1.0,3.0,776
720.0,1.0,3.0,776
721.0,1.0,3.0,776
722.0,1.0,3.0,776
723.0,1.0,3.0,776
724.0,1.0,3.0,776
725.0,1.0,3.0,776
726.0,1.0,3.0,776
727.0,1.0,3.0,776
728.0,1.0,3.0,776
729.0,1.0,3.0,776
730.0,1.0,3.0,776
731.0,1.0,3.0,776
732.0,1.0,3.0,776
733.0,1.0,3.0,776
734.0,1.0,3.0,776
735.0,1.0,3.0,776
736.0,1.0,3.0,776
737.0,1.0,3.0,776
738.0,1.0,3.0,776
739.0,1.0,3.0,776
740.0,1.0,3.0,776
741.0,1.0,3.0,776
742.0,1.0,3.0,776
743.0,1.0,3.0,776
744.0,1.0,3.0,776
745.0,1.0,3.0,776
746.0,1.0,3.0,776
747.0,1.0,3.0,776
748.0,1.0,3.0,776
749.0,1.0,3.0,776
750.0,1.0,3.0,776
751.0,1.0,3.0,776
752.0,1.0,3.0,776
753.0,1.0,3.0,776
754.0,1.0,3.0,776
755.0,1.0,3.0,776
756.0,1.0,3.0,776
757.0,1.0,3.0,776
758.0,1.0,3.0,776
759.0,1.0,3.0,776
760.0,1.0,3.0,776
761.0,1.0,3.0,776
762.0,1.0,3.0,776
763.0,1.0,3.0,776
764.0,1.0,3.0,776
765.0,1.0,3.0,776
766.0,1.0,3.0,776
767.0,1.0,3.0,776
768.0,1.0,3.0,776
769.0,1.0,3.0,776
770.0,1.0,3.0,776
771.0,1.0,3.0,776
772.0,1.0,3.0,776
773.0,1.0,3.0,776
774.0,1.0,3.0,776
775.0,1.0,3.0,776
776.0,1.0,3.0,776
777.0,1.0,3.0,776
778.0,1.0,3.0,776
779.0,1.0,3.0,776
780.0,1.0,3.0,776
781.0,1.0,3.0,776
782.0,1.0,3.0,776
783.0,1.0,3.0,776
784.0,1.0,3.0,776
785.0,1.0,3.0,776
786.0,1.0,3.0,776
787.0,1.0,3.0,776
788.0,1.0,3.0,776
789.0,1.0,3.0,776
790.0,1.0,3.0,776
791.0,1.0,3.0,776
792.0,1.0,3.0,776
793.0,1.0,3.0,776
794.0,1.0,3.0,776
795.0,1.0,3.0,776
796.0,1.0,3.0,776
797.0,1.0,3.0,776
798.0,1.0,3.0,776
799.0,1.0,3.0,776
800.0,1.0,3.0,776
801.0,1.0,3.0,776
802.0,1.0,3.0,776
803.0,1.0,3.0,776
804.0,1.0,3.0,776
805.0,1.0,3.0,776
806.0,1.0,3.0,776
807.0,1.0,3.0,776
808.0,1.0,3.0,776
809.0,1.0,3.0,776
810.0,1.0,3.0,776
811.0,1.0,3.0,776
812.0,1.0,3.0,776
813.0,1.0,3.0,776
814.0,1.0,3.0,776
815.0,1.0,3.0,776
816.0,1.0,3.0,776
817.0,1.0,3.0,776
818.0,1.0,3.0,775
819.0,1.0,3.0,775
820.0,1.0,3.0,775
821.0,1.0,3.0,775
822.0,1.0,3.0,775
823.0,1.0,3.0,775
824.0,1.0,3.0,775
825.0,1.0,3.0,775
826.0,1.0,3.0,775
827.0,1.0,3.0,775
828.0,1.0,3.0,775
829.0,1.0,3.0,775
830.0,1.0,3.0,775
831.0,1.0,3.0,775
832.0,1.0,3.0,775
833.0,1.0,3.0,775
834.0,1.0,3.0,775
835.0,1.0,3.0,775
836.0,1.0,3.0,775
837.0,1.0,3.0,775
838.0,1.0,3.0,775
839.0,1.0,3.0,775
840.0,1.0,3.0,775
841.0,1.0,3.0,775
842.0,1.0,3.0,775
843.0,1.0,3.0,775
844.0,1.0,3.0,775
845.0,1.0,3.0,775
846.0,1.0,3.0,775
847.0,1.0,3.0,775
848.0,1.0,3.0,775
849.0,1.0,3.0,775
850.0,1.0,3.0,775
851.0,1.0,3.0,775
852.0,1.0,3.0,775
853.0,1.0,3.0,775
854.0,1.0,3.0,775
855.0,1.0,3.0,775
856.0,1.0,3.0,775
857.0,1.0,3.0,775
858.0,1.0,3.0,775
859.0,1.0,3.0,775
860.0,1.0,3.0,775
861.0,1.0,3.0,775
862.0,1.0,3.0,775
863.0,1.0,3.0,775
864.0,1.0,3.0,775
865.0,1.0,3.0,775
866.0,1.0,3.0,775
867.0,1.0,3.0,775
868.0,1.0,3.0,775
869.0,1.0,3.0,775
870.0,1.0,3.0,775
871.0,1.0,3.0,775
872.0,1.0,3.0,775
873.0,1.0,3.0,775
874.0,1.0,3.0,775
875.0,1.0,3.0,775
876.0,1.0,3.0,775
877.0,1.0,3.0,775
878.0,1.0,3.0,775
879.0,1.0,3.0,775
880.0,1.0,3.0,775
881.0,1.0,3.0,775
882.0,1.0,3.0,775
883.0,1.0,3.0,774
884.0,1.0,3.0,774
885.0,1.0,3.0,774
886.0,1.0,3.0,774
887.0,1.0,3.0,774
888.0,1.0,3.0,774
889.0,1.0,3.0,774
890.0,1.0,3.0,774
891.0,1.0,3.0,774
892.0,1.0,3.0,774
893.0,1.0,3.0,774
894.0,1.0,3.0,774
895.0,1.0,3.0,774
896.0,1.0,3.0,774
897.0,1.0,3.0,774
898.0,1.0,3.0,774
899.0,1.0,3.0,774
900.0,1.0,3.0,774
901.0,1.0,3.0,774
902.0,1.0,3.0,774
903.0,1.0,3.0,774
904.0,1.0,3.0,774
905.0,1.0,3.0,774
906.0,1.0,3.0,774
907.0,1.0,3.0,774
908.0,1.0,3.0,774
909.0,1.0,3.0,774
910.0,1.0,3.0,774
911.0,1.0,3.0,774
912.0,1.0,3.0,774
913.0,1.0,3.0,774
914.0,1.0,3.0,774
915.0,1.0,3.0,774
916.0,1.0,3.0,774
917.0,1.0,3.0,774
918.0,1.0,3.0,774
919.0,1.0,3.0,774
920.0,1.0,3.0,774
921.0,1.0,3.0,774
922.0,1.0,3.0,774
923.0,1.0,3.0,774
924.0,1.0,3.0,774
925.0,1.0,3.0,774
926.0,1.0,3.0,774
927.0,1.0,3.0,774
928.0,1.0,3.0,774
929.0,1.0,3.0,774
930.0,1.0,3.0,774
931.0,1.0,3.0,774
932.0,1.0,3.0,774
933.0,1.0,3.0,774
934.0,1.0,3.0,774
935.0,1.0,3.0,774
936.0,1.0,3.0,774
937.0,1.0,3.0,774
938.0,1.0,3.0,774
939.0,1.0,3.0,774
940.0,1.0,3.0,774
941.0,1.0,3.0,774
942.0,1.0,3.0,774
943.0,1.0,3.0,774
944.0,1.0,3.0,774
945.0,1.0,3.0,774
946.0,1.0,3.0,774
947.0,1.0,3.0,774
948.0,1.0,3.0,774
949.0,1.0,3.0,774
950.0,1.0,3.0,774
951.0,1.0,3.0,774
952.0,1.0,3.0,774
953.0,1.0,3.0,774
954.0,1.0,3.0,774
955.0,1.0,3.0,774
956.0,1.0,3.0,774
957.0,1.0,3.0,774
958.0,1.0,3.0,774
959.0,1.0,3.0,774
960.0,1.0,3.0,774
961.0,1.0,3.0,774
962.0,1.0,3.0,774
963.0,1.0,3.0,774
964.0,1.0,3.0,774
965.0,1.0,3.0,774
966.0,1.0,3.0,774
967.0,1.0,3.0,774
968.0,1.0,3.0,774
969.0,1.0,3.0,774
970.0,1.0,3.0,774
971.0,1.0,3.0,774
972.0,1.0,3.0,774
973.0,1.0,3.0,774
974.0,1.0,3.0,774
975.0,1.0,3.0,774
976.0,1.0,3.0,774
977.0,1.0,3.0,774
978.0,1.0,3.0,774
979.0,1.0,3.0,774
980.0,1.0,3.0,774
981.0,1.0,3.0,774
982.0,1.0,3.0,774
983.0,1.0,3.0,774
984.0,1.0,3.0,774
985.0,1.0,3.0,774
986.0,1.0,3.0,774
987.0,1.0,3.0,774
988.0,1.0,3.0,774
989.0,1.0,3.0,774
990.0,1.0,3.0,774
991.0,1.0,3.0,774
992.0,1.0,3.0,774
993.0,1.0,3.0,774
994.0,1.0,3.0,774
995.0,1.0,3.0,774
996.0,1.0,3.0,774
997.0,1.0,3.0,774
998.0,1.0,3.0,774
999.0,1.0,3.0,774
1000.0,1.0,3.0,774
1001.0,1.0,3.0,774
1002.0,1.0,3.0,774
1003.0,1.0,3.0,774
1004.0,1.0,3.0,774
1005.0,1.0,3.0,774
1006.0,1.0,3.0,774
1007.0,1.0,3.0,774
1008.0,1.0,3.0,774
1009.0,1.0,3.0,774
1010.0,1.0,3.0,774
1011.0,1.0,3.0,774
1012.0,1.0,3.0,774
1013.0,1.0,3.0,774
1014.0,1.0,3.0,774
1015.0,1.0,3.0,774
1016.0,1.0,3.0,774
1017.0,1.0,3.0,774
1018.0,1.0,3.0,774
1019.0,1.0,3.0,774
1020.0,1.0,3.0,774
1021.0,1.0,3.0,774
1022.0,1.0,3.0,774
1023.0,1.0,3.0,774
1024.0,1.0,3.0,774
1025.0,1.0,3.0,774
1026.0,1.0,3.0,774
1027.0,1.0,3.0,774
1028.0,1.0,3.0,774
1029.0,1.0,3.0,774
1030.0,1.0,3.0,774
1031.0,1.0,3.0,774
1032.0,1.0,3.0,774
1033.0,1.0,3.0,774
1034.0,1.0,3.0,774
1035.0,1.0,3.0,774
1036.0,1.0,3.0,774
1037.0,1.0,3.0,774
1038.0,1.0,3.0,774
1039.0,1.0,3.0,774
1040.0,1.0,3.0,774
1041.0,1.0,3.0,774
1042.0,1.0,3.0,774
1043.0,1.0,3.0,774
1044.0,1.0,3.0,774
1045.0,1.0,3.0,774
1046.0,1.0,3.0,774
1047.0,1.0,3.0,774
1048.0,1.0,3.0,774
1049.0,1.0,3.0,774
1050.0,1.0,3.0,774
1051.0,1.0,3.0,774
1052.0,1.0,3.0,774
1053.0,1.0,3.0,774
1054.0,1.0,3.0,774
1055.0,1.0,3.0,774
1056.0,1.0,3.0,774
1057.0,1.0,3.0,774
1058.0,1.0,3.0,774
1059.0,1.0,3.0,774
1060.0,1.0,3.0,774
1061.0,1.0,3.0,774
1062.0,1.0,3.0,774
1063.0,1.0,3.0,774
1064.0,1.0,3.0,774
1065.0,1.0,3.0,774
1066.0,1.0,3.0,774
1067.0,1.0,3.0,774
1068.0,1.0,3.0,774
1069.0,1.0,3.0,774
1070.0,1.0,3.0,774
1071.0,1.0,3.0,774
1072.0,1.0,3.0,774
1073.0,1.0,3.0,774
1074.0,1.0,3.0,774
1075.0,1.0,3.0,774
1076.0,1.0,3.0,774
1077.0,1.0,3.0,774
1078.0,1.0,3.0,774
1079.0,1.0,3.0,774
1080.0,1.0,3.0,774
1081.0,1.0,3.0,774
1082.0,1.0,3.0,774
1083.0,1.0,3.0,774
1084.0,1.0,3.0,774
1085.0,1.0,3.0,774
1086.0,1.0,3.0,774
1087.0,1.0,3.0,774
1088.0,1.0,3.0,774
1089.0,1.0,3.0,774
1090.0,1.0,3.0,774
1091.0,1.0,3.0,774
1092.0,1.0,3.0,774
1093.0,1.0,3.0,774
1094.0,1.0,3.0,774
1095.0,1.0,3.0,774
1096.0,1.0,3.0,774
1097.0,1.0,3.0,774
1098.0,1.0,3.0,774
1099.0,1.0,3.0,774
1100.0,1.0,3.0,774
1101.0,1.0,3.0,774
1102.0,1.0,3.0,774
1103.0,1.0,3.0,774
1104.0,1.0,3.0,774
1105.0,1.0,3.0,774
1106.0,1.0,3.0,774
1107.0,1.0,3.0,774
1108.0,1.0,3.0,774
1109.0,1.0,3.0,774
1110.0,1.0,3.0,774
1111.0,1.0,3.0,774
1112.0,1.0,3.0,774
1113.0,1.0,3.0,774
1114.0,1.0,3.0,774
1115.0,1.0,3.0,774
1116.0,1.0,3.0,774
1117.0,1.0,3.0,774
1118.0,1.0,3.0,774
1119.0,1.0,3.0,774
1120.0,1.0,3.0,774
1121.0,1.0,3.0,774
1122.0,1.0,3.0,774
1123.0,1.0,3.0,774
1124.0,1.0,3.0,774
1125.0,1.0,3.0,774
1126.0,1.0,3.0,774
1127.0,1.0,3.0,774
1128.0,1.0,3.0,774
1129.0,1.0,3.0,774
1130.0,1.0,3.0,774
1131.0,1.0,3.0,774
1132.0,1.0,3.0,774
1133.0,1.0,3.0,774
1134.0,1.0,3.0,774
1135.0,1.0,3.0,774
1136.0,1.0,3.0,774
1137.0,1.0,3.0,774
1138.0,1.0,3.0,774
1139.0,1.0,3.0,774
1140.0,1.0,3.0,774
1141.0,1.0,3.0,774
1142.0,1.0,3.0,774
1143.0,1.0,3.0,774
1144.0,1.0,3.0,774
1145.0,1.0,3.0,774
1146.0,1.0,3.0,774
1147.0,1.0,3.0,774
1148.0,1.0,3.0,774
1149.0,1.0,3.0,774
1150.0,1.0,3.0,774
1151.0,1.0,3.0,774
1152.0,1.0,3.0,774
1153.0,1.0,3.0,774
1154.0,1.0,3.0,774
1155.0,1.0,3.0,774
1156.0,1.0,3.0,774
1157.0,1.0,3.0,774
1158.0,1.0,3.0,774
1159.0,1.0,3.0,774
1160.0,1.0,3.0,774
1161.0,1.0,3.0,774
1162.0,1.0,3.0,774
1163.0,1.0,3.0,774
1164.0,1.0,3.0,774
1165.0,1.0,3.0,774
1166.0,1.0,3.0,774
1167.0,1.0,3.0,774
1168.0,1.0,3.0,774
1169.0,1.0,3.0,774
1170.0,1.0,3.0,774
1171.0,1.0,3.0,774
1172.0,1.0,3.0,774
1173.0,1.0,3.0,774
1174.0,1.0,3.0,774
1175.0,1.0,3.0,774
1176.0,1.0,3.0,774
1177.0,1.0,3.0,774
1178.0,1.0,3.0,774
1179.0,1.0,3.0,774
1180.0,1.0,3.0,774
1181.0,1.0,3.0,774
1182.0,1.0,3.0,774
1183.0,1.0,3.0,774
1184.0,1.0,3.0,774
1185.0,1.0,3.0,774
1186.0,1.0,3.0,774
1187.0,1.0,3.0,774
1188.0,1.0,3.0,774
1189.0,1.0,3.0,774
1190.0,1.0,3.0,774
1191.0,1.0,3.0,774
1192.0,1.0,3.0,774
1193.0,1.0,3.0,774
1194.0,1.0,3.0,774
1195.0,1.0,3.0,774
1196.0,1.0,3.0,774
1197.0,1.0,3.0,774
1198.0,1.0,3.0,774
1199.0,1.0,3.0,774
1200.0,1.0,3.0,774
1201.0,1.0,3.0,774
1202.0,1.0,3.0,774
1203.0,1.0,3.0,774
1204.0,1.0,3.0,774
1205.0,1.0,3.0,774
1206.0,1.0,3.0,774
1207.0,1.0,3.0,774
1208.0,1.0,3.0,774
1209.0,1.0,3.0,774
1210.0,1.0,3.0,774
1211.0,1.0,3.0,774
1212.0,1.0,3.0,774
1213.0,1.0,3.0,774
1214.0,1.0,3.0,774
1215.0,1.0,3.0,774
1216.0,1.0,3.0,774
1217.0,1.0,3.0,774
1218.0,1.0,3.0,774
1219.0,1.0,3.0,774
1220.0,1.0,3.0,774
1221.0,1.0,3.0,774
1222.0,1.0,3.0,774
1223.0,1.0,3.0,774
1224.0,1.0,3.0,774
1225.0,1.0,3.0,774
1226.0,1.0,3.0,774
1227.0,1.0,3.0,774
1228.0,1.0,3.0,774
1229.0,1.0,3.0,774
1230.0,1.0,3.0,774
1231.0,1.0,3.0,774
1232.0,1.0,3.0,774
1233.0,1.0,3.0,774
1234.0,1.0,3.0,774
1235.0,1.0,3.0,774
1236.0,1.0,3.0,774
1237.0,1.0,3.0,774
1238.0,1.0,3.0,774
1239.0,1.0,3.0,774
1240.0,1.0,3.0,774
1241.0,1.0,3.0,774
1242.0,1.0,3.0,774
1243.0,1.0,3.0,774
1244.0,1.0,3.0,774
1245.0,1.0,3.0,774
1246.0,1.0,3.0,774
1247.0,1.0,3.0,774
1248.0,1.0,3.0,774
1249.0,1.0,3.0,774
1250.0,1.0,3.0,774
1251.0,1.0,3.0,774
1252.0,1.0,3.0,774
1253.0,1.0,3.0,774
1254.0,1.0,3.0,774
1255.0,1.0,3.0,774
1256.0,1.0,3.0,774
1257.0,1.0,3.0,774
1258.0,1.0,3.0,774
1259.0,1.0,3.0,774
1260.0,1.0,3.0,774
1261.0,1.0,3.0,774
1262.0,1.0,3.0,774
1263.0,1.0,3.0,774
1264.0,1.0,3.0,774
1265.0,1.0,3.0,774
1266.0,1.0,3.0,774
1267.0,1.0,3.0,774
1268.0,1.0,3.0,774
1269.0,1.0,3.0,774
1270.0,1.0,3.0,774
1271.0,1.0,3.0,774
1272.0,1.0,3.0,774
1273.0,1.0,3.0,774
1274.0,1.0,3.0,774
1275.0,1.0,3.0,774
1276.0,1.0,3.0,774
1277.0,1.0,3.0,774
1278.0,1.0,3.0,774
1279.0,1.0,3.0,774
1280.0,1.0,3.0,774
1281.0,1.0,3.0,774
1282.0,1.0,3.0,774
1283.0,1.0,3.0,774
1284.0,1.0,3.0,774
1285.0,1.0,3.0,774
1286.0,1.0,3.0,774
1287.0,1.0,3.0,774
1288.0,1.0,3.0,774
1289.0,1.0,3.0,774
1290.0,1.0,3.0,774
1291.0,1.0,3.0,774
1292.0,1.0,3.0,774
1293.0,1.0,3.0,774
1294.0,1.0,3.0,774
1295.0,1.0,3.0,774
1296.0,1.0,3.0,774
1297.0,1.0,3.0,774
1298.0,1.0,3.0,774
1299.0,1.0,3.0,774
1300.0,1.0,3.0,774
1301.0,1.0,3.0,774
1302.0,1.0,3.0,774
1303.0,1.0,3.0,774
1304.0,1.0,3.0,774
1305.0,1.0,3.0,774
1306.0,1.0,3.0,774
1307.0,1.0,3.0,774
1308.0,1.0,3.0,774
1309.0,1.0,3.0,774
1310.0,1.0,3.0,774
1311.0,1.0,3.0,774
1312.0,1.0,3.0,774
1313.0,1.0,3.0,774
1314.0,1.0,3.0,774
1315.0,1.0,3.0,774
1316.0,1.0,3.0,774
1317.0,1.0,3.0,774
1318.0,1.0,3.0,774
1319.0,1.0,3.0,774
1320.0,1.0,3.0,774
1321.0,1.0,3.0,774
1322.0,1.0,3.0,774
1323.0,1.0,3.0,774
1324.0,1.0,3.0,774
1325.0,1.0,3.0,774
1326.0,1.0,3.0,774
1327.0,1.0,3.0,774
1328.0,1.0,3.0,774
1329.0,1.0,3.0,774
1330.0,1.0,3.0,774
1331.0,1.0,3.0,774
1332.0,1.0,3.0,774
1333.0,1.0,3.0,774
1334.0,1.0,3.0,774
1335.0,1.0,3.0,774
1336.0,1.0,3.0,774
1337.0,1.0,3.0,774
1338.0,1.0,3.0,774
1339.0,1.0,3.0,774
1340.0,1.0,3.0,774
1341.0,1.0,3.0,774
1342.0,1.0,3.0,774
1343.0,1.0,3.0,774
1344.0,1.0,3.0,774
1345.0,1.0,3.0,774
1346.0,1.0,3.0,774
1347.0,1.0,3.0,774
1348.0,1.0,3.0,774
1349.0,1.0,3.0,774
1350.0,1.0,3.0,774
1351.0,1.0,3.0,774
1352.0,1.0,3.0,774
1353.0,1.0,3.0,774
1354.0,1.0,3.0,774
1355.0,1.0,3.0,774
1356.0,1.0,3.0,774
1357.0,1.0,3.0,774
1358.0,1.0,3.0,774
1359.0,1.0,3.0,774
1360.0,1.0,3.0,774
1361.0,1.0,3.0,774
1362.0,1.0,3.0,774
1363.0,1.0,3.0,774
1364.0,1.0,3.0,774
1365.0,1.0,3.0,774
1366.0,1.0,3.0,774
1367.0,1.0,3.0,774
1368.0,1.0,3.0,774
1369.0,1.0,3.0,774
1370.0,1.0,3.0,774
1371.0,1.0,3.0,774
1372.0,1.0,3.0,774
1373.0,1.0,3.0,774
1374.0,1.0,3.0,774
1375.0,1.0,3.0,774
1376.0,1.0,3.0,774
1377.0,1.0,3.0,774
1378.0,1.0,3.0,774
1379.0,1.0,3.0,774
1380.0,1.0,3.0,774
1381.0,1.0,3.0,774
1382.0,1.0,3.0,774
1383.0,1.0,3.0,774
1384.0,1.0,3.0,774
1385.0,1.0,3.0,774
1386.0,1.0,3.0,774
1387.0,1.0,3.0,774
1388.0,1.0,3.0,774
1389.0,1.0,3.0,774
1390.0,1.0,3.0,774
1391.0,1.0,3.0,774
1392.0,1.0,3.0,774
1393.0,1.0,3.0,774
1394.0,1.0,3.0,774
1395.0,1.0,3.0,774
1396.0,1.0,3.0,774
1397.0,1.0,3.0,774
1398.0,1.0,3.0,774
1399.0,1.0,3.0,774
1400.0,1.0,3.0,774
1401.0,1.0,3.0,774
1402.0,1.0,3.0,774
1403.0,1.0,3.0,774
1404.0,1.0,3.0,774
1405.0,1.0,3.0,774
1406.0,1.0,3.0,774
1407.0,1.0,3.0,774
1408.0,1.0,3.0,774
1409.0,1.0,3.0,774
1410.0,1.0,3.0,774
1411.0,1.0,3.0,774
1412.0,1.0,3.0,774
1413.0,1.0,3.0,774
1414.0,1.0,3.0,774
1415.0,1.0,3.0,774
1416.0,1.0,3.0,774
1417.0,1.0,3.0,774
1418.0,1.0,3.0,774
1419.0,1.0,3.0,774
1420.0,1.0,3.0,774
1421.0,1.0,3.0,774
1422.0,1.0,3.0,774
1423.0,1.0,3.0,774
1424.0,1.0,3.0,774
1425.0,1.0,3.0,774
1426.0,1.0,3.0,774
1427.0,1.0,3.0,774
1428.0,1.0,3.0,774
1429.0,1.0,3.0,774
1430.0,1.0,3.0,774
1431.0,1.0,3.0,774
1432.0,1.0,3.0,774
1433.0,1.0,3.0,774
1434.0,1.0,3.0,774
1435.0,1.0,3.0,774
1436.0,1.0,3.0,774
1437.0,1.0,3.0,774
1438.0,1.0,3.0,774
1439.0,1.0,3.0,774
1440.0,1.0,3.0,774
1441.0,1.0,3.0,774
1442.0,1.0,3.0,774
1443.0,1.0,3.0,774
1444.0,1.0,3.0,774
1445.0,1.0,3.0,774
1446.0,1.0,3.0,774
1447.0,1.0,3.0,774
1448.0,1.0,3.0,774
1449.0,1.0,3.0,774
1450.0,1.0,3.0,774
1451.0,1.0,3.0,774
1452.0,1.0,3.0,774
1453.0,1.0,3.0,774
1454.0,1.0,3.0,774
1455.0,1.0,3.0,774
1456.0,1.0,3.0,774
1457.0,1.0,3.0,774
1458.0,1.0,3.0,774
1459.0,1.0,3.0,774
1460.0,1.0,3.0,774
1461.0,1.0,3.0,774
1462.0,1.0,3.0,774
1463.0,1.0,3.0,774
1464.0,1.0,3.0,774
1465.0,1.0,3.0,774
1466.0,1.0,3.0,774
1467.0,1.0,3.0,774
1468.0,1.0,3.0,774
1469.0,1.0,3.0,774
1470.0,1.0,3.0,774
1471.0,1.0,3.0,774
1472.0,1.0,3.0,774
1473.0,1.0,3.0,774
1474.0,1.0,3.0,774
1475.0,1.0,3.0,774
1476.0,1.0,3.0,774
1477.0,1.0,3.0,774
1478.0,1.0,3.0,774
1479.0,1.0,3.0,774
1480.0,1.0,3.0,774
1481.0,1.0,3.0,774
1482.0,1.0,3.0,774
1483.0,1.0,3.0,774
1484.0,1.0,3.0,774
1485.0,1.0,3.0,774
1486.0,1.0,3.0,774
1487.0,1.0,3.0,774
1488.0,1.0,3.0,774
1489.0,1.0,3.0,774
1490.0,1.0,3.0,774
1491.0,1.0,3.0,774
1492.0,1.0,3.0,774
1493.0,1.0,3.0,774
1494.0,1.0,3.0,774
1495.0,1.0,3.0,774
1496.0,1.0,3.0,774
1497.0,1.0,3.0,774
1498.0,1.0,3.0,774
1499.0,1.0,3.0,774
1500.0,1.0,3.0,774
1501.0,1.0,3.0,774
1502.0,1.0,3.0,774
1503.0,1.0,3.0,774
1504.0,1.0,3.0,774
1505.0,1.0,3.0,774
1506.0,1.0,3.0,774
1507.0,1.0,3.0,774
1508.0,1.0,3.0,774
1509.0,1.0,3.0,774
1510.0,1.0,3.0,774
1511.0,1.0,3.0,774
1512.0,1.0,3.0,774
1513.0,1.0,3.0,774
1514.0,1.0,3.0,774
1515.0,1.0,3.0,774
1516.0,1.0,3.0,774
1517.0,1.0,3.0,774
1518.0,1.0,3.0,774
1519.0,1.0,3.0,774
1520.0,1.0,3.0,774
1521.0,1.0,3.0,774
1522.0,1.0,3.0,774
1523.0,1.0,3.0,774
1524.0,1.0,3.0,774
1525.0,1.0,3.0,774
1526.0,1.0,3.0,774
1527.0,1.0,3.0,774
1528.0,1.0,3.0,774
1529.0,1.0,3.0,774
1530.0,1.0,3.0,774
1531.0,1.0,3.0,774
1532.0,1.0,3.0,774
1533.0,1.0,3.0,774
1534.0,1.0,3.0,774
1535.0,1.0,3.0,774
1536.0,1.0,3.0,774
1537.0,1.0,3.0,774
1538.0,1.0,3.0,774
1539.0,1.0,3.0,774
1540.0,1.0,3.0,774
1541.0,1.0,3.0,774
1542.0,1.0,3.0,774
1543.0,1.0,3.0,774
1544.0,1.0,3.0,774
1545.0,1.0,3.0,774
1546.0,1.0,3.0,774
1547.0,1.0,3.0,774
1548.0,1.0,3.0,774
1549.0,1.0,3.0,774
1550.0,1.0,3.0,774
1551.0,1.0,3.0,774
1552.0,1.0,3.0,774
1553.0,1.0,3.0,774
1554.0,1.0,3.0,774
1555.0,1.0,3.0,774
1556.0,1.0,3.0,774
1557.0,1.0,3.0,774
1558.0,1.0,3.0,774
1559.0,1.0,3.0,774
1560.0,1.0,3.0,774
1561.0,1.0,3.0,774
1562.0,1.0,3.0,774
1563.0,1.0,3.0,774
1564.0,1.0,3.0,774
1565.0,1.0,3.0,774
1566.0,1.0,3.0,774
1567.0,1.0,3.0,774
1568.0,1.0,3.0,774
1569.0,1.0,3.0,774
1570.0,1.0,3.0,774
1571.0,1.0,3.0,774
1572.0,1.0,3.0,774
1573.0,1.0,3.0,774
1574.0,1.0,3.0,774
1575.0,1.0,3.0,774
1576.0,1.0,3.0,774
1577.0,1.0,3.0,774
1578.0,1.0,3.0,774
1579.0,1.0,3.0,774
1580.0,1.0,3.0,774
1581.0,1.0,3.0,774
1582.0,1.0,3.0,774
1583.0,1.0,3.0,774
1584.0,1.0,3.0,774
1585.0,1.0,3.0,774
1586.0,1.0,3.0,774
1587.0,1.0,3.0,774
1588.0,1.0,3.0,774
1589.0,1.0,3.0,774
1590.0,1.0,3.0,774
1591.0,1.0,3.0,774
1592.0,1.0,3.0,774
1593.0,1.0,3.0,774
1594.0,1.0,3.0,774
1595.0,1.0,3.0,774
1596.0,1.0,3.0,774
1597.0,1.0,3.0,774
1598.0,1.0,3.0,774
1599.0,1.0,3.0,774
1600.0,1.0,3.0,774
1601.0,1.0,3.0,774
1602.0,1.0,3.0,774
1603.0,1.0,3.0,774
1604.0,1.0,3.0,774
1605.0,1.0,3.0,774
1606.0,1.0,3.0,774
1607.0,1.0,3.0,774
1608.0,1.0,3.0,774
1609.0,1.0,3.0,774
1610.0,1.0,3.0,774
1611.0,1.0,3.0,774
1612.0,1.0,3.0,774
1613.0,1.0,3.0,774
1614.0,1.0,3.0,774
1615.0,1.0,3.0,774
1616.0,1.0,3.0,774
1617.0,1.0,3.0,774
1618.0,1.0,3.0,774
1619.0,1.0,3.0,774
1620.0,1.0,3.0,774
1621.0,1.0,3.0,774
1622.0,1.0,3.0,774
1623.0,1.0,3.0,774
1624.0,1.0,3.0,774
1625.0,1.0,3.0,774
1626.0,1.0,3.0,774
1627.0,1.0,3.0,774
1628.0,1.0,3.0,774
1629.0,1.0,3.0,774
1630.0,1.0,3.0,774
1631.0,1.0,3.0,774
1632.0,1.0,3.0,774
1633.0,1.0,3.0,774
1634.0,1.0,3.0,774
1635.0,1.0,3.0,774
1636.0,1.0,3.0,774
1637.0,1.0,3.0,774
1638.0,1.0,3.0,774
1639.0,1.0,3.0,774
1640.0,1.0,3.0,774
1641.0,1.0,3.0,774
1642.0,1.0,3.0,774
1643.0,1.0,3.0,774
1644.0,1.0,3.0,774
1645.0,1.0,3.0,774
1646.0,1.0,3.0,774
1647.0,1.0,3.0,774
1648.0,1.0,3.0,774
1649.0,1.0,3.0,774
1650.0,1.0,3.0,774
1651.0,1.0,3.0,774
1652.0,1.0,3.0,774
1653.0,1.0,3.0,774
1654.0,1.0,3.0,774
1655.0,1.0,3.0,774
1656.0,1.0,3.0,774
1657.0,1.0,3.0,774
1658.0,1.0,3.0,774
1659.0,1.0,3.0,774
1660.0,1.0,3.0,774
1661.0,1.0,3.0,774
1662.0,1.0,3.0,774
1663.0,1.0,3.0,774
1664.0,1.0,3.0,774
1665.0,1.0,3.0,774
1666.0,1.0,3.0,774
1667.0,1.0,3.0,774
1668.0,1.0,3.0,774
1669.0,1.0,3.0,774
1670.0,1.0,3.0,774
1671.0,1.0,3.0,774
1672.0,1.0,3.0,774
1673.0,1.0,3.0,774
1674.0,1.0,3.0,774
1675.0,1.0,3.0,774
1676.0,1.0,3.0,774
1677.0,1.0,3.0,774
1678.0,1.0,3.0,774
1679.0,1.0,3.0,774
1680.0,1.0,3.0,774
1681.0,1.0,3.0,774
1682.0,1.0,3.0,774
1683.0,1.0,3.0,774
1684.0,1.0,3.0,774
1685.0,1.0,3.0,774
1686.0,1.0,3.0,774
1687.0,1.0,3.0,774
1688.0,1.0,3.0,774
1689.0,1.0,3.0,774
1690.0,1.0,3.0,774
1691.0,1.0,3.0,774
1692.0,1.0,3.0,774
1693.0,1.0,3.0,774
1694.0,1.0,3.0,774
1695.0,1.0,3.0,774
1696.0,1.0,3.0,774
1697.0,1.0,3.0,774
1698.0,1.0,3.0,774
1699.0,1.0,3.0,774
1700.0,1.0,3.0,774
1701.0,1.0,3.0,774
1702.0,1.0,3.0,774
1703.0,1.0,3.0,774
1704.0,1.0,3.0,774
1705.0,1.0,3.0,774
1706.0,1.0,3.0,774
1707.0,1.0,3.0,774
1708.0,1.0,3.0,774
1709.0,1.0,3.0,774
1710.0,1.0,3.0,774
1711.0,1.0,3.0,774
1712.0,1.0,3.0,774
1713.0,1.0,3.0,774
1714.0,1.0,3.0,774
1715.0,1.0,3.0,774
1716.0,1.0,3.0,774
1717.0,1.0,3.0,774
1718.0,1.0,3.0,774
1719.0,1.0,3.0,774
1720.0,1.0,3.0,774
1721.0,1.0,3.0,774
1722.0,1.0,3.0,774
1723.0,1.0,3.0,774
1724.0,1.0,3.0,774
1725.0,1.0,3.0,774
1726.0,1.0,3.0,774
1727.0,1.0,3.0,774
1728.0,1.0,3.0,774
1729.0,1.0,3.0,774
1730.0,1.0,3.0,774
1731.0,1.0,3.0,774
1732.0,1.0,3.0,774
1733.0,1.0,3.0,774
1734.0,1.0,3.0,774
1735.0,1.0,3.0,774
1736.0,1.0,3.0,774
1737.0,1.0,3.0,774
1738.0,1.0,3.0,774
1739.0,1.0,3.0,774
1740.0,1.0,3.0,774
1741.0,1.0,3.0,774
1742.0,1.0,3.0,774
1743.0,1.0,3.0,774
1744.0,1.0,3.0,774
1745.0,1.0,3.0,774
1746.0,1.0,3.0,774
1747.0,1.0,3.0,774
1748.0,1.0,3.0,774
1749.0,1.0,3.0,774
1750.0,1.0,3.0,774
1751.0,1.0,3.0,774
1752.0,1.0,3.0,774
1753.0,1.0,3.0,774
1754.0,1.0,3.0,774
1755.0,1.0,3.0,774
1756.0,1.0,3.0,774
1757.0,1.0,3.0,774
1758.0,1.0,3.0,774
1759.0,1.0,3.0,774
1760.0,1.0,3.0,774
1761.0,1.0,3.0,774
1762.0,1.0,3.0,774
1763.0,1.0,3.0,774
1764.0,1.0,3.0,774
1765.0,1.0,3.0,774
1766.0,1.0,3.0,774
1767.0,1.0,3.0,774
1768.0,1.0,3.0,774
1769.0,1.0,3.0,774
1770.0,1.0,3.0,774
1771.0,1.0,3.0,774
1772.0,1.0,3.0,774
1773.0,1.0,3.0,774
1774.0,1.0,3.0,774
1775.0,1.0,3.0,774
1776.0,1.0,3.0,774
1777.0,1.0,3.0,774
1778.0,1.0,3.0,774
1779.0,1.0,3.0,774
1780.0,1.0,3.0,774
1781.0,1.0,3.0,774
1782.0,1.0,3.0,774
1783.0,1.0,3.0,774
1784.0,1.0,3.0,774
1785.0,1.0,3.0,774
1786.0,1.0,3.0,774
1787.0,1.0,3.0,774
1788.0,1.0,3.0,774
1789.0,1.0,3.0,774
1790.0,1.0,3.0,774
1791.0,1.0,3.0,774
1792.0,1.0,3.0,774
1793.0,1.0,3.0,774
1794.0,1.0,3.0,774
1795.0,1.0,3.0,774
1796.0,1.0,3.0,774
1797.0,1.0,3.0,774
1798.0,1.0,3.0,774
1799.0,1.0,3.0,774
1800.0,1.0,3.0,774
1801.0,1.0,3.0,774
1802.0,1.0,3.0,774
1803.0,1.0,3.0,774
1804.0,1.0,3.0,774
1805.0,1.0,3.0,774
1806.0,1.0,3.0,774
1807.0,1.0,3.0,774
1808.0,1.0,3.0,774
1809.0,1.0,3.0,774
1810.0,1.0,3.0,774
1811.0,1.0,3.0,774
1812.0,1.0,3.0,774
1813.0,1.0,3.0,774
1814.0,1.0,3.0,774
1815.0,1.0,3.0,774
1816.0,1.0,3.0,774
1817.0,1.0,3.0,774
1818.0,1.0,3.0,774
1819.0,1.0,3.0,774
1820.0,1.0,3.0,774
1821.0,1.0,3.0,774
1822.0,1.0,3.0,774
1823.0,1.0,3.0,774
1824.0,1.0,3.0,774
1825.0,1.0,3.0,774
1826.0,1.0,3.0,774
1827.0,1.0,3.0,774
1828.0,1.0,3.0,774
1829.0,1.0,3.0,774
1830.0,1.0,3.0,774
1831.0,1.0,3.0,774
1832.0,1.0,3.0,774
1833.0,1.0,3.0,774
1834.0,1.0,3.0,774
1835.0,1.0,3.0,774
1836.0,1.0,3.0,774
1837.0,1.0,3.0,774
1838.0,1.0,3.0,774
1839.0,1.0,3.0,774
1840.0,1.0,3.0,774
1841.0,1.0,3.0,774
1842.0,1.0,3.0,774
1843.0,1.0,3.0,774
1844.0,1.0,3.0,774
1845.0,1.0,3.0,774
1846.0,1.0,3.0,774
1847.0,1.0,3.0,774
1848.0,1.0,3.0,774
1849.0,1.0,3.0,774
1850.0,1.0,3.0,774
1851.0,1.0,3.0,774
1852.0,1.0,3.0,774
1853.0,1.0,3.0,774
1854.0,1.0,3.0,774
1855.0,1.0,3.0,774
1856.0,1.0,3.0,774
1857.0,1.0,3.0,774
1858.0,1.0,3.0,774
1859.0,1.0,3.0,774
1860.0,1.0,3.0,774
1861.0,1.0,3.0,774
1862.0,1.0,3.0,774
1863.0,1.0,3.0,774
1864.0,1.0,3.0,774
1865.0,1.0,3.0,774
1866.0,1.0,3.0,774
1867.0,1.0,3.0,774
1868.0,1.0,3.0,774
1869.0,1.0,3.0,774
1870.0,1.0,3.0,774
1871.0,1.0,3.0,774
1872.0,1.0,3.0,774
1873.0,1.0,3.0,774
1874.0,1.0,3.0,774
1875.0,1.0,3.0,774
1876.0,1.0,3.0,774
1877.0,1.0,3.0,774
1878.0,1.0,3.0,774
1879.0,1.0,3.0,774
1880.0,1.0,3.0,774
1881.0,1.0,3.0,774
1882.0,1.0,3.0,774
1883.0,1.0,3.0,774
1884.0,1.0,3.0,774
1885.0,1.0,3.0,774
1886.0,1.0,3.0,774
1887.0,1.0,3.0,774
1888.0,1.0,3.0,774
1889.0,1.0,3.0,774
1890.0,1.0,3.0,774
1891.0,1.0,3.0,774
1892.0,1.0,3.0,774
1893.0,1.0,3.0,774
1894.0,1.0,3.0,774
1895.0,1.0,3.0,774
1896.0,1.0,3.0,774
1897.0,1.0,3.0,774
1898.0,1.0,3.0,774
1899.0,1.0,3.0,774
1900.0,1.0,3.0,774
1901.0,1.0,3.0,774
1902.0,1.0,3.0,774
1903.0,1.0,3.0,774
1904.0,1.0,3.0,774
1905.0,1.0,3.0,774
1906.0,1.0,3.0,774
1907.0,1.0,3.0,774
1908.0,1.0,3.0,774
1909.0,1.0,3.0,774
1910.0,1.0,3.0,774
1911.0,1.0,3.0,774
1912.0,1.0,3.0,774
1913.0,1.0,3.0,774
1914.0,1.0,3.0,774
1915.0,1.0,3.0,774
1916.0,1.0,3.0,774
1917.0,1.0,3.0,774
1918.0,1.0,3.0,774
1919.0,1.0,3.0,774
1920.0,1.0,3.0,774
1921.0,1.0,3.0,774
1922.0,1.0,3.0,774
1923.0,1.0,3.0,774
1924.0,1.0,3.0,774
1925.0,1.0,3.0,774
