Timestamp: 23-Oct-2014 17:02:22
MaxDeathAge: 100
MaxInitialSugar: 25
MaxMetabolism: 4
MaxVision: 6
MinDeathAge: 60
MinInitialSugar: 5
NumAgents: 400
Replacement: true


"tick","Avg. Metabolism","Avg. Vision","AgentCount"
1.0,2.0,3.0,400
2.0,2.0,3.0,400
3.0,2.0,3.0,396
4.0,2.0,3.0,387
5.0,2.0,3.0,374
6.0,2.0,3.0,367
7.0,2.0,3.0,358
8.0,2.0,3.0,343
9.0,2.0,3.0,340
10.0,2.0,3.0,336
11.0,2.0,3.0,326
12.0,2.0,3.0,321
13.0,2.0,3.0,315
14.0,2.0,3.0,308
15.0,2.0,3.0,299
16.0,2.0,3.0,295
17.0,2.0,3.0,292
18.0,2.0,3.0,287
19.0,2.0,3.0,281
20.0,2.0,3.0,277
21.0,1.0,3.0,274
22.0,1.0,3.0,273
23.0,1.0,3.0,267
24.0,1.0,3.0,266
25.0,1.0,3.0,261
26.0,1.0,3.0,259
27.0,1.0,3.0,256
28.0,1.0,3.0,255
29.0,1.0,3.0,254
30.0,1.0,3.0,253
31.0,1.0,3.0,253
32.0,1.0,3.0,252
33.0,1.0,3.0,251
34.0,1.0,3.0,251
35.0,1.0,3.0,251
36.0,1.0,3.0,251
37.0,1.0,3.0,250
38.0,1.0,3.0,250
39.0,1.0,3.0,250
40.0,1.0,3.0,250
41.0,1.0,3.0,249
42.0,1.0,3.0,248
43.0,1.0,3.0,248
44.0,1.0,3.0,248
45.0,1.0,3.0,248
46.0,1.0,3.0,248
47.0,1.0,3.0,248
48.0,1.0,3.0,247
49.0,1.0,3.0,247
50.0,1.0,3.0,247
51.0,1.0,3.0,247
52.0,1.0,3.0,247
53.0,1.0,3.0,247
54.0,1.0,3.0,247
55.0,1.0,3.0,246
56.0,1.0,3.0,246
57.0,1.0,3.0,246
58.0,1.0,3.0,246
59.0,1.0,3.0,246
60.0,1.0,3.0,246
61.0,1.0,3.0,246
62.0,1.0,3.0,246
63.0,1.0,3.0,246
64.0,1.0,3.0,245
65.0,1.0,3.0,245
66.0,1.0,3.0,244
67.0,1.0,3.0,244
68.0,1.0,3.0,244
69.0,1.0,3.0,244
70.0,1.0,3.0,243
71.0,1.0,3.0,242
72.0,1.0,3.0,242
73.0,1.0,3.0,242
74.0,1.0,3.0,242
75.0,1.0,3.0,242
76.0,1.0,3.0,242
77.0,1.0,3.0,242
78.0,1.0,3.0,242
79.0,1.0,3.0,242
80.0,1.0,3.0,242
81.0,1.0,3.0,242
82.0,1.0,3.0,242
83.0,1.0,3.0,242
84.0,1.0,3.0,242
85.0,1.0,3.0,242
86.0,1.0,3.0,242
87.0,1.0,3.0,242
88.0,1.0,3.0,242
89.0,1.0,3.0,242
90.0,1.0,3.0,242
91.0,1.0,3.0,242
92.0,1.0,3.0,242
93.0,1.0,3.0,242
94.0,1.0,3.0,242
95.0,1.0,3.0,242
96.0,1.0,3.0,242
97.0,1.0,3.0,242
98.0,1.0,3.0,242
99.0,1.0,3.0,241
100.0,1.0,3.0,241
101.0,1.0,3.0,241
102.0,1.0,3.0,241
103.0,1.0,3.0,241
104.0,1.0,3.0,241
105.0,1.0,3.0,241
106.0,1.0,3.0,241
107.0,1.0,3.0,241
108.0,1.0,3.0,241
109.0,1.0,3.0,241
110.0,1.0,3.0,241
111.0,1.0,3.0,241
112.0,1.0,3.0,241
113.0,1.0,3.0,241
114.0,1.0,3.0,241
115.0,1.0,3.0,241
116.0,1.0,3.0,241
117.0,1.0,3.0,241
118.0,1.0,3.0,241
119.0,1.0,3.0,241
120.0,1.0,3.0,241
121.0,1.0,3.0,241
122.0,1.0,3.0,241
123.0,1.0,3.0,240
124.0,1.0,3.0,240
125.0,1.0,3.0,240
126.0,1.0,3.0,240
127.0,1.0,3.0,240
128.0,1.0,3.0,240
129.0,1.0,3.0,240
130.0,1.0,3.0,240
131.0,1.0,3.0,240
132.0,1.0,3.0,240
133.0,1.0,3.0,240
134.0,1.0,3.0,240
135.0,1.0,3.0,240
136.0,1.0,3.0,240
137.0,1.0,3.0,240
138.0,1.0,3.0,240
139.0,1.0,3.0,240
140.0,1.0,3.0,240
141.0,1.0,3.0,239
142.0,1.0,3.0,239
143.0,1.0,3.0,239
144.0,1.0,3.0,239
145.0,1.0,3.0,239
146.0,1.0,3.0,239
147.0,1.0,3.0,239
148.0,1.0,3.0,239
149.0,1.0,3.0,239
150.0,1.0,3.0,239
151.0,1.0,3.0,239
152.0,1.0,3.0,239
153.0,1.0,3.0,239
154.0,1.0,3.0,239
155.0,1.0,3.0,239
156.0,1.0,3.0,239
157.0,1.0,3.0,239
158.0,1.0,3.0,239
159.0,1.0,3.0,239
160.0,1.0,3.0,239
161.0,1.0,3.0,239
162.0,1.0,3.0,239
163.0,1.0,3.0,239
164.0,1.0,3.0,239
165.0,1.0,3.0,239
166.0,1.0,3.0,239
167.0,1.0,3.0,239
168.0,1.0,3.0,239
169.0,1.0,3.0,239
170.0,1.0,3.0,239
171.0,1.0,3.0,239
172.0,1.0,3.0,239
173.0,1.0,3.0,239
174.0,1.0,3.0,239
175.0,1.0,3.0,239
176.0,1.0,3.0,239
177.0,1.0,3.0,239
178.0,1.0,3.0,239
179.0,1.0,3.0,239
180.0,1.0,3.0,239
181.0,1.0,3.0,239
182.0,1.0,3.0,239
183.0,1.0,3.0,239
184.0,1.0,3.0,239
185.0,1.0,3.0,239
186.0,1.0,3.0,239
187.0,1.0,3.0,239
188.0,1.0,3.0,239
189.0,1.0,3.0,239
190.0,1.0,3.0,239
191.0,1.0,3.0,239
192.0,1.0,3.0,239
193.0,1.0,3.0,239
194.0,1.0,3.0,239
195.0,1.0,3.0,239
196.0,1.0,3.0,239
197.0,1.0,3.0,239
198.0,1.0,3.0,239
199.0,1.0,3.0,239
200.0,1.0,3.0,239
201.0,1.0,3.0,239
202.0,1.0,3.0,239
203.0,1.0,3.0,239
204.0,1.0,3.0,239
205.0,1.0,3.0,239
206.0,1.0,3.0,239
207.0,1.0,3.0,239
208.0,1.0,3.0,239
209.0,1.0,3.0,239
210.0,1.0,3.0,239
211.0,1.0,3.0,239
212.0,1.0,3.0,239
213.0,1.0,3.0,239
214.0,1.0,3.0,239
215.0,1.0,3.0,239
216.0,1.0,3.0,239
217.0,1.0,3.0,239
218.0,1.0,3.0,239
219.0,1.0,3.0,239
220.0,1.0,3.0,239
221.0,1.0,3.0,239
222.0,1.0,3.0,239
223.0,1.0,3.0,239
224.0,1.0,3.0,239
225.0,1.0,3.0,239
226.0,1.0,3.0,239
227.0,1.0,3.0,239
228.0,1.0,3.0,239
229.0,1.0,3.0,239
230.0,1.0,3.0,239
231.0,1.0,3.0,239
232.0,1.0,3.0,239
233.0,1.0,3.0,239
234.0,1.0,3.0,239
235.0,1.0,3.0,239
236.0,1.0,3.0,239
237.0,1.0,3.0,239
238.0,1.0,3.0,239
239.0,1.0,3.0,239
240.0,1.0,3.0,239
241.0,1.0,3.0,239
242.0,1.0,3.0,239
243.0,1.0,3.0,239
244.0,1.0,3.0,239
245.0,1.0,3.0,239
246.0,1.0,3.0,239
247.0,1.0,3.0,239
248.0,1.0,3.0,239
249.0,1.0,3.0,239
250.0,1.0,3.0,239
251.0,1.0,3.0,239
252.0,1.0,3.0,239
253.0,1.0,3.0,239
254.0,1.0,3.0,239
255.0,1.0,3.0,239
256.0,1.0,3.0,239
257.0,1.0,3.0,239
258.0,1.0,3.0,239
259.0,1.0,3.0,239
260.0,1.0,3.0,239
261.0,1.0,3.0,239
262.0,1.0,3.0,239
263.0,1.0,3.0,239
264.0,1.0,3.0,239
265.0,1.0,3.0,239
266.0,1.0,3.0,239
267.0,1.0,3.0,239
268.0,1.0,3.0,239
269.0,1.0,3.0,239
270.0,1.0,3.0,239
271.0,1.0,3.0,239
272.0,1.0,3.0,239
273.0,1.0,3.0,239
274.0,1.0,3.0,239
275.0,1.0,3.0,239
276.0,1.0,3.0,239
277.0,1.0,3.0,239
278.0,1.0,3.0,239
279.0,1.0,3.0,239
280.0,1.0,3.0,239
281.0,1.0,3.0,239
282.0,1.0,3.0,239
283.0,1.0,3.0,239
284.0,1.0,3.0,239
285.0,1.0,3.0,239
286.0,1.0,3.0,239
287.0,1.0,3.0,239
288.0,1.0,3.0,239
289.0,1.0,3.0,239
290.0,1.0,3.0,239
291.0,1.0,3.0,239
292.0,1.0,3.0,239
293.0,1.0,3.0,239
294.0,1.0,3.0,239
295.0,1.0,3.0,239
296.0,1.0,3.0,239
297.0,1.0,3.0,239
298.0,1.0,3.0,239
299.0,1.0,3.0,239
300.0,1.0,3.0,239
301.0,1.0,3.0,239
302.0,1.0,3.0,239
303.0,1.0,3.0,239
304.0,1.0,3.0,239
305.0,1.0,3.0,239
306.0,1.0,3.0,239
307.0,1.0,3.0,239
308.0,1.0,3.0,239
309.0,1.0,3.0,239
310.0,1.0,3.0,239
311.0,1.0,3.0,239
312.0,1.0,3.0,239
313.0,1.0,3.0,239
314.0,1.0,3.0,239
315.0,1.0,3.0,239
316.0,1.0,3.0,239
317.0,1.0,3.0,239
318.0,1.0,3.0,239
319.0,1.0,3.0,239
320.0,1.0,3.0,239
321.0,1.0,3.0,239
322.0,1.0,3.0,239
323.0,1.0,3.0,239
324.0,1.0,3.0,239
325.0,1.0,3.0,239
326.0,1.0,3.0,239
327.0,1.0,3.0,239
328.0,1.0,3.0,239
329.0,1.0,3.0,239
330.0,1.0,3.0,239
331.0,1.0,3.0,239
332.0,1.0,3.0,239
333.0,1.0,3.0,239
334.0,1.0,3.0,239
335.0,1.0,3.0,239
336.0,1.0,3.0,239
337.0,1.0,3.0,239
338.0,1.0,3.0,239
339.0,1.0,3.0,239
340.0,1.0,3.0,239
341.0,1.0,3.0,239
342.0,1.0,3.0,239
343.0,1.0,3.0,239
344.0,1.0,3.0,239
345.0,1.0,3.0,239
346.0,1.0,3.0,239
347.0,1.0,3.0,239
348.0,1.0,3.0,239
349.0,1.0,3.0,239
350.0,1.0,3.0,239
351.0,1.0,3.0,239
352.0,1.0,3.0,239
353.0,1.0,3.0,239
354.0,1.0,3.0,239
355.0,1.0,3.0,239
356.0,1.0,3.0,239
357.0,1.0,3.0,239
358.0,1.0,3.0,239
359.0,1.0,3.0,239
360.0,1.0,3.0,239
361.0,1.0,3.0,239
362.0,1.0,3.0,239
363.0,1.0,3.0,239
364.0,1.0,3.0,239
365.0,1.0,3.0,239
366.0,1.0,3.0,239
367.0,1.0,3.0,239
368.0,1.0,3.0,239
369.0,1.0,3.0,239
370.0,1.0,3.0,239
371.0,1.0,3.0,239
372.0,1.0,3.0,239
373.0,1.0,3.0,239
374.0,1.0,3.0,239
375.0,1.0,3.0,239
376.0,1.0,3.0,239
377.0,1.0,3.0,239
378.0,1.0,3.0,239
379.0,1.0,3.0,239
380.0,1.0,3.0,239
381.0,1.0,3.0,239
382.0,1.0,3.0,239
383.0,1.0,3.0,239
384.0,1.0,3.0,239
385.0,1.0,3.0,239
386.0,1.0,3.0,239
387.0,1.0,3.0,239
388.0,1.0,3.0,239
389.0,1.0,3.0,239
390.0,1.0,3.0,239
391.0,1.0,3.0,239
392.0,1.0,3.0,239
393.0,1.0,3.0,239
394.0,1.0,3.0,239
395.0,1.0,3.0,239
396.0,1.0,3.0,239
397.0,1.0,3.0,239
398.0,1.0,3.0,239
399.0,1.0,3.0,239
400.0,1.0,3.0,239
401.0,1.0,3.0,239
402.0,1.0,3.0,239
403.0,1.0,3.0,239
404.0,1.0,3.0,239
405.0,1.0,3.0,239
406.0,1.0,3.0,239
407.0,1.0,3.0,239
408.0,1.0,3.0,239
409.0,1.0,3.0,239
410.0,1.0,3.0,239
411.0,1.0,3.0,239
412.0,1.0,3.0,239
413.0,1.0,3.0,239
414.0,1.0,3.0,239
415.0,1.0,3.0,239
416.0,1.0,3.0,239
417.0,1.0,3.0,239
418.0,1.0,3.0,239
419.0,1.0,3.0,239
420.0,1.0,3.0,239
421.0,1.0,3.0,239
422.0,1.0,3.0,239
423.0,1.0,3.0,239
424.0,1.0,3.0,239
425.0,1.0,3.0,239
426.0,1.0,3.0,239
427.0,1.0,3.0,239
428.0,1.0,3.0,239
429.0,1.0,3.0,239
430.0,1.0,3.0,239
431.0,1.0,3.0,239
432.0,1.0,3.0,239
433.0,1.0,3.0,239
434.0,1.0,3.0,239
435.0,1.0,3.0,239
436.0,1.0,3.0,239
437.0,1.0,3.0,239
438.0,1.0,3.0,239
439.0,1.0,3.0,239
440.0,1.0,3.0,239
441.0,1.0,3.0,239
442.0,1.0,3.0,239
443.0,1.0,3.0,239
444.0,1.0,3.0,239
445.0,1.0,3.0,239
446.0,1.0,3.0,239
447.0,1.0,3.0,239
448.0,1.0,3.0,239
449.0,1.0,3.0,239
450.0,1.0,3.0,239
451.0,1.0,3.0,239
452.0,1.0,3.0,238
453.0,1.0,3.0,238
454.0,1.0,3.0,238
455.0,1.0,3.0,238
456.0,1.0,3.0,238
457.0,1.0,3.0,238
458.0,1.0,3.0,238
459.0,1.0,3.0,238
460.0,1.0,3.0,238
461.0,1.0,3.0,238
462.0,1.0,3.0,238
463.0,1.0,3.0,238
464.0,1.0,3.0,238
465.0,1.0,3.0,238
466.0,1.0,3.0,238
467.0,1.0,3.0,238
468.0,1.0,3.0,238
469.0,1.0,3.0,238
470.0,1.0,3.0,238
471.0,1.0,3.0,238
472.0,1.0,3.0,238
473.0,1.0,3.0,238
474.0,1.0,3.0,238
475.0,1.0,3.0,238
476.0,1.0,3.0,238
477.0,1.0,3.0,238
478.0,1.0,3.0,238
479.0,1.0,3.0,238
480.0,1.0,3.0,238
481.0,1.0,3.0,238
482.0,1.0,3.0,238
483.0,1.0,3.0,238
484.0,1.0,3.0,238
485.0,1.0,3.0,238
486.0,1.0,3.0,238
487.0,1.0,3.0,238
488.0,1.0,3.0,238
489.0,1.0,3.0,238
490.0,1.0,3.0,238
491.0,1.0,3.0,238
492.0,1.0,3.0,238
493.0,1.0,3.0,238
494.0,1.0,3.0,238
495.0,1.0,3.0,238
496.0,1.0,3.0,238
497.0,1.0,3.0,238
498.0,1.0,3.0,238
499.0,1.0,3.0,238
500.0,1.0,3.0,238
501.0,1.0,3.0,238
502.0,1.0,3.0,238
503.0,1.0,3.0,238
504.0,1.0,3.0,238
505.0,1.0,3.0,238
506.0,1.0,3.0,238
507.0,1.0,3.0,238
508.0,1.0,3.0,238
509.0,1.0,3.0,238
510.0,1.0,3.0,238
511.0,1.0,3.0,238
512.0,1.0,3.0,238
513.0,1.0,3.0,238
514.0,1.0,3.0,238
515.0,1.0,3.0,238
516.0,1.0,3.0,238
517.0,1.0,3.0,238
518.0,1.0,3.0,238
519.0,1.0,3.0,238
520.0,1.0,3.0,238
521.0,1.0,3.0,238
522.0,1.0,3.0,238
523.0,1.0,3.0,238
524.0,1.0,3.0,238
525.0,1.0,3.0,238
526.0,1.0,3.0,238
527.0,1.0,3.0,238
528.0,1.0,3.0,238
529.0,1.0,3.0,238
530.0,1.0,3.0,238
531.0,1.0,3.0,238
532.0,1.0,3.0,238
533.0,1.0,3.0,238
534.0,1.0,3.0,238
535.0,1.0,3.0,238
536.0,1.0,3.0,238
537.0,1.0,3.0,238
538.0,1.0,3.0,238
539.0,1.0,3.0,238
540.0,1.0,3.0,238
541.0,1.0,3.0,238
542.0,1.0,3.0,238
543.0,1.0,3.0,238
544.0,1.0,3.0,238
545.0,1.0,3.0,238
546.0,1.0,3.0,238
547.0,1.0,3.0,238
548.0,1.0,3.0,238
549.0,1.0,3.0,238
550.0,1.0,3.0,238
551.0,1.0,3.0,238
552.0,1.0,3.0,238
553.0,1.0,3.0,238
554.0,1.0,3.0,238
555.0,1.0,3.0,238
556.0,1.0,3.0,238
557.0,1.0,3.0,238
558.0,1.0,3.0,238
559.0,1.0,3.0,238
560.0,1.0,3.0,238
561.0,1.0,3.0,238
562.0,1.0,3.0,238
563.0,1.0,3.0,238
564.0,1.0,3.0,238
565.0,1.0,3.0,238
566.0,1.0,3.0,238
567.0,1.0,3.0,238
568.0,1.0,3.0,238
569.0,1.0,3.0,238
570.0,1.0,3.0,238
571.0,1.0,3.0,238
572.0,1.0,3.0,238
573.0,1.0,3.0,238
574.0,1.0,3.0,238
575.0,1.0,3.0,238
576.0,1.0,3.0,238
577.0,1.0,3.0,238
578.0,1.0,3.0,238
579.0,1.0,3.0,238
580.0,1.0,3.0,238
581.0,1.0,3.0,238
582.0,1.0,3.0,238
583.0,1.0,3.0,238
584.0,1.0,3.0,238
585.0,1.0,3.0,238
586.0,1.0,3.0,238
587.0,1.0,3.0,238
588.0,1.0,3.0,238
589.0,1.0,3.0,238
590.0,1.0,3.0,238
591.0,1.0,3.0,238
592.0,1.0,3.0,238
593.0,1.0,3.0,238
594.0,1.0,3.0,238
595.0,1.0,3.0,238
596.0,1.0,3.0,238
597.0,1.0,3.0,238
598.0,1.0,3.0,238
599.0,1.0,3.0,238
600.0,1.0,3.0,238
601.0,1.0,3.0,238
602.0,1.0,3.0,238
603.0,1.0,3.0,238
604.0,1.0,3.0,238
605.0,1.0,3.0,238
606.0,1.0,3.0,238
607.0,1.0,3.0,238
608.0,1.0,3.0,238
609.0,1.0,3.0,238
610.0,1.0,3.0,238
611.0,1.0,3.0,238
612.0,1.0,3.0,238
613.0,1.0,3.0,238
614.0,1.0,3.0,238
615.0,1.0,3.0,238
616.0,1.0,3.0,238
617.0,1.0,3.0,238
618.0,1.0,3.0,238
619.0,1.0,3.0,238
620.0,1.0,3.0,238
621.0,1.0,3.0,238
622.0,1.0,3.0,238
623.0,1.0,3.0,238
624.0,1.0,3.0,238
625.0,1.0,3.0,238
626.0,1.0,3.0,238
627.0,1.0,3.0,238
628.0,1.0,3.0,238
629.0,1.0,3.0,238
630.0,1.0,3.0,238
631.0,1.0,3.0,238
632.0,1.0,3.0,238
633.0,1.0,3.0,238
634.0,1.0,3.0,238
635.0,1.0,3.0,238
636.0,1.0,3.0,238
637.0,1.0,3.0,238
638.0,1.0,3.0,238
639.0,1.0,3.0,238
640.0,1.0,3.0,238
641.0,1.0,3.0,238
642.0,1.0,3.0,238
643.0,1.0,3.0,238
644.0,1.0,3.0,238
645.0,1.0,3.0,238
646.0,1.0,3.0,238
647.0,1.0,3.0,238
648.0,1.0,3.0,238
649.0,1.0,3.0,238
650.0,1.0,3.0,238
651.0,1.0,3.0,238
652.0,1.0,3.0,238
653.0,1.0,3.0,238
654.0,1.0,3.0,238
655.0,1.0,3.0,238
656.0,1.0,3.0,238
657.0,1.0,3.0,238
658.0,1.0,3.0,238
659.0,1.0,3.0,238
660.0,1.0,3.0,238
661.0,1.0,3.0,238
662.0,1.0,3.0,238
663.0,1.0,3.0,238
664.0,1.0,3.0,238
665.0,1.0,3.0,238
666.0,1.0,3.0,238
667.0,1.0,3.0,238
668.0,1.0,3.0,238
669.0,1.0,3.0,238
670.0,1.0,3.0,238
671.0,1.0,3.0,238
672.0,1.0,3.0,238
673.0,1.0,3.0,238
674.0,1.0,3.0,238
675.0,1.0,3.0,238
676.0,1.0,3.0,238
677.0,1.0,3.0,238
678.0,1.0,3.0,238
679.0,1.0,3.0,238
680.0,1.0,3.0,238
681.0,1.0,3.0,238
682.0,1.0,3.0,238
683.0,1.0,3.0,238
684.0,1.0,3.0,238
685.0,1.0,3.0,238
686.0,1.0,3.0,238
687.0,1.0,3.0,238
688.0,1.0,3.0,238
689.0,1.0,3.0,238
690.0,1.0,3.0,238
691.0,1.0,3.0,238
692.0,1.0,3.0,238
693.0,1.0,3.0,238
694.0,1.0,3.0,238
695.0,1.0,3.0,238
696.0,1.0,3.0,238
697.0,1.0,3.0,238
698.0,1.0,3.0,238
699.0,1.0,3.0,238
700.0,1.0,3.0,238
701.0,1.0,3.0,238
702.0,1.0,3.0,238
703.0,1.0,3.0,238
704.0,1.0,3.0,238
705.0,1.0,3.0,238
706.0,1.0,3.0,238
707.0,1.0,3.0,238
708.0,1.0,3.0,238
709.0,1.0,3.0,238
710.0,1.0,3.0,238
711.0,1.0,3.0,238
712.0,1.0,3.0,238
713.0,1.0,3.0,238
714.0,1.0,3.0,238
715.0,1.0,3.0,238
716.0,1.0,3.0,238
717.0,1.0,3.0,238
718.0,1.0,3.0,238
719.0,1.0,3.0,238
720.0,1.0,3.0,238
721.0,1.0,3.0,238
722.0,1.0,3.0,238
723.0,1.0,3.0,238
724.0,1.0,3.0,238
725.0,1.0,3.0,238
726.0,1.0,3.0,238
727.0,1.0,3.0,238
728.0,1.0,3.0,238
729.0,1.0,3.0,238
730.0,1.0,3.0,238
731.0,1.0,3.0,238
732.0,1.0,3.0,238
733.0,1.0,3.0,238
734.0,1.0,3.0,238
735.0,1.0,3.0,238
736.0,1.0,3.0,238
737.0,1.0,3.0,238
738.0,1.0,3.0,238
739.0,1.0,3.0,238
740.0,1.0,3.0,238
741.0,1.0,3.0,238
742.0,1.0,3.0,238
743.0,1.0,3.0,238
744.0,1.0,3.0,238
745.0,1.0,3.0,238
746.0,1.0,3.0,238
747.0,1.0,3.0,238
748.0,1.0,3.0,238
749.0,1.0,3.0,238
750.0,1.0,3.0,238
751.0,1.0,3.0,238
752.0,1.0,3.0,238
753.0,1.0,3.0,238
754.0,1.0,3.0,238
755.0,1.0,3.0,238
756.0,1.0,3.0,238
757.0,1.0,3.0,238
758.0,1.0,3.0,238
759.0,1.0,3.0,238
760.0,1.0,3.0,238
761.0,1.0,3.0,238
762.0,1.0,3.0,238
763.0,1.0,3.0,238
764.0,1.0,3.0,238
765.0,1.0,3.0,238
766.0,1.0,3.0,238
767.0,1.0,3.0,238
768.0,1.0,3.0,238
769.0,1.0,3.0,238
770.0,1.0,3.0,238
771.0,1.0,3.0,238
772.0,1.0,3.0,238
773.0,1.0,3.0,238
774.0,1.0,3.0,238
775.0,1.0,3.0,238
776.0,1.0,3.0,238
777.0,1.0,3.0,238
778.0,1.0,3.0,238
779.0,1.0,3.0,238
780.0,1.0,3.0,238
781.0,1.0,3.0,238
782.0,1.0,3.0,238
783.0,1.0,3.0,238
784.0,1.0,3.0,238
785.0,1.0,3.0,238
786.0,1.0,3.0,238
787.0,1.0,3.0,238
788.0,1.0,3.0,238
789.0,1.0,3.0,238
790.0,1.0,3.0,238
791.0,1.0,3.0,238
792.0,1.0,3.0,238
793.0,1.0,3.0,238
794.0,1.0,3.0,238
795.0,1.0,3.0,238
796.0,1.0,3.0,238
797.0,1.0,3.0,238
798.0,1.0,3.0,238
799.0,1.0,3.0,238
800.0,1.0,3.0,238
801.0,1.0,3.0,238
802.0,1.0,3.0,238
803.0,1.0,3.0,238
804.0,1.0,3.0,238
805.0,1.0,3.0,238
806.0,1.0,3.0,238
807.0,1.0,3.0,238
808.0,1.0,3.0,238
809.0,1.0,3.0,238
810.0,1.0,3.0,238
811.0,1.0,3.0,238
812.0,1.0,3.0,238
813.0,1.0,3.0,238
814.0,1.0,3.0,238
815.0,1.0,3.0,238
816.0,1.0,3.0,238
817.0,1.0,3.0,238
818.0,1.0,3.0,238
819.0,1.0,3.0,238
820.0,1.0,3.0,238
821.0,1.0,3.0,238
822.0,1.0,3.0,238
823.0,1.0,3.0,238
824.0,1.0,3.0,238
825.0,1.0,3.0,238
826.0,1.0,3.0,238
827.0,1.0,3.0,238
828.0,1.0,3.0,238
829.0,1.0,3.0,238
830.0,1.0,3.0,238
831.0,1.0,3.0,238
832.0,1.0,3.0,238
833.0,1.0,3.0,238
834.0,1.0,3.0,238
835.0,1.0,3.0,238
836.0,1.0,3.0,238
837.0,1.0,3.0,238
838.0,1.0,3.0,238
839.0,1.0,3.0,238
840.0,1.0,3.0,238
841.0,1.0,3.0,238
842.0,1.0,3.0,238
843.0,1.0,3.0,238
844.0,1.0,3.0,238
845.0,1.0,3.0,238
846.0,1.0,3.0,238
847.0,1.0,3.0,238
848.0,1.0,3.0,238
849.0,1.0,3.0,238
850.0,1.0,3.0,238
851.0,1.0,3.0,238
852.0,1.0,3.0,238
853.0,1.0,3.0,238
854.0,1.0,3.0,238
855.0,1.0,3.0,238
856.0,1.0,3.0,238
857.0,1.0,3.0,238
858.0,1.0,3.0,238
859.0,1.0,3.0,238
860.0,1.0,3.0,238
861.0,1.0,3.0,238
862.0,1.0,3.0,238
863.0,1.0,3.0,238
864.0,1.0,3.0,238
865.0,1.0,3.0,238
866.0,1.0,3.0,238
867.0,1.0,3.0,238
868.0,1.0,3.0,238
869.0,1.0,3.0,238
870.0,1.0,3.0,238
871.0,1.0,3.0,238
872.0,1.0,3.0,238
873.0,1.0,3.0,238
874.0,1.0,3.0,238
875.0,1.0,3.0,238
876.0,1.0,3.0,238
877.0,1.0,3.0,238
878.0,1.0,3.0,238
879.0,1.0,3.0,238
880.0,1.0,3.0,238
881.0,1.0,3.0,238
882.0,1.0,3.0,238
883.0,1.0,3.0,238
884.0,1.0,3.0,238
885.0,1.0,3.0,238
886.0,1.0,3.0,238
887.0,1.0,3.0,238
888.0,1.0,3.0,238
889.0,1.0,3.0,238
890.0,1.0,3.0,238
891.0,1.0,3.0,238
892.0,1.0,3.0,238
893.0,1.0,3.0,238
894.0,1.0,3.0,238
895.0,1.0,3.0,238
896.0,1.0,3.0,238
897.0,1.0,3.0,238
898.0,1.0,3.0,238
899.0,1.0,3.0,238
900.0,1.0,3.0,238
901.0,1.0,3.0,238
902.0,1.0,3.0,238
903.0,1.0,3.0,238
904.0,1.0,3.0,238
905.0,1.0,3.0,238
906.0,1.0,3.0,238
907.0,1.0,3.0,238
908.0,1.0,3.0,238
909.0,1.0,3.0,238
910.0,1.0,3.0,238
911.0,1.0,3.0,238
912.0,1.0,3.0,238
913.0,1.0,3.0,238
914.0,1.0,3.0,238
915.0,1.0,3.0,238
916.0,1.0,3.0,238
917.0,1.0,3.0,238
918.0,1.0,3.0,238
919.0,1.0,3.0,238
920.0,1.0,3.0,238
921.0,1.0,3.0,238
922.0,1.0,3.0,238
923.0,1.0,3.0,238
924.0,1.0,3.0,238
925.0,1.0,3.0,238
926.0,1.0,3.0,238
927.0,1.0,3.0,238
928.0,1.0,3.0,238
929.0,1.0,3.0,238
930.0,1.0,3.0,238
931.0,1.0,3.0,238
932.0,1.0,3.0,238
933.0,1.0,3.0,238
934.0,1.0,3.0,238
935.0,1.0,3.0,238
936.0,1.0,3.0,238
937.0,1.0,3.0,238
938.0,1.0,3.0,238
939.0,1.0,3.0,238
940.0,1.0,3.0,238
941.0,1.0,3.0,238
942.0,1.0,3.0,238
943.0,1.0,3.0,238
944.0,1.0,3.0,238
945.0,1.0,3.0,238
946.0,1.0,3.0,238
947.0,1.0,3.0,238
948.0,1.0,3.0,238
949.0,1.0,3.0,238
950.0,1.0,3.0,238
951.0,1.0,3.0,238
952.0,1.0,3.0,238
953.0,1.0,3.0,238
954.0,1.0,3.0,238
955.0,1.0,3.0,238
956.0,1.0,3.0,238
957.0,1.0,3.0,238
958.0,1.0,3.0,238
959.0,1.0,3.0,238
960.0,1.0,3.0,238
961.0,1.0,3.0,238
962.0,1.0,3.0,238
963.0,1.0,3.0,238
964.0,1.0,3.0,238
965.0,1.0,3.0,238
966.0,1.0,3.0,238
967.0,1.0,3.0,238
968.0,1.0,3.0,238
969.0,1.0,3.0,238
970.0,1.0,3.0,238
971.0,1.0,3.0,238
972.0,1.0,3.0,238
973.0,1.0,3.0,238
974.0,1.0,3.0,238
975.0,1.0,3.0,238
976.0,1.0,3.0,238
977.0,1.0,3.0,238
978.0,1.0,3.0,238
979.0,1.0,3.0,238
980.0,1.0,3.0,238
981.0,1.0,3.0,238
982.0,1.0,3.0,238
983.0,1.0,3.0,238
984.0,1.0,3.0,238
985.0,1.0,3.0,238
986.0,1.0,3.0,238
987.0,1.0,3.0,238
988.0,1.0,3.0,238
989.0,1.0,3.0,238
990.0,1.0,3.0,238
991.0,1.0,3.0,238
992.0,1.0,3.0,238
993.0,1.0,3.0,238
994.0,1.0,3.0,238
995.0,1.0,3.0,238
996.0,1.0,3.0,238
997.0,1.0,3.0,238
998.0,1.0,3.0,238
999.0,1.0,3.0,238
1000.0,1.0,3.0,238
1001.0,1.0,3.0,238
1002.0,1.0,3.0,238
1003.0,1.0,3.0,238
1004.0,1.0,3.0,238
1005.0,1.0,3.0,238
1006.0,1.0,3.0,238
1007.0,1.0,3.0,238
1008.0,1.0,3.0,238
1009.0,1.0,3.0,238
1010.0,1.0,3.0,238
1011.0,1.0,3.0,238
1012.0,1.0,3.0,238
1013.0,1.0,3.0,238
1014.0,1.0,3.0,238
1015.0,1.0,3.0,238
1016.0,1.0,3.0,238
1017.0,1.0,3.0,238
1018.0,1.0,3.0,238
1019.0,1.0,3.0,238
1020.0,1.0,3.0,238
1021.0,1.0,3.0,238
1022.0,1.0,3.0,238
1023.0,1.0,3.0,238
1024.0,1.0,3.0,238
1025.0,1.0,3.0,238
1026.0,1.0,3.0,238
1027.0,1.0,3.0,238
1028.0,1.0,3.0,238
1029.0,1.0,3.0,238
1030.0,1.0,3.0,238
1031.0,1.0,3.0,238
1032.0,1.0,3.0,238
1033.0,1.0,3.0,238
1034.0,1.0,3.0,238
1035.0,1.0,3.0,238
1036.0,1.0,3.0,238
1037.0,1.0,3.0,238
1038.0,1.0,3.0,238
1039.0,1.0,3.0,238
1040.0,1.0,3.0,238
1041.0,1.0,3.0,238
1042.0,1.0,3.0,238
1043.0,1.0,3.0,238
1044.0,1.0,3.0,238
1045.0,1.0,3.0,238
1046.0,1.0,3.0,237
1047.0,1.0,3.0,237
1048.0,1.0,3.0,237
1049.0,1.0,3.0,237
1050.0,1.0,3.0,237
1051.0,1.0,3.0,237
1052.0,1.0,3.0,237
1053.0,1.0,3.0,237
1054.0,1.0,3.0,237
1055.0,1.0,3.0,237
1056.0,1.0,3.0,237
1057.0,1.0,3.0,237
1058.0,1.0,3.0,237
1059.0,1.0,3.0,237
1060.0,1.0,3.0,237
1061.0,1.0,3.0,237
1062.0,1.0,3.0,237
1063.0,1.0,3.0,237
1064.0,1.0,3.0,237
1065.0,1.0,3.0,237
1066.0,1.0,3.0,237
1067.0,1.0,3.0,237
1068.0,1.0,3.0,237
1069.0,1.0,3.0,237
1070.0,1.0,3.0,237
1071.0,1.0,3.0,237
1072.0,1.0,3.0,237
1073.0,1.0,3.0,237
1074.0,1.0,3.0,237
1075.0,1.0,3.0,237
1076.0,1.0,3.0,237
1077.0,1.0,3.0,237
1078.0,1.0,3.0,237
1079.0,1.0,3.0,237
1080.0,1.0,3.0,237
1081.0,1.0,3.0,237
1082.0,1.0,3.0,237
1083.0,1.0,3.0,237
1084.0,1.0,3.0,237
1085.0,1.0,3.0,237
1086.0,1.0,3.0,237
1087.0,1.0,3.0,237
1088.0,1.0,3.0,237
1089.0,1.0,3.0,237
1090.0,1.0,3.0,237
1091.0,1.0,3.0,237
1092.0,1.0,3.0,237
1093.0,1.0,3.0,237
1094.0,1.0,3.0,237
1095.0,1.0,3.0,237
1096.0,1.0,3.0,237
1097.0,1.0,3.0,237
1098.0,1.0,3.0,237
1099.0,1.0,3.0,237
1100.0,1.0,3.0,237
1101.0,1.0,3.0,237
1102.0,1.0,3.0,237
1103.0,1.0,3.0,237
1104.0,1.0,3.0,237
1105.0,1.0,3.0,237
1106.0,1.0,3.0,237
1107.0,1.0,3.0,237
1108.0,1.0,3.0,237
1109.0,1.0,3.0,237
1110.0,1.0,3.0,237
1111.0,1.0,3.0,237
1112.0,1.0,3.0,237
1113.0,1.0,3.0,237
1114.0,1.0,3.0,237
1115.0,1.0,3.0,237
1116.0,1.0,3.0,237
1117.0,1.0,3.0,237
1118.0,1.0,3.0,237
1119.0,1.0,3.0,237
1120.0,1.0,3.0,237
1121.0,1.0,3.0,237
1122.0,1.0,3.0,237
1123.0,1.0,3.0,237
1124.0,1.0,3.0,237
1125.0,1.0,3.0,237
1126.0,1.0,3.0,237
1127.0,1.0,3.0,237
1128.0,1.0,3.0,237
1129.0,1.0,3.0,237
1130.0,1.0,3.0,237
1131.0,1.0,3.0,237
1132.0,1.0,3.0,237
1133.0,1.0,3.0,237
1134.0,1.0,3.0,237
1135.0,1.0,3.0,237
1136.0,1.0,3.0,237
1137.0,1.0,3.0,237
1138.0,1.0,3.0,237
1139.0,1.0,3.0,237
1140.0,1.0,3.0,237
1141.0,1.0,3.0,237
1142.0,1.0,3.0,237
1143.0,1.0,3.0,237
1144.0,1.0,3.0,237
1145.0,1.0,3.0,237
1146.0,1.0,3.0,237
1147.0,1.0,3.0,237
1148.0,1.0,3.0,237
1149.0,1.0,3.0,237
1150.0,1.0,3.0,237
1151.0,1.0,3.0,237
1152.0,1.0,3.0,237
1153.0,1.0,3.0,237
1154.0,1.0,3.0,237
1155.0,1.0,3.0,237
1156.0,1.0,3.0,237
1157.0,1.0,3.0,237
1158.0,1.0,3.0,237
1159.0,1.0,3.0,237
1160.0,1.0,3.0,237
1161.0,1.0,3.0,237
1162.0,1.0,3.0,237
1163.0,1.0,3.0,237
1164.0,1.0,3.0,237
1165.0,1.0,3.0,237
1166.0,1.0,3.0,237
1167.0,1.0,3.0,237
1168.0,1.0,3.0,237
1169.0,1.0,3.0,237
1170.0,1.0,3.0,237
1171.0,1.0,3.0,237
1172.0,1.0,3.0,237
1173.0,1.0,3.0,237
1174.0,1.0,3.0,237
1175.0,1.0,3.0,237
1176.0,1.0,3.0,237
1177.0,1.0,3.0,237
1178.0,1.0,3.0,237
1179.0,1.0,3.0,237
1180.0,1.0,3.0,237
1181.0,1.0,3.0,237
1182.0,1.0,3.0,237
1183.0,1.0,3.0,237
1184.0,1.0,3.0,237
1185.0,1.0,3.0,237
1186.0,1.0,3.0,237
1187.0,1.0,3.0,237
1188.0,1.0,3.0,237
1189.0,1.0,3.0,237
1190.0,1.0,3.0,237
1191.0,1.0,3.0,237
1192.0,1.0,3.0,237
1193.0,1.0,3.0,237
1194.0,1.0,3.0,237
1195.0,1.0,3.0,237
1196.0,1.0,3.0,237
1197.0,1.0,3.0,237
1198.0,1.0,3.0,237
1199.0,1.0,3.0,237
1200.0,1.0,3.0,237
1201.0,1.0,3.0,237
1202.0,1.0,3.0,237
1203.0,1.0,3.0,237
1204.0,1.0,3.0,237
1205.0,1.0,3.0,237
1206.0,1.0,3.0,237
1207.0,1.0,3.0,237
1208.0,1.0,3.0,237
1209.0,1.0,3.0,237
1210.0,1.0,3.0,237
1211.0,1.0,3.0,237
1212.0,1.0,3.0,237
1213.0,1.0,3.0,237
1214.0,1.0,3.0,237
1215.0,1.0,3.0,237
1216.0,1.0,3.0,237
1217.0,1.0,3.0,237
1218.0,1.0,3.0,237
1219.0,1.0,3.0,237
1220.0,1.0,3.0,237
1221.0,1.0,3.0,237
1222.0,1.0,3.0,237
1223.0,1.0,3.0,237
1224.0,1.0,3.0,237
1225.0,1.0,3.0,237
1226.0,1.0,3.0,237
1227.0,1.0,3.0,237
1228.0,1.0,3.0,237
1229.0,1.0,3.0,237
1230.0,1.0,3.0,237
1231.0,1.0,3.0,237
1232.0,1.0,3.0,237
1233.0,1.0,3.0,237
1234.0,1.0,3.0,237
1235.0,1.0,3.0,237
1236.0,1.0,3.0,237
1237.0,1.0,3.0,237
1238.0,1.0,3.0,237
1239.0,1.0,3.0,237
1240.0,1.0,3.0,237
1241.0,1.0,3.0,237
1242.0,1.0,3.0,237
1243.0,1.0,3.0,237
1244.0,1.0,3.0,237
1245.0,1.0,3.0,237
1246.0,1.0,3.0,237
1247.0,1.0,3.0,237
1248.0,1.0,3.0,237
1249.0,1.0,3.0,237
1250.0,1.0,3.0,237
1251.0,1.0,3.0,237
1252.0,1.0,3.0,237
1253.0,1.0,3.0,237
1254.0,1.0,3.0,237
1255.0,1.0,3.0,237
1256.0,1.0,3.0,237
1257.0,1.0,3.0,237
1258.0,1.0,3.0,237
1259.0,1.0,3.0,237
1260.0,1.0,3.0,237
1261.0,1.0,3.0,237
1262.0,1.0,3.0,237
1263.0,1.0,3.0,237
1264.0,1.0,3.0,237
1265.0,1.0,3.0,237
1266.0,1.0,3.0,237
1267.0,1.0,3.0,237
1268.0,1.0,3.0,237
1269.0,1.0,3.0,237
1270.0,1.0,3.0,237
1271.0,1.0,3.0,237
1272.0,1.0,3.0,237
1273.0,1.0,3.0,237
1274.0,1.0,3.0,237
1275.0,1.0,3.0,237
1276.0,1.0,3.0,237
1277.0,1.0,3.0,237
1278.0,1.0,3.0,237
1279.0,1.0,3.0,237
1280.0,1.0,3.0,237
1281.0,1.0,3.0,237
1282.0,1.0,3.0,237
1283.0,1.0,3.0,237
1284.0,1.0,3.0,237
1285.0,1.0,3.0,237
1286.0,1.0,3.0,237
1287.0,1.0,3.0,237
1288.0,1.0,3.0,237
1289.0,1.0,3.0,237
1290.0,1.0,3.0,237
1291.0,1.0,3.0,237
1292.0,1.0,3.0,237
1293.0,1.0,3.0,237
1294.0,1.0,3.0,237
1295.0,1.0,3.0,237
1296.0,1.0,3.0,237
1297.0,1.0,3.0,237
1298.0,1.0,3.0,237
1299.0,1.0,3.0,237
1300.0,1.0,3.0,237
1301.0,1.0,3.0,237
1302.0,1.0,3.0,237
1303.0,1.0,3.0,237
1304.0,1.0,3.0,237
1305.0,1.0,3.0,237
1306.0,1.0,3.0,237
1307.0,1.0,3.0,237
1308.0,1.0,3.0,237
1309.0,1.0,3.0,237
1310.0,1.0,3.0,237
1311.0,1.0,3.0,237
1312.0,1.0,3.0,237
1313.0,1.0,3.0,237
1314.0,1.0,3.0,237
1315.0,1.0,3.0,237
1316.0,1.0,3.0,237
1317.0,1.0,3.0,237
1318.0,1.0,3.0,237
1319.0,1.0,3.0,237
1320.0,1.0,3.0,237
1321.0,1.0,3.0,237
1322.0,1.0,3.0,237
1323.0,1.0,3.0,237
1324.0,1.0,3.0,237
1325.0,1.0,3.0,237
1326.0,1.0,3.0,237
1327.0,1.0,3.0,237
1328.0,1.0,3.0,237
1329.0,1.0,3.0,237
1330.0,1.0,3.0,237
1331.0,1.0,3.0,237
1332.0,1.0,3.0,237
1333.0,1.0,3.0,237
1334.0,1.0,3.0,237
1335.0,1.0,3.0,237
1336.0,1.0,3.0,237
1337.0,1.0,3.0,237
1338.0,1.0,3.0,237
1339.0,1.0,3.0,237
1340.0,1.0,3.0,237
1341.0,1.0,3.0,237
1342.0,1.0,3.0,237
1343.0,1.0,3.0,237
1344.0,1.0,3.0,237
1345.0,1.0,3.0,237
1346.0,1.0,3.0,237
1347.0,1.0,3.0,237
1348.0,1.0,3.0,237
1349.0,1.0,3.0,237
1350.0,1.0,3.0,237
1351.0,1.0,3.0,237
1352.0,1.0,3.0,237
1353.0,1.0,3.0,237
1354.0,1.0,3.0,237
1355.0,1.0,3.0,237
1356.0,1.0,3.0,237
1357.0,1.0,3.0,237
1358.0,1.0,3.0,237
1359.0,1.0,3.0,237
1360.0,1.0,3.0,237
1361.0,1.0,3.0,237
1362.0,1.0,3.0,237
1363.0,1.0,3.0,237
1364.0,1.0,3.0,237
1365.0,1.0,3.0,237
1366.0,1.0,3.0,237
1367.0,1.0,3.0,237
1368.0,1.0,3.0,237
1369.0,1.0,3.0,237
1370.0,1.0,3.0,237
1371.0,1.0,3.0,237
1372.0,1.0,3.0,237
1373.0,1.0,3.0,237
1374.0,1.0,3.0,237
1375.0,1.0,3.0,237
1376.0,1.0,3.0,237
1377.0,1.0,3.0,237
1378.0,1.0,3.0,237
1379.0,1.0,3.0,237
1380.0,1.0,3.0,237
1381.0,1.0,3.0,237
1382.0,1.0,3.0,237
1383.0,1.0,3.0,237
1384.0,1.0,3.0,237
1385.0,1.0,3.0,237
1386.0,1.0,3.0,237
1387.0,1.0,3.0,237
1388.0,1.0,3.0,237
1389.0,1.0,3.0,237
1390.0,1.0,3.0,237
1391.0,1.0,3.0,237
1392.0,1.0,3.0,237
1393.0,1.0,3.0,237
1394.0,1.0,3.0,237
1395.0,1.0,3.0,237
1396.0,1.0,3.0,237
1397.0,1.0,3.0,237
1398.0,1.0,3.0,237
1399.0,1.0,3.0,237
1400.0,1.0,3.0,237
1401.0,1.0,3.0,237
1402.0,1.0,3.0,237
1403.0,1.0,3.0,237
1404.0,1.0,3.0,237
1405.0,1.0,3.0,237
1406.0,1.0,3.0,237
1407.0,1.0,3.0,237
1408.0,1.0,3.0,237
1409.0,1.0,3.0,237
1410.0,1.0,3.0,237
1411.0,1.0,3.0,237
1412.0,1.0,3.0,237
1413.0,1.0,3.0,237
1414.0,1.0,3.0,237
1415.0,1.0,3.0,237
1416.0,1.0,3.0,237
1417.0,1.0,3.0,237
1418.0,1.0,3.0,237
1419.0,1.0,3.0,237
1420.0,1.0,3.0,237
1421.0,1.0,3.0,237
1422.0,1.0,3.0,237
1423.0,1.0,3.0,237
1424.0,1.0,3.0,237
1425.0,1.0,3.0,237
1426.0,1.0,3.0,237
1427.0,1.0,3.0,237
1428.0,1.0,3.0,237
1429.0,1.0,3.0,237
1430.0,1.0,3.0,237
1431.0,1.0,3.0,237
1432.0,1.0,3.0,237
1433.0,1.0,3.0,237
1434.0,1.0,3.0,237
1435.0,1.0,3.0,237
1436.0,1.0,3.0,237
1437.0,1.0,3.0,237
1438.0,1.0,3.0,237
1439.0,1.0,3.0,237
1440.0,1.0,3.0,237
1441.0,1.0,3.0,237
1442.0,1.0,3.0,237
1443.0,1.0,3.0,237
1444.0,1.0,3.0,237
1445.0,1.0,3.0,237
1446.0,1.0,3.0,237
1447.0,1.0,3.0,237
1448.0,1.0,3.0,237
1449.0,1.0,3.0,237
1450.0,1.0,3.0,237
1451.0,1.0,3.0,237
1452.0,1.0,3.0,237
1453.0,1.0,3.0,237
1454.0,1.0,3.0,237
1455.0,1.0,3.0,237
1456.0,1.0,3.0,237
1457.0,1.0,3.0,237
1458.0,1.0,3.0,237
1459.0,1.0,3.0,237
1460.0,1.0,3.0,237
1461.0,1.0,3.0,237
1462.0,1.0,3.0,237
1463.0,1.0,3.0,237
1464.0,1.0,3.0,237
1465.0,1.0,3.0,237
1466.0,1.0,3.0,237
1467.0,1.0,3.0,237
1468.0,1.0,3.0,237
1469.0,1.0,3.0,237
1470.0,1.0,3.0,237
1471.0,1.0,3.0,237
1472.0,1.0,3.0,237
1473.0,1.0,3.0,237
1474.0,1.0,3.0,237
1475.0,1.0,3.0,237
1476.0,1.0,3.0,237
1477.0,1.0,3.0,237
1478.0,1.0,3.0,237
1479.0,1.0,3.0,237
1480.0,1.0,3.0,237
1481.0,1.0,3.0,237
1482.0,1.0,3.0,237
1483.0,1.0,3.0,237
1484.0,1.0,3.0,237
1485.0,1.0,3.0,237
1486.0,1.0,3.0,237
1487.0,1.0,3.0,237
1488.0,1.0,3.0,237
1489.0,1.0,3.0,237
1490.0,1.0,3.0,237
1491.0,1.0,3.0,237
1492.0,1.0,3.0,237
1493.0,1.0,3.0,237
1494.0,1.0,3.0,237
1495.0,1.0,3.0,237
1496.0,1.0,3.0,237
1497.0,1.0,3.0,237
1498.0,1.0,3.0,237
1499.0,1.0,3.0,237
1500.0,1.0,3.0,237
1501.0,1.0,3.0,237
1502.0,1.0,3.0,237
1503.0,1.0,3.0,237
1504.0,1.0,3.0,237
1505.0,1.0,3.0,237
1506.0,1.0,3.0,237
1507.0,1.0,3.0,237
1508.0,1.0,3.0,237
1509.0,1.0,3.0,237
1510.0,1.0,3.0,237
1511.0,1.0,3.0,237
1512.0,1.0,3.0,237
1513.0,1.0,3.0,236
1514.0,1.0,3.0,236
1515.0,1.0,3.0,236
1516.0,1.0,3.0,236
1517.0,1.0,3.0,236
1518.0,1.0,3.0,236
1519.0,1.0,3.0,236
1520.0,1.0,3.0,236
1521.0,1.0,3.0,236
1522.0,1.0,3.0,236
1523.0,1.0,3.0,236
1524.0,1.0,3.0,236
1525.0,1.0,3.0,236
1526.0,1.0,3.0,236
1527.0,1.0,3.0,236
1528.0,1.0,3.0,236
1529.0,1.0,3.0,236
1530.0,1.0,3.0,236
1531.0,1.0,3.0,236
1532.0,1.0,3.0,236
1533.0,1.0,3.0,236
1534.0,1.0,3.0,236
1535.0,1.0,3.0,236
1536.0,1.0,3.0,236
1537.0,1.0,3.0,236
1538.0,1.0,3.0,236
1539.0,1.0,3.0,236
1540.0,1.0,3.0,236
1541.0,1.0,3.0,236
1542.0,1.0,3.0,236
1543.0,1.0,3.0,236
1544.0,1.0,3.0,236
1545.0,1.0,3.0,236
1546.0,1.0,3.0,236
1547.0,1.0,3.0,236
1548.0,1.0,3.0,236
1549.0,1.0,3.0,236
1550.0,1.0,3.0,236
1551.0,1.0,3.0,236
1552.0,1.0,3.0,236
1553.0,1.0,3.0,236
1554.0,1.0,3.0,236
1555.0,1.0,3.0,236
1556.0,1.0,3.0,236
1557.0,1.0,3.0,236
1558.0,1.0,3.0,236
1559.0,1.0,3.0,236
1560.0,1.0,3.0,236
1561.0,1.0,3.0,236
1562.0,1.0,3.0,236
1563.0,1.0,3.0,236
1564.0,1.0,3.0,236
1565.0,1.0,3.0,236
1566.0,1.0,3.0,236
1567.0,1.0,3.0,236
1568.0,1.0,3.0,236
1569.0,1.0,3.0,236
1570.0,1.0,3.0,236
1571.0,1.0,3.0,236
1572.0,1.0,3.0,236
1573.0,1.0,3.0,236
1574.0,1.0,3.0,236
1575.0,1.0,3.0,236
1576.0,1.0,3.0,236
1577.0,1.0,3.0,236
1578.0,1.0,3.0,236
1579.0,1.0,3.0,236
1580.0,1.0,3.0,236
1581.0,1.0,3.0,236
1582.0,1.0,3.0,236
1583.0,1.0,3.0,236
1584.0,1.0,3.0,236
1585.0,1.0,3.0,236
1586.0,1.0,3.0,236
1587.0,1.0,3.0,236
1588.0,1.0,3.0,236
1589.0,1.0,3.0,236
1590.0,1.0,3.0,236
1591.0,1.0,3.0,236
1592.0,1.0,3.0,236
1593.0,1.0,3.0,236
1594.0,1.0,3.0,236
1595.0,1.0,3.0,236
1596.0,1.0,3.0,236
1597.0,1.0,3.0,236
1598.0,1.0,3.0,236
1599.0,1.0,3.0,236
1600.0,1.0,3.0,236
1601.0,1.0,3.0,236
1602.0,1.0,3.0,236
1603.0,1.0,3.0,236
1604.0,1.0,3.0,236
1605.0,1.0,3.0,236
1606.0,1.0,3.0,236
1607.0,1.0,3.0,236
1608.0,1.0,3.0,236
1609.0,1.0,3.0,236
1610.0,1.0,3.0,236
1611.0,1.0,3.0,236
1612.0,1.0,3.0,236
1613.0,1.0,3.0,236
1614.0,1.0,3.0,236
1615.0,1.0,3.0,236
1616.0,1.0,3.0,236
1617.0,1.0,3.0,236
1618.0,1.0,3.0,236
1619.0,1.0,3.0,236
1620.0,1.0,3.0,236
1621.0,1.0,3.0,236
1622.0,1.0,3.0,236
1623.0,1.0,3.0,236
1624.0,1.0,3.0,236
1625.0,1.0,3.0,236
1626.0,1.0,3.0,236
1627.0,1.0,3.0,236
1628.0,1.0,3.0,236
1629.0,1.0,3.0,236
1630.0,1.0,3.0,236
1631.0,1.0,3.0,236
1632.0,1.0,3.0,236
1633.0,1.0,3.0,236
1634.0,1.0,3.0,236
1635.0,1.0,3.0,236
1636.0,1.0,3.0,236
1637.0,1.0,3.0,236
1638.0,1.0,3.0,236
1639.0,1.0,3.0,236
1640.0,1.0,3.0,236
1641.0,1.0,3.0,236
1642.0,1.0,3.0,236
1643.0,1.0,3.0,236
1644.0,1.0,3.0,236
1645.0,1.0,3.0,236
1646.0,1.0,3.0,236
1647.0,1.0,3.0,236
1648.0,1.0,3.0,236
1649.0,1.0,3.0,236
1650.0,1.0,3.0,236
1651.0,1.0,3.0,236
1652.0,1.0,3.0,236
1653.0,1.0,3.0,236
1654.0,1.0,3.0,236
1655.0,1.0,3.0,236
1656.0,1.0,3.0,236
1657.0,1.0,3.0,236
1658.0,1.0,3.0,236
1659.0,1.0,3.0,236
1660.0,1.0,3.0,236
1661.0,1.0,3.0,236
1662.0,1.0,3.0,236
1663.0,1.0,3.0,236
1664.0,1.0,3.0,236
1665.0,1.0,3.0,236
1666.0,1.0,3.0,236
1667.0,1.0,3.0,236
1668.0,1.0,3.0,236
1669.0,1.0,3.0,236
1670.0,1.0,3.0,236
1671.0,1.0,3.0,236
1672.0,1.0,3.0,236
1673.0,1.0,3.0,236
1674.0,1.0,3.0,236
1675.0,1.0,3.0,236
1676.0,1.0,3.0,236
1677.0,1.0,3.0,236
1678.0,1.0,3.0,236
1679.0,1.0,3.0,236
1680.0,1.0,3.0,236
1681.0,1.0,3.0,236
1682.0,1.0,3.0,236
1683.0,1.0,3.0,236
1684.0,1.0,3.0,236
1685.0,1.0,3.0,236
1686.0,1.0,3.0,236
1687.0,1.0,3.0,236
1688.0,1.0,3.0,236
1689.0,1.0,3.0,236
1690.0,1.0,3.0,236
1691.0,1.0,3.0,236
1692.0,1.0,3.0,236
1693.0,1.0,3.0,236
1694.0,1.0,3.0,236
1695.0,1.0,3.0,236
1696.0,1.0,3.0,236
1697.0,1.0,3.0,236
1698.0,1.0,3.0,236
1699.0,1.0,3.0,236
1700.0,1.0,3.0,236
1701.0,1.0,3.0,236
1702.0,1.0,3.0,236
1703.0,1.0,3.0,236
1704.0,1.0,3.0,236
1705.0,1.0,3.0,236
1706.0,1.0,3.0,236
1707.0,1.0,3.0,236
1708.0,1.0,3.0,236
1709.0,1.0,3.0,236
1710.0,1.0,3.0,236
1711.0,1.0,3.0,236
1712.0,1.0,3.0,236
1713.0,1.0,3.0,236
1714.0,1.0,3.0,236
1715.0,1.0,3.0,236
1716.0,1.0,3.0,236
1717.0,1.0,3.0,236
1718.0,1.0,3.0,236
1719.0,1.0,3.0,236
1720.0,1.0,3.0,236
1721.0,1.0,3.0,236
1722.0,1.0,3.0,236
1723.0,1.0,3.0,236
1724.0,1.0,3.0,236
1725.0,1.0,3.0,236
1726.0,1.0,3.0,236
1727.0,1.0,3.0,236
1728.0,1.0,3.0,236
1729.0,1.0,3.0,236
1730.0,1.0,3.0,236
1731.0,1.0,3.0,236
1732.0,1.0,3.0,236
1733.0,1.0,3.0,236
1734.0,1.0,3.0,236
1735.0,1.0,3.0,236
1736.0,1.0,3.0,236
1737.0,1.0,3.0,236
1738.0,1.0,3.0,236
1739.0,1.0,3.0,236
1740.0,1.0,3.0,236
1741.0,1.0,3.0,236
1742.0,1.0,3.0,236
1743.0,1.0,3.0,236
1744.0,1.0,3.0,236
1745.0,1.0,3.0,236
1746.0,1.0,3.0,236
1747.0,1.0,3.0,236
1748.0,1.0,3.0,236
1749.0,1.0,3.0,236
1750.0,1.0,3.0,236
1751.0,1.0,3.0,236
1752.0,1.0,3.0,236
1753.0,1.0,3.0,236
1754.0,1.0,3.0,236
1755.0,1.0,3.0,236
1756.0,1.0,3.0,236
1757.0,1.0,3.0,236
1758.0,1.0,3.0,236
1759.0,1.0,3.0,236
1760.0,1.0,3.0,236
1761.0,1.0,3.0,236
1762.0,1.0,3.0,236
1763.0,1.0,3.0,236
1764.0,1.0,3.0,236
1765.0,1.0,3.0,236
1766.0,1.0,3.0,236
1767.0,1.0,3.0,236
1768.0,1.0,3.0,236
1769.0,1.0,3.0,236
1770.0,1.0,3.0,236
1771.0,1.0,3.0,236
1772.0,1.0,3.0,236
1773.0,1.0,3.0,236
1774.0,1.0,3.0,236
1775.0,1.0,3.0,236
1776.0,1.0,3.0,236
1777.0,1.0,3.0,236
1778.0,1.0,3.0,236
1779.0,1.0,3.0,236
1780.0,1.0,3.0,236
1781.0,1.0,3.0,236
1782.0,1.0,3.0,236
1783.0,1.0,3.0,236
1784.0,1.0,3.0,236
1785.0,1.0,3.0,236
1786.0,1.0,3.0,236
1787.0,1.0,3.0,236
1788.0,1.0,3.0,236
1789.0,1.0,3.0,236
1790.0,1.0,3.0,236
1791.0,1.0,3.0,236
1792.0,1.0,3.0,236
1793.0,1.0,3.0,236
1794.0,1.0,3.0,236
1795.0,1.0,3.0,236
1796.0,1.0,3.0,236
1797.0,1.0,3.0,236
1798.0,1.0,3.0,236
1799.0,1.0,3.0,236
1800.0,1.0,3.0,236
1801.0,1.0,3.0,236
1802.0,1.0,3.0,236
1803.0,1.0,3.0,236
1804.0,1.0,3.0,236
1805.0,1.0,3.0,236
1806.0,1.0,3.0,236
1807.0,1.0,3.0,236
1808.0,1.0,3.0,236
1809.0,1.0,3.0,236
1810.0,1.0,3.0,236
1811.0,1.0,3.0,236
1812.0,1.0,3.0,236
1813.0,1.0,3.0,236
1814.0,1.0,3.0,236
1815.0,1.0,3.0,236
1816.0,1.0,3.0,236
1817.0,1.0,3.0,236
1818.0,1.0,3.0,236
1819.0,1.0,3.0,236
1820.0,1.0,3.0,236
1821.0,1.0,3.0,236
1822.0,1.0,3.0,236
1823.0,1.0,3.0,236
1824.0,1.0,3.0,236
1825.0,1.0,3.0,236
1826.0,1.0,3.0,236
1827.0,1.0,3.0,236
1828.0,1.0,3.0,236
1829.0,1.0,3.0,236
1830.0,1.0,3.0,236
1831.0,1.0,3.0,236
1832.0,1.0,3.0,236
1833.0,1.0,3.0,236
1834.0,1.0,3.0,236
1835.0,1.0,3.0,236
1836.0,1.0,3.0,236
1837.0,1.0,3.0,236
1838.0,1.0,3.0,236
1839.0,1.0,3.0,236
1840.0,1.0,3.0,236
1841.0,1.0,3.0,236
1842.0,1.0,3.0,236
1843.0,1.0,3.0,236
1844.0,1.0,3.0,236
1845.0,1.0,3.0,236
1846.0,1.0,3.0,236
1847.0,1.0,3.0,236
1848.0,1.0,3.0,236
1849.0,1.0,3.0,236
1850.0,1.0,3.0,236
1851.0,1.0,3.0,236
1852.0,1.0,3.0,236
1853.0,1.0,3.0,236
1854.0,1.0,3.0,236
1855.0,1.0,3.0,236
1856.0,1.0,3.0,236
1857.0,1.0,3.0,236
1858.0,1.0,3.0,236
1859.0,1.0,3.0,236
1860.0,1.0,3.0,236
1861.0,1.0,3.0,236
1862.0,1.0,3.0,236
1863.0,1.0,3.0,236
1864.0,1.0,3.0,236
1865.0,1.0,3.0,236
1866.0,1.0,3.0,236
1867.0,1.0,3.0,236
1868.0,1.0,3.0,236
1869.0,1.0,3.0,236
1870.0,1.0,3.0,236
1871.0,1.0,3.0,236
1872.0,1.0,3.0,236
1873.0,1.0,3.0,236
1874.0,1.0,3.0,236
1875.0,1.0,3.0,236
1876.0,1.0,3.0,236
1877.0,1.0,3.0,236
1878.0,1.0,3.0,236
1879.0,1.0,3.0,236
1880.0,1.0,3.0,236
1881.0,1.0,3.0,236
1882.0,1.0,3.0,236
1883.0,1.0,3.0,236
1884.0,1.0,3.0,236
1885.0,1.0,3.0,236
1886.0,1.0,3.0,236
1887.0,1.0,3.0,236
1888.0,1.0,3.0,236
1889.0,1.0,3.0,236
1890.0,1.0,3.0,236
1891.0,1.0,3.0,236
1892.0,1.0,3.0,236
1893.0,1.0,3.0,236
1894.0,1.0,3.0,236
1895.0,1.0,3.0,236
1896.0,1.0,3.0,236
1897.0,1.0,3.0,236
1898.0,1.0,3.0,236
1899.0,1.0,3.0,236
1900.0,1.0,3.0,236
1901.0,1.0,3.0,236
1902.0,1.0,3.0,236
1903.0,1.0,3.0,236
1904.0,1.0,3.0,236
1905.0,1.0,3.0,236
1906.0,1.0,3.0,236
1907.0,1.0,3.0,236
1908.0,1.0,3.0,236
1909.0,1.0,3.0,236
1910.0,1.0,3.0,236
1911.0,1.0,3.0,236
1912.0,1.0,3.0,236
1913.0,1.0,3.0,236
1914.0,1.0,3.0,236
1915.0,1.0,3.0,236
1916.0,1.0,3.0,236
1917.0,1.0,3.0,236
1918.0,1.0,3.0,236
1919.0,1.0,3.0,236
1920.0,1.0,3.0,236
1921.0,1.0,3.0,236
1922.0,1.0,3.0,236
1923.0,1.0,3.0,236
1924.0,1.0,3.0,236
1925.0,1.0,3.0,236
1926.0,1.0,3.0,236
1927.0,1.0,3.0,236
1928.0,1.0,3.0,236
1929.0,1.0,3.0,236
1930.0,1.0,3.0,236
1931.0,1.0,3.0,236
1932.0,1.0,3.0,236
1933.0,1.0,3.0,236
1934.0,1.0,3.0,236
1935.0,1.0,3.0,236
1936.0,1.0,3.0,236
1937.0,1.0,3.0,236
1938.0,1.0,3.0,236
1939.0,1.0,3.0,236
1940.0,1.0,3.0,236
1941.0,1.0,3.0,236
1942.0,1.0,3.0,236
1943.0,1.0,3.0,236
1944.0,1.0,3.0,236
1945.0,1.0,3.0,236
1946.0,1.0,3.0,236
1947.0,1.0,3.0,236
1948.0,1.0,3.0,236
1949.0,1.0,3.0,236
1950.0,1.0,3.0,236
1951.0,1.0,3.0,236
1952.0,1.0,3.0,236
1953.0,1.0,3.0,236
1954.0,1.0,3.0,236
1955.0,1.0,3.0,236
1956.0,1.0,3.0,236
1957.0,1.0,3.0,236
1958.0,1.0,3.0,236
1959.0,1.0,3.0,236
1960.0,1.0,3.0,236
1961.0,1.0,3.0,236
1962.0,1.0,3.0,236
1963.0,1.0,3.0,236
1964.0,1.0,3.0,236
1965.0,1.0,3.0,236
1966.0,1.0,3.0,236
1967.0,1.0,3.0,236
1968.0,1.0,3.0,236
1969.0,1.0,3.0,236
1970.0,1.0,3.0,236
1971.0,1.0,3.0,236
1972.0,1.0,3.0,236
1973.0,1.0,3.0,236
1974.0,1.0,3.0,236
1975.0,1.0,3.0,236
1976.0,1.0,3.0,236
1977.0,1.0,3.0,236
1978.0,1.0,3.0,236
1979.0,1.0,3.0,236
1980.0,1.0,3.0,236
1981.0,1.0,3.0,236
1982.0,1.0,3.0,236
1983.0,1.0,3.0,236
1984.0,1.0,3.0,236
1985.0,1.0,3.0,236
1986.0,1.0,3.0,236
1987.0,1.0,3.0,236
1988.0,1.0,3.0,236
1989.0,1.0,3.0,236
1990.0,1.0,3.0,236
1991.0,1.0,3.0,236
1992.0,1.0,3.0,236
1993.0,1.0,3.0,236
1994.0,1.0,3.0,236
1995.0,1.0,3.0,236
1996.0,1.0,3.0,236
1997.0,1.0,3.0,236
1998.0,1.0,3.0,236
1999.0,1.0,3.0,236
2000.0,1.0,3.0,236
2001.0,1.0,3.0,236
2002.0,1.0,3.0,236
2003.0,1.0,3.0,236
2004.0,1.0,3.0,236
2005.0,1.0,3.0,236
2006.0,1.0,3.0,236
2007.0,1.0,3.0,236
2008.0,1.0,3.0,236
2009.0,1.0,3.0,236
2010.0,1.0,3.0,236
2011.0,1.0,3.0,236
2012.0,1.0,3.0,236
2013.0,1.0,3.0,236
2014.0,1.0,3.0,236
2015.0,1.0,3.0,236
2016.0,1.0,3.0,236
2017.0,1.0,3.0,236
2018.0,1.0,3.0,236
2019.0,1.0,3.0,236
2020.0,1.0,3.0,236
2021.0,1.0,3.0,236
2022.0,1.0,3.0,236
2023.0,1.0,3.0,236
2024.0,1.0,3.0,236
2025.0,1.0,3.0,236
2026.0,1.0,3.0,236
2027.0,1.0,3.0,236
2028.0,1.0,3.0,236
2029.0,1.0,3.0,236
2030.0,1.0,3.0,236
2031.0,1.0,3.0,236
2032.0,1.0,3.0,236
2033.0,1.0,3.0,236
2034.0,1.0,3.0,236
2035.0,1.0,3.0,236
2036.0,1.0,3.0,236
2037.0,1.0,3.0,236
2038.0,1.0,3.0,236
2039.0,1.0,3.0,236
2040.0,1.0,3.0,236
2041.0,1.0,3.0,236
2042.0,1.0,3.0,236
2043.0,1.0,3.0,236
2044.0,1.0,3.0,236
2045.0,1.0,3.0,236
2046.0,1.0,3.0,236
2047.0,1.0,3.0,236
2048.0,1.0,3.0,236
2049.0,1.0,3.0,236
2050.0,1.0,3.0,236
2051.0,1.0,3.0,236
2052.0,1.0,3.0,236
2053.0,1.0,3.0,236
2054.0,1.0,3.0,236
2055.0,1.0,3.0,236
2056.0,1.0,3.0,236
2057.0,1.0,3.0,236
2058.0,1.0,3.0,236
2059.0,1.0,3.0,236
2060.0,1.0,3.0,236
2061.0,1.0,3.0,236
2062.0,1.0,3.0,236
2063.0,1.0,3.0,236
2064.0,1.0,3.0,236
2065.0,1.0,3.0,236
2066.0,1.0,3.0,236
2067.0,1.0,3.0,236
2068.0,1.0,3.0,236
2069.0,1.0,3.0,236
2070.0,1.0,3.0,236
2071.0,1.0,3.0,236
2072.0,1.0,3.0,236
2073.0,1.0,3.0,236
2074.0,1.0,3.0,236
2075.0,1.0,3.0,236
2076.0,1.0,3.0,236
2077.0,1.0,3.0,236
2078.0,1.0,3.0,236
2079.0,1.0,3.0,236
2080.0,1.0,3.0,236
2081.0,1.0,3.0,236
2082.0,1.0,3.0,236
2083.0,1.0,3.0,236
2084.0,1.0,3.0,236
2085.0,1.0,3.0,236
2086.0,1.0,3.0,236
2087.0,1.0,3.0,236
2088.0,1.0,3.0,236
2089.0,1.0,3.0,236
2090.0,1.0,3.0,236
2091.0,1.0,3.0,236
2092.0,1.0,3.0,236
2093.0,1.0,3.0,236
2094.0,1.0,3.0,236
2095.0,1.0,3.0,236
2096.0,1.0,3.0,236
2097.0,1.0,3.0,236
2098.0,1.0,3.0,236
2099.0,1.0,3.0,236
2100.0,1.0,3.0,236
2101.0,1.0,3.0,236
2102.0,1.0,3.0,236
2103.0,1.0,3.0,236
2104.0,1.0,3.0,236
2105.0,1.0,3.0,236
2106.0,1.0,3.0,236
2107.0,1.0,3.0,236
2108.0,1.0,3.0,236
2109.0,1.0,3.0,236
2110.0,1.0,3.0,236
2111.0,1.0,3.0,236
2112.0,1.0,3.0,236
2113.0,1.0,3.0,236
2114.0,1.0,3.0,236
2115.0,1.0,3.0,236
2116.0,1.0,3.0,236
2117.0,1.0,3.0,236
2118.0,1.0,3.0,236
2119.0,1.0,3.0,236
2120.0,1.0,3.0,236
2121.0,1.0,3.0,236
2122.0,1.0,3.0,236
2123.0,1.0,3.0,236
2124.0,1.0,3.0,236
2125.0,1.0,3.0,236
2126.0,1.0,3.0,236
2127.0,1.0,3.0,236
2128.0,1.0,3.0,236
2129.0,1.0,3.0,236
2130.0,1.0,3.0,236
2131.0,1.0,3.0,236
2132.0,1.0,3.0,236
2133.0,1.0,3.0,236
2134.0,1.0,3.0,236
2135.0,1.0,3.0,236
2136.0,1.0,3.0,236
2137.0,1.0,3.0,236
2138.0,1.0,3.0,236
2139.0,1.0,3.0,236
2140.0,1.0,3.0,236
2141.0,1.0,3.0,236
2142.0,1.0,3.0,236
2143.0,1.0,3.0,236
2144.0,1.0,3.0,236
2145.0,1.0,3.0,236
2146.0,1.0,3.0,236
2147.0,1.0,3.0,236
2148.0,1.0,3.0,236
2149.0,1.0,3.0,236
2150.0,1.0,3.0,236
2151.0,1.0,3.0,236
2152.0,1.0,3.0,236
2153.0,1.0,3.0,236
2154.0,1.0,3.0,236
2155.0,1.0,3.0,236
2156.0,1.0,3.0,236
2157.0,1.0,3.0,236
2158.0,1.0,3.0,236
2159.0,1.0,3.0,236
2160.0,1.0,3.0,236
2161.0,1.0,3.0,236
2162.0,1.0,3.0,236
2163.0,1.0,3.0,236
2164.0,1.0,3.0,236
2165.0,1.0,3.0,236
2166.0,1.0,3.0,236
2167.0,1.0,3.0,236
2168.0,1.0,3.0,236
2169.0,1.0,3.0,236
2170.0,1.0,3.0,236
2171.0,1.0,3.0,236
2172.0,1.0,3.0,236
2173.0,1.0,3.0,236
2174.0,1.0,3.0,236
2175.0,1.0,3.0,236
2176.0,1.0,3.0,236
2177.0,1.0,3.0,236
2178.0,1.0,3.0,236
2179.0,1.0,3.0,236
2180.0,1.0,3.0,236
2181.0,1.0,3.0,236
2182.0,1.0,3.0,236
2183.0,1.0,3.0,236
2184.0,1.0,3.0,236
2185.0,1.0,3.0,236
2186.0,1.0,3.0,236
2187.0,1.0,3.0,236
2188.0,1.0,3.0,236
2189.0,1.0,3.0,236
2190.0,1.0,3.0,236
2191.0,1.0,3.0,236
2192.0,1.0,3.0,236
2193.0,1.0,3.0,236
2194.0,1.0,3.0,236
2195.0,1.0,3.0,236
2196.0,1.0,3.0,236
2197.0,1.0,3.0,236
2198.0,1.0,3.0,236
2199.0,1.0,3.0,236
2200.0,1.0,3.0,236
2201.0,1.0,3.0,236
2202.0,1.0,3.0,236
2203.0,1.0,3.0,236
2204.0,1.0,3.0,236
2205.0,1.0,3.0,236
2206.0,1.0,3.0,236
2207.0,1.0,3.0,236
2208.0,1.0,3.0,236
2209.0,1.0,3.0,236
2210.0,1.0,3.0,236
2211.0,1.0,3.0,236
2212.0,1.0,3.0,236
2213.0,1.0,3.0,236
2214.0,1.0,3.0,236
2215.0,1.0,3.0,236
2216.0,1.0,3.0,236
2217.0,1.0,3.0,236
2218.0,1.0,3.0,236
2219.0,1.0,3.0,236
2220.0,1.0,3.0,236
2221.0,1.0,3.0,236
2222.0,1.0,3.0,236
2223.0,1.0,3.0,236
2224.0,1.0,3.0,236
2225.0,1.0,3.0,236
2226.0,1.0,3.0,236
2227.0,1.0,3.0,236
2228.0,1.0,3.0,236
2229.0,1.0,3.0,236
2230.0,1.0,3.0,236
2231.0,1.0,3.0,236
2232.0,1.0,3.0,236
2233.0,1.0,3.0,236
2234.0,1.0,3.0,236
2235.0,1.0,3.0,236
2236.0,1.0,3.0,236
2237.0,1.0,3.0,236
2238.0,1.0,3.0,236
2239.0,1.0,3.0,236
2240.0,1.0,3.0,236
2241.0,1.0,3.0,236
2242.0,1.0,3.0,236
2243.0,1.0,3.0,236
2244.0,1.0,3.0,236
2245.0,1.0,3.0,236
2246.0,1.0,3.0,236
2247.0,1.0,3.0,236
2248.0,1.0,3.0,236
2249.0,1.0,3.0,236
2250.0,1.0,3.0,236
2251.0,1.0,3.0,236
2252.0,1.0,3.0,236
2253.0,1.0,3.0,236
2254.0,1.0,3.0,236
2255.0,1.0,3.0,236
2256.0,1.0,3.0,236
2257.0,1.0,3.0,236
2258.0,1.0,3.0,236
2259.0,1.0,3.0,236
2260.0,1.0,3.0,236
2261.0,1.0,3.0,236
2262.0,1.0,3.0,236
2263.0,1.0,3.0,236
2264.0,1.0,3.0,236
2265.0,1.0,3.0,236
2266.0,1.0,3.0,236
2267.0,1.0,3.0,236
2268.0,1.0,3.0,236
2269.0,1.0,3.0,236
2270.0,1.0,3.0,236
2271.0,1.0,3.0,236
2272.0,1.0,3.0,236
2273.0,1.0,3.0,236
2274.0,1.0,3.0,236
2275.0,1.0,3.0,236
2276.0,1.0,3.0,236
2277.0,1.0,3.0,236
2278.0,1.0,3.0,236
2279.0,1.0,3.0,236
2280.0,1.0,3.0,236
2281.0,1.0,3.0,236
2282.0,1.0,3.0,236
2283.0,1.0,3.0,236
2284.0,1.0,3.0,236
2285.0,1.0,3.0,236
2286.0,1.0,3.0,236
2287.0,1.0,3.0,236
2288.0,1.0,3.0,236
2289.0,1.0,3.0,236
2290.0,1.0,3.0,236
2291.0,1.0,3.0,236
2292.0,1.0,3.0,236
2293.0,1.0,3.0,236
2294.0,1.0,3.0,236
2295.0,1.0,3.0,236
2296.0,1.0,3.0,236
2297.0,1.0,3.0,236
2298.0,1.0,3.0,236
2299.0,1.0,3.0,236
2300.0,1.0,3.0,236
2301.0,1.0,3.0,236
2302.0,1.0,3.0,236
2303.0,1.0,3.0,236
2304.0,1.0,3.0,236
2305.0,1.0,3.0,236
2306.0,1.0,3.0,236
2307.0,1.0,3.0,236
2308.0,1.0,3.0,236
2309.0,1.0,3.0,236
2310.0,1.0,3.0,236
2311.0,1.0,3.0,236
2312.0,1.0,3.0,236
2313.0,1.0,3.0,236
2314.0,1.0,3.0,236
2315.0,1.0,3.0,236
2316.0,1.0,3.0,236
2317.0,1.0,3.0,236
2318.0,1.0,3.0,236
2319.0,1.0,3.0,236
2320.0,1.0,3.0,236
2321.0,1.0,3.0,236
2322.0,1.0,3.0,236
2323.0,1.0,3.0,236
2324.0,1.0,3.0,236
2325.0,1.0,3.0,236
2326.0,1.0,3.0,236
2327.0,1.0,3.0,236
2328.0,1.0,3.0,236
2329.0,1.0,3.0,236
2330.0,1.0,3.0,236
2331.0,1.0,3.0,236
2332.0,1.0,3.0,236
2333.0,1.0,3.0,236
2334.0,1.0,3.0,236
2335.0,1.0,3.0,236
2336.0,1.0,3.0,236
2337.0,1.0,3.0,236
2338.0,1.0,3.0,236
2339.0,1.0,3.0,236
2340.0,1.0,3.0,236
2341.0,1.0,3.0,236
2342.0,1.0,3.0,236
2343.0,1.0,3.0,236
2344.0,1.0,3.0,236
2345.0,1.0,3.0,236
2346.0,1.0,3.0,236
2347.0,1.0,3.0,236
2348.0,1.0,3.0,236
2349.0,1.0,3.0,236
2350.0,1.0,3.0,236
2351.0,1.0,3.0,236
2352.0,1.0,3.0,236
2353.0,1.0,3.0,236
2354.0,1.0,3.0,236
2355.0,1.0,3.0,236
2356.0,1.0,3.0,236
2357.0,1.0,3.0,236
2358.0,1.0,3.0,236
2359.0,1.0,3.0,236
2360.0,1.0,3.0,236
2361.0,1.0,3.0,236
2362.0,1.0,3.0,236
2363.0,1.0,3.0,236
2364.0,1.0,3.0,236
2365.0,1.0,3.0,236
2366.0,1.0,3.0,236
2367.0,1.0,3.0,236
2368.0,1.0,3.0,236
2369.0,1.0,3.0,236
2370.0,1.0,3.0,236
2371.0,1.0,3.0,236
2372.0,1.0,3.0,236
2373.0,1.0,3.0,236
2374.0,1.0,3.0,236
2375.0,1.0,3.0,236
2376.0,1.0,3.0,236
2377.0,1.0,3.0,236
2378.0,1.0,3.0,236
2379.0,1.0,3.0,236
2380.0,1.0,3.0,236
2381.0,1.0,3.0,236
2382.0,1.0,3.0,236
2383.0,1.0,3.0,236
2384.0,1.0,3.0,236
2385.0,1.0,3.0,236
2386.0,1.0,3.0,236
2387.0,1.0,3.0,236
2388.0,1.0,3.0,236
2389.0,1.0,3.0,236
2390.0,1.0,3.0,236
2391.0,1.0,3.0,236
2392.0,1.0,3.0,236
2393.0,1.0,3.0,236
2394.0,1.0,3.0,236
2395.0,1.0,3.0,236
2396.0,1.0,3.0,236
2397.0,1.0,3.0,236
2398.0,1.0,3.0,236
2399.0,1.0,3.0,236
2400.0,1.0,3.0,236
2401.0,1.0,3.0,236
2402.0,1.0,3.0,236
2403.0,1.0,3.0,236
2404.0,1.0,3.0,236
2405.0,1.0,3.0,236
2406.0,1.0,3.0,236
2407.0,1.0,3.0,236
2408.0,1.0,3.0,236
2409.0,1.0,3.0,236
2410.0,1.0,3.0,236
2411.0,1.0,3.0,236
2412.0,1.0,3.0,236
2413.0,1.0,3.0,236
2414.0,1.0,3.0,236
2415.0,1.0,3.0,236
2416.0,1.0,3.0,236
2417.0,1.0,3.0,236
2418.0,1.0,3.0,236
2419.0,1.0,3.0,236
2420.0,1.0,3.0,236
2421.0,1.0,3.0,236
2422.0,1.0,3.0,236
2423.0,1.0,3.0,236
2424.0,1.0,3.0,236
2425.0,1.0,3.0,236
2426.0,1.0,3.0,236
2427.0,1.0,3.0,236
2428.0,1.0,3.0,236
2429.0,1.0,3.0,236
2430.0,1.0,3.0,236
2431.0,1.0,3.0,236
2432.0,1.0,3.0,236
2433.0,1.0,3.0,236
2434.0,1.0,3.0,236
2435.0,1.0,3.0,236
2436.0,1.0,3.0,236
2437.0,1.0,3.0,236
2438.0,1.0,3.0,236
2439.0,1.0,3.0,236
2440.0,1.0,3.0,236
2441.0,1.0,3.0,236
2442.0,1.0,3.0,236
2443.0,1.0,3.0,236
2444.0,1.0,3.0,236
2445.0,1.0,3.0,236
2446.0,1.0,3.0,236
2447.0,1.0,3.0,236
2448.0,1.0,3.0,236
2449.0,1.0,3.0,236
2450.0,1.0,3.0,236
2451.0,1.0,3.0,236
2452.0,1.0,3.0,236
2453.0,1.0,3.0,236
2454.0,1.0,3.0,236
2455.0,1.0,3.0,236
2456.0,1.0,3.0,236
2457.0,1.0,3.0,236
2458.0,1.0,3.0,236
2459.0,1.0,3.0,236
2460.0,1.0,3.0,236
2461.0,1.0,3.0,236
2462.0,1.0,3.0,236
2463.0,1.0,3.0,236
2464.0,1.0,3.0,236
2465.0,1.0,3.0,236
2466.0,1.0,3.0,236
2467.0,1.0,3.0,236
2468.0,1.0,3.0,236
2469.0,1.0,3.0,236
2470.0,1.0,3.0,236
2471.0,1.0,3.0,236
2472.0,1.0,3.0,236
2473.0,1.0,3.0,236
2474.0,1.0,3.0,236
2475.0,1.0,3.0,236
2476.0,1.0,3.0,236
2477.0,1.0,3.0,236
2478.0,1.0,3.0,236
2479.0,1.0,3.0,236
2480.0,1.0,3.0,236
2481.0,1.0,3.0,236
2482.0,1.0,3.0,236
2483.0,1.0,3.0,236
2484.0,1.0,3.0,236
2485.0,1.0,3.0,236
2486.0,1.0,3.0,236
2487.0,1.0,3.0,236
2488.0,1.0,3.0,236
2489.0,1.0,3.0,236
2490.0,1.0,3.0,236
2491.0,1.0,3.0,236
2492.0,1.0,3.0,236
2493.0,1.0,3.0,236
2494.0,1.0,3.0,236
2495.0,1.0,3.0,236
2496.0,1.0,3.0,236
2497.0,1.0,3.0,236
2498.0,1.0,3.0,236
2499.0,1.0,3.0,236
2500.0,1.0,3.0,236
2501.0,1.0,3.0,236
2502.0,1.0,3.0,236
2503.0,1.0,3.0,236
2504.0,1.0,3.0,236
2505.0,1.0,3.0,236
2506.0,1.0,3.0,236
2507.0,1.0,3.0,236
2508.0,1.0,3.0,236
2509.0,1.0,3.0,236
2510.0,1.0,3.0,236
2511.0,1.0,3.0,236
2512.0,1.0,3.0,236
2513.0,1.0,3.0,236
2514.0,1.0,3.0,236
2515.0,1.0,3.0,236
2516.0,1.0,3.0,236
2517.0,1.0,3.0,236
2518.0,1.0,3.0,236
2519.0,1.0,3.0,236
2520.0,1.0,3.0,236
2521.0,1.0,3.0,236
2522.0,1.0,3.0,236
2523.0,1.0,3.0,236
2524.0,1.0,3.0,236
2525.0,1.0,3.0,236
2526.0,1.0,3.0,236
2527.0,1.0,3.0,236
2528.0,1.0,3.0,236
2529.0,1.0,3.0,236
2530.0,1.0,3.0,236
2531.0,1.0,3.0,236
2532.0,1.0,3.0,236
2533.0,1.0,3.0,236
2534.0,1.0,3.0,236
2535.0,1.0,3.0,236
2536.0,1.0,3.0,236
2537.0,1.0,3.0,236
2538.0,1.0,3.0,236
2539.0,1.0,3.0,236
2540.0,1.0,3.0,236
2541.0,1.0,3.0,236
2542.0,1.0,3.0,236
2543.0,1.0,3.0,236
2544.0,1.0,3.0,236
2545.0,1.0,3.0,236
2546.0,1.0,3.0,236
2547.0,1.0,3.0,236
2548.0,1.0,3.0,236
2549.0,1.0,3.0,236
2550.0,1.0,3.0,236
2551.0,1.0,3.0,236
2552.0,1.0,3.0,236
2553.0,1.0,3.0,236
2554.0,1.0,3.0,236
2555.0,1.0,3.0,236
2556.0,1.0,3.0,236
2557.0,1.0,3.0,236
2558.0,1.0,3.0,236
2559.0,1.0,3.0,236
2560.0,1.0,3.0,236
2561.0,1.0,3.0,236
2562.0,1.0,3.0,236
2563.0,1.0,3.0,236
2564.0,1.0,3.0,236
2565.0,1.0,3.0,236
2566.0,1.0,3.0,236
2567.0,1.0,3.0,236
2568.0,1.0,3.0,236
2569.0,1.0,3.0,236
2570.0,1.0,3.0,236
2571.0,1.0,3.0,236
2572.0,1.0,3.0,236
2573.0,1.0,3.0,236
2574.0,1.0,3.0,236
2575.0,1.0,3.0,236
2576.0,1.0,3.0,236
2577.0,1.0,3.0,236
2578.0,1.0,3.0,236
2579.0,1.0,3.0,236
2580.0,1.0,3.0,236
2581.0,1.0,3.0,236
2582.0,1.0,3.0,236
2583.0,1.0,3.0,236
2584.0,1.0,3.0,236
2585.0,1.0,3.0,236
2586.0,1.0,3.0,236
2587.0,1.0,3.0,236
2588.0,1.0,3.0,236
2589.0,1.0,3.0,236
2590.0,1.0,3.0,236
2591.0,1.0,3.0,236
2592.0,1.0,3.0,236
2593.0,1.0,3.0,236
2594.0,1.0,3.0,236
2595.0,1.0,3.0,236
2596.0,1.0,3.0,236
2597.0,1.0,3.0,236
2598.0,1.0,3.0,236
2599.0,1.0,3.0,236
2600.0,1.0,3.0,236
2601.0,1.0,3.0,236
2602.0,1.0,3.0,236
2603.0,1.0,3.0,236
2604.0,1.0,3.0,236
2605.0,1.0,3.0,236
2606.0,1.0,3.0,236
2607.0,1.0,3.0,236
2608.0,1.0,3.0,236
2609.0,1.0,3.0,236
2610.0,1.0,3.0,236
2611.0,1.0,3.0,236
2612.0,1.0,3.0,236
2613.0,1.0,3.0,236
2614.0,1.0,3.0,236
2615.0,1.0,3.0,236
2616.0,1.0,3.0,236
2617.0,1.0,3.0,236
2618.0,1.0,3.0,236
2619.0,1.0,3.0,236
2620.0,1.0,3.0,236
2621.0,1.0,3.0,236
2622.0,1.0,3.0,236
2623.0,1.0,3.0,236
2624.0,1.0,3.0,236
2625.0,1.0,3.0,236
2626.0,1.0,3.0,236
2627.0,1.0,3.0,236
2628.0,1.0,3.0,236
2629.0,1.0,3.0,236
2630.0,1.0,3.0,236
2631.0,1.0,3.0,236
2632.0,1.0,3.0,236
2633.0,1.0,3.0,236
2634.0,1.0,3.0,236
2635.0,1.0,3.0,236
2636.0,1.0,3.0,236
2637.0,1.0,3.0,236
2638.0,1.0,3.0,236
2639.0,1.0,3.0,236
2640.0,1.0,3.0,236
2641.0,1.0,3.0,236
2642.0,1.0,3.0,236
2643.0,1.0,3.0,236
2644.0,1.0,3.0,236
2645.0,1.0,3.0,236
2646.0,1.0,3.0,236
2647.0,1.0,3.0,236
2648.0,1.0,3.0,236
2649.0,1.0,3.0,236
2650.0,1.0,3.0,236
2651.0,1.0,3.0,236
2652.0,1.0,3.0,236
2653.0,1.0,3.0,236
2654.0,1.0,3.0,236
2655.0,1.0,3.0,236
2656.0,1.0,3.0,236
2657.0,1.0,3.0,236
2658.0,1.0,3.0,236
2659.0,1.0,3.0,236
2660.0,1.0,3.0,236
2661.0,1.0,3.0,236
2662.0,1.0,3.0,236
2663.0,1.0,3.0,236
2664.0,1.0,3.0,236
2665.0,1.0,3.0,236
2666.0,1.0,3.0,236
2667.0,1.0,3.0,236
2668.0,1.0,3.0,236
2669.0,1.0,3.0,236
2670.0,1.0,3.0,236
2671.0,1.0,3.0,236
2672.0,1.0,3.0,236
2673.0,1.0,3.0,236
2674.0,1.0,3.0,236
2675.0,1.0,3.0,236
2676.0,1.0,3.0,236
2677.0,1.0,3.0,236
2678.0,1.0,3.0,236
2679.0,1.0,3.0,236
2680.0,1.0,3.0,236
2681.0,1.0,3.0,236
2682.0,1.0,3.0,236
2683.0,1.0,3.0,236
2684.0,1.0,3.0,236
2685.0,1.0,3.0,236
2686.0,1.0,3.0,236
2687.0,1.0,3.0,236
2688.0,1.0,3.0,236
2689.0,1.0,3.0,236
2690.0,1.0,3.0,236
2691.0,1.0,3.0,236
2692.0,1.0,3.0,236
2693.0,1.0,3.0,236
2694.0,1.0,3.0,236
2695.0,1.0,3.0,236
2696.0,1.0,3.0,236
2697.0,1.0,3.0,236
2698.0,1.0,3.0,236
2699.0,1.0,3.0,236
2700.0,1.0,3.0,236
2701.0,1.0,3.0,236
2702.0,1.0,3.0,236
2703.0,1.0,3.0,236
2704.0,1.0,3.0,236
2705.0,1.0,3.0,236
2706.0,1.0,3.0,236
2707.0,1.0,3.0,236
2708.0,1.0,3.0,236
2709.0,1.0,3.0,236
2710.0,1.0,3.0,236
2711.0,1.0,3.0,236
2712.0,1.0,3.0,236
2713.0,1.0,3.0,236
2714.0,1.0,3.0,236
2715.0,1.0,3.0,236
2716.0,1.0,3.0,236
2717.0,1.0,3.0,236
2718.0,1.0,3.0,236
2719.0,1.0,3.0,236
2720.0,1.0,3.0,236
2721.0,1.0,3.0,236
2722.0,1.0,3.0,236
2723.0,1.0,3.0,236
2724.0,1.0,3.0,236
2725.0,1.0,3.0,236
2726.0,1.0,3.0,236
2727.0,1.0,3.0,236
2728.0,1.0,3.0,236
2729.0,1.0,3.0,236
2730.0,1.0,3.0,236
2731.0,1.0,3.0,236
2732.0,1.0,3.0,236
2733.0,1.0,3.0,236
2734.0,1.0,3.0,236
2735.0,1.0,3.0,236
2736.0,1.0,3.0,236
2737.0,1.0,3.0,236
2738.0,1.0,3.0,236
2739.0,1.0,3.0,236
2740.0,1.0,3.0,236
2741.0,1.0,3.0,236
2742.0,1.0,3.0,236
2743.0,1.0,3.0,236
2744.0,1.0,3.0,236
2745.0,1.0,3.0,236
2746.0,1.0,3.0,236
2747.0,1.0,3.0,236
2748.0,1.0,3.0,236
2749.0,1.0,3.0,236
2750.0,1.0,3.0,236
2751.0,1.0,3.0,236
2752.0,1.0,3.0,236
2753.0,1.0,3.0,236
2754.0,1.0,3.0,236
2755.0,1.0,3.0,236
2756.0,1.0,3.0,236
2757.0,1.0,3.0,236
2758.0,1.0,3.0,236
2759.0,1.0,3.0,236
2760.0,1.0,3.0,236
2761.0,1.0,3.0,236
2762.0,1.0,3.0,236
2763.0,1.0,3.0,236
2764.0,1.0,3.0,236
2765.0,1.0,3.0,236
2766.0,1.0,3.0,236
2767.0,1.0,3.0,236
2768.0,1.0,3.0,236
2769.0,1.0,3.0,236
2770.0,1.0,3.0,236
2771.0,1.0,3.0,236
2772.0,1.0,3.0,236
2773.0,1.0,3.0,236
2774.0,1.0,3.0,236
2775.0,1.0,3.0,236
2776.0,1.0,3.0,236
2777.0,1.0,3.0,236
2778.0,1.0,3.0,236
2779.0,1.0,3.0,236
2780.0,1.0,3.0,236
2781.0,1.0,3.0,236
2782.0,1.0,3.0,236
2783.0,1.0,3.0,236
2784.0,1.0,3.0,236
2785.0,1.0,3.0,236
2786.0,1.0,3.0,236
2787.0,1.0,3.0,236
2788.0,1.0,3.0,236
2789.0,1.0,3.0,236
2790.0,1.0,3.0,236
2791.0,1.0,3.0,236
2792.0,1.0,3.0,236
2793.0,1.0,3.0,236
2794.0,1.0,3.0,236
2795.0,1.0,3.0,236
2796.0,1.0,3.0,236
2797.0,1.0,3.0,236
2798.0,1.0,3.0,236
2799.0,1.0,3.0,236
2800.0,1.0,3.0,236
2801.0,1.0,3.0,236
2802.0,1.0,3.0,236
2803.0,1.0,3.0,236
2804.0,1.0,3.0,236
2805.0,1.0,3.0,236
2806.0,1.0,3.0,236
2807.0,1.0,3.0,236
2808.0,1.0,3.0,236
2809.0,1.0,3.0,236
2810.0,1.0,3.0,236
2811.0,1.0,3.0,236
2812.0,1.0,3.0,236
2813.0,1.0,3.0,236
2814.0,1.0,3.0,236
2815.0,1.0,3.0,236
2816.0,1.0,3.0,236
2817.0,1.0,3.0,236
2818.0,1.0,3.0,236
2819.0,1.0,3.0,236
2820.0,1.0,3.0,236
2821.0,1.0,3.0,236
2822.0,1.0,3.0,236
2823.0,1.0,3.0,236
2824.0,1.0,3.0,236
2825.0,1.0,3.0,236
2826.0,1.0,3.0,236
2827.0,1.0,3.0,236
2828.0,1.0,3.0,236
2829.0,1.0,3.0,236
2830.0,1.0,3.0,236
2831.0,1.0,3.0,236
2832.0,1.0,3.0,236
2833.0,1.0,3.0,236
2834.0,1.0,3.0,236
2835.0,1.0,3.0,236
2836.0,1.0,3.0,236
2837.0,1.0,3.0,236
2838.0,1.0,3.0,236
2839.0,1.0,3.0,236
2840.0,1.0,3.0,236
2841.0,1.0,3.0,236
2842.0,1.0,3.0,236
2843.0,1.0,3.0,236
2844.0,1.0,3.0,236
2845.0,1.0,3.0,236
2846.0,1.0,3.0,236
2847.0,1.0,3.0,236
2848.0,1.0,3.0,236
2849.0,1.0,3.0,236
2850.0,1.0,3.0,236
2851.0,1.0,3.0,236
2852.0,1.0,3.0,236
2853.0,1.0,3.0,236
2854.0,1.0,3.0,236
2855.0,1.0,3.0,236
2856.0,1.0,3.0,236
2857.0,1.0,3.0,236
2858.0,1.0,3.0,236
2859.0,1.0,3.0,236
2860.0,1.0,3.0,236
2861.0,1.0,3.0,236
2862.0,1.0,3.0,236
2863.0,1.0,3.0,236
2864.0,1.0,3.0,236
2865.0,1.0,3.0,236
2866.0,1.0,3.0,236
2867.0,1.0,3.0,236
2868.0,1.0,3.0,236
2869.0,1.0,3.0,236
2870.0,1.0,3.0,236
2871.0,1.0,3.0,236
2872.0,1.0,3.0,236
2873.0,1.0,3.0,236
2874.0,1.0,3.0,236
2875.0,1.0,3.0,236
2876.0,1.0,3.0,236
2877.0,1.0,3.0,236
2878.0,1.0,3.0,236
2879.0,1.0,3.0,236
2880.0,1.0,3.0,236
2881.0,1.0,3.0,236
2882.0,1.0,3.0,236
2883.0,1.0,3.0,236
2884.0,1.0,3.0,236
2885.0,1.0,3.0,236
2886.0,1.0,3.0,236
2887.0,1.0,3.0,236
2888.0,1.0,3.0,236
2889.0,1.0,3.0,236
2890.0,1.0,3.0,236
2891.0,1.0,3.0,236
2892.0,1.0,3.0,236
2893.0,1.0,3.0,236
2894.0,1.0,3.0,236
2895.0,1.0,3.0,236
2896.0,1.0,3.0,236
2897.0,1.0,3.0,236
2898.0,1.0,3.0,236
2899.0,1.0,3.0,236
2900.0,1.0,3.0,236
2901.0,1.0,3.0,236
2902.0,1.0,3.0,236
2903.0,1.0,3.0,236
2904.0,1.0,3.0,236
2905.0,1.0,3.0,236
2906.0,1.0,3.0,236
2907.0,1.0,3.0,236
2908.0,1.0,3.0,236
2909.0,1.0,3.0,236
2910.0,1.0,3.0,236
2911.0,1.0,3.0,236
2912.0,1.0,3.0,236
2913.0,1.0,3.0,236
2914.0,1.0,3.0,236
2915.0,1.0,3.0,236
2916.0,1.0,3.0,236
2917.0,1.0,3.0,236
2918.0,1.0,3.0,236
2919.0,1.0,3.0,236
2920.0,1.0,3.0,236
2921.0,1.0,3.0,236
2922.0,1.0,3.0,236
2923.0,1.0,3.0,236
2924.0,1.0,3.0,236
2925.0,1.0,3.0,236
2926.0,1.0,3.0,236
2927.0,1.0,3.0,236
2928.0,1.0,3.0,236
2929.0,1.0,3.0,236
2930.0,1.0,3.0,236
2931.0,1.0,3.0,236
2932.0,1.0,3.0,236
2933.0,1.0,3.0,236
2934.0,1.0,3.0,236
2935.0,1.0,3.0,236
2936.0,1.0,3.0,236
2937.0,1.0,3.0,236
2938.0,1.0,3.0,236
2939.0,1.0,3.0,236
2940.0,1.0,3.0,236
2941.0,1.0,3.0,236
2942.0,1.0,3.0,236
2943.0,1.0,3.0,236
2944.0,1.0,3.0,236
2945.0,1.0,3.0,236
2946.0,1.0,3.0,236
2947.0,1.0,3.0,236
2948.0,1.0,3.0,236
2949.0,1.0,3.0,236
2950.0,1.0,3.0,236
2951.0,1.0,3.0,236
2952.0,1.0,3.0,236
2953.0,1.0,3.0,236
2954.0,1.0,3.0,236
2955.0,1.0,3.0,236
2956.0,1.0,3.0,236
2957.0,1.0,3.0,236
2958.0,1.0,3.0,236
2959.0,1.0,3.0,236
2960.0,1.0,3.0,236
2961.0,1.0,3.0,236
2962.0,1.0,3.0,236
2963.0,1.0,3.0,236
2964.0,1.0,3.0,236
2965.0,1.0,3.0,236
2966.0,1.0,3.0,236
2967.0,1.0,3.0,236
2968.0,1.0,3.0,236
2969.0,1.0,3.0,236
2970.0,1.0,3.0,236
2971.0,1.0,3.0,236
2972.0,1.0,3.0,236
2973.0,1.0,3.0,236
2974.0,1.0,3.0,236
2975.0,1.0,3.0,236
2976.0,1.0,3.0,236
2977.0,1.0,3.0,236
2978.0,1.0,3.0,236
2979.0,1.0,3.0,236
2980.0,1.0,3.0,236
2981.0,1.0,3.0,236
2982.0,1.0,3.0,236
2983.0,1.0,3.0,236
2984.0,1.0,3.0,236
2985.0,1.0,3.0,236
2986.0,1.0,3.0,236
2987.0,1.0,3.0,236
2988.0,1.0,3.0,236
2989.0,1.0,3.0,236
2990.0,1.0,3.0,236
2991.0,1.0,3.0,236
2992.0,1.0,3.0,236
2993.0,1.0,3.0,236
2994.0,1.0,3.0,236
2995.0,1.0,3.0,236
2996.0,1.0,3.0,236
2997.0,1.0,3.0,236
2998.0,1.0,3.0,236
2999.0,1.0,3.0,236
3000.0,1.0,3.0,236
3001.0,1.0,3.0,236
3002.0,1.0,3.0,236
3003.0,1.0,3.0,236
3004.0,1.0,3.0,236
3005.0,1.0,3.0,236
3006.0,1.0,3.0,236
3007.0,1.0,3.0,236
3008.0,1.0,3.0,236
3009.0,1.0,3.0,236
3010.0,1.0,3.0,236
3011.0,1.0,3.0,236
3012.0,1.0,3.0,236
3013.0,1.0,3.0,236
3014.0,1.0,3.0,236
3015.0,1.0,3.0,236
3016.0,1.0,3.0,236
3017.0,1.0,3.0,236
3018.0,1.0,3.0,236
3019.0,1.0,3.0,236
3020.0,1.0,3.0,236
3021.0,1.0,3.0,236
3022.0,1.0,3.0,236
3023.0,1.0,3.0,236
3024.0,1.0,3.0,236
3025.0,1.0,3.0,236
3026.0,1.0,3.0,236
3027.0,1.0,3.0,236
3028.0,1.0,3.0,236
3029.0,1.0,3.0,236
3030.0,1.0,3.0,236
3031.0,1.0,3.0,236
3032.0,1.0,3.0,236
3033.0,1.0,3.0,236
3034.0,1.0,3.0,236
3035.0,1.0,3.0,236
3036.0,1.0,3.0,236
3037.0,1.0,3.0,236
3038.0,1.0,3.0,236
3039.0,1.0,3.0,236
3040.0,1.0,3.0,236
3041.0,1.0,3.0,236
3042.0,1.0,3.0,236
3043.0,1.0,3.0,236
3044.0,1.0,3.0,236
3045.0,1.0,3.0,236
3046.0,1.0,3.0,236
3047.0,1.0,3.0,236
3048.0,1.0,3.0,236
3049.0,1.0,3.0,236
3050.0,1.0,3.0,236
3051.0,1.0,3.0,236
3052.0,1.0,3.0,236
3053.0,1.0,3.0,236
3054.0,1.0,3.0,236
3055.0,1.0,3.0,236
3056.0,1.0,3.0,236
3057.0,1.0,3.0,236
3058.0,1.0,3.0,236
3059.0,1.0,3.0,236
3060.0,1.0,3.0,236
3061.0,1.0,3.0,236
3062.0,1.0,3.0,236
3063.0,1.0,3.0,236
3064.0,1.0,3.0,236
3065.0,1.0,3.0,236
3066.0,1.0,3.0,236
3067.0,1.0,3.0,236
3068.0,1.0,3.0,236
3069.0,1.0,3.0,236
3070.0,1.0,3.0,236
3071.0,1.0,3.0,236
3072.0,1.0,3.0,236
3073.0,1.0,3.0,236
3074.0,1.0,3.0,236
3075.0,1.0,3.0,236
3076.0,1.0,3.0,236
3077.0,1.0,3.0,236
3078.0,1.0,3.0,236
3079.0,1.0,3.0,236
3080.0,1.0,3.0,236
3081.0,1.0,3.0,236
3082.0,1.0,3.0,236
3083.0,1.0,3.0,236
3084.0,1.0,3.0,236
3085.0,1.0,3.0,236
3086.0,1.0,3.0,236
3087.0,1.0,3.0,236
3088.0,1.0,3.0,236
3089.0,1.0,3.0,236
3090.0,1.0,3.0,236
3091.0,1.0,3.0,236
3092.0,1.0,3.0,236
3093.0,1.0,3.0,236
3094.0,1.0,3.0,236
3095.0,1.0,3.0,236
3096.0,1.0,3.0,236
3097.0,1.0,3.0,236
3098.0,1.0,3.0,236
3099.0,1.0,3.0,236
3100.0,1.0,3.0,236
3101.0,1.0,3.0,236
3102.0,1.0,3.0,236
3103.0,1.0,3.0,236
3104.0,1.0,3.0,236
3105.0,1.0,3.0,236
3106.0,1.0,3.0,236
3107.0,1.0,3.0,236
3108.0,1.0,3.0,236
3109.0,1.0,3.0,236
3110.0,1.0,3.0,236
3111.0,1.0,3.0,236
3112.0,1.0,3.0,236
3113.0,1.0,3.0,236
3114.0,1.0,3.0,236
3115.0,1.0,3.0,236
3116.0,1.0,3.0,236
3117.0,1.0,3.0,236
3118.0,1.0,3.0,236
3119.0,1.0,3.0,236
3120.0,1.0,3.0,236
3121.0,1.0,3.0,236
3122.0,1.0,3.0,236
3123.0,1.0,3.0,236
3124.0,1.0,3.0,236
3125.0,1.0,3.0,236
3126.0,1.0,3.0,236
3127.0,1.0,3.0,236
3128.0,1.0,3.0,236
3129.0,1.0,3.0,236
3130.0,1.0,3.0,236
3131.0,1.0,3.0,236
3132.0,1.0,3.0,236
3133.0,1.0,3.0,236
3134.0,1.0,3.0,236
3135.0,1.0,3.0,236
3136.0,1.0,3.0,236
3137.0,1.0,3.0,236
3138.0,1.0,3.0,236
3139.0,1.0,3.0,236
3140.0,1.0,3.0,236
3141.0,1.0,3.0,236
3142.0,1.0,3.0,236
3143.0,1.0,3.0,236
3144.0,1.0,3.0,236
3145.0,1.0,3.0,236
3146.0,1.0,3.0,236
3147.0,1.0,3.0,236
3148.0,1.0,3.0,236
3149.0,1.0,3.0,236
3150.0,1.0,3.0,236
3151.0,1.0,3.0,236
3152.0,1.0,3.0,236
3153.0,1.0,3.0,236
3154.0,1.0,3.0,236
3155.0,1.0,3.0,236
3156.0,1.0,3.0,236
3157.0,1.0,3.0,236
3158.0,1.0,3.0,236
3159.0,1.0,3.0,236
3160.0,1.0,3.0,236
3161.0,1.0,3.0,236
3162.0,1.0,3.0,236
3163.0,1.0,3.0,236
3164.0,1.0,3.0,236
3165.0,1.0,3.0,236
3166.0,1.0,3.0,236
3167.0,1.0,3.0,236
3168.0,1.0,3.0,236
3169.0,1.0,3.0,236
3170.0,1.0,3.0,236
3171.0,1.0,3.0,236
3172.0,1.0,3.0,236
3173.0,1.0,3.0,236
3174.0,1.0,3.0,236
3175.0,1.0,3.0,236
3176.0,1.0,3.0,236
3177.0,1.0,3.0,236
3178.0,1.0,3.0,236
3179.0,1.0,3.0,236
3180.0,1.0,3.0,236
3181.0,1.0,3.0,236
3182.0,1.0,3.0,236
3183.0,1.0,3.0,236
3184.0,1.0,3.0,236
3185.0,1.0,3.0,236
3186.0,1.0,3.0,236
3187.0,1.0,3.0,236
3188.0,1.0,3.0,236
3189.0,1.0,3.0,236
3190.0,1.0,3.0,236
3191.0,1.0,3.0,236
3192.0,1.0,3.0,236
3193.0,1.0,3.0,236
3194.0,1.0,3.0,236
3195.0,1.0,3.0,236
3196.0,1.0,3.0,236
3197.0,1.0,3.0,236
3198.0,1.0,3.0,236
3199.0,1.0,3.0,236
3200.0,1.0,3.0,236
3201.0,1.0,3.0,236
3202.0,1.0,3.0,236
3203.0,1.0,3.0,236
3204.0,1.0,3.0,236
3205.0,1.0,3.0,236
3206.0,1.0,3.0,236
3207.0,1.0,3.0,236
3208.0,1.0,3.0,236
3209.0,1.0,3.0,236
3210.0,1.0,3.0,236
3211.0,1.0,3.0,236
3212.0,1.0,3.0,236
3213.0,1.0,3.0,236
3214.0,1.0,3.0,236
3215.0,1.0,3.0,236
3216.0,1.0,3.0,236
3217.0,1.0,3.0,236
3218.0,1.0,3.0,236
3219.0,1.0,3.0,236
3220.0,1.0,3.0,236
3221.0,1.0,3.0,236
3222.0,1.0,3.0,236
3223.0,1.0,3.0,236
3224.0,1.0,3.0,236
3225.0,1.0,3.0,236
3226.0,1.0,3.0,236
3227.0,1.0,3.0,236
3228.0,1.0,3.0,236
3229.0,1.0,3.0,236
3230.0,1.0,3.0,236
3231.0,1.0,3.0,236
3232.0,1.0,3.0,236
3233.0,1.0,3.0,236
3234.0,1.0,3.0,236
3235.0,1.0,3.0,236
3236.0,1.0,3.0,236
3237.0,1.0,3.0,236
3238.0,1.0,3.0,236
3239.0,1.0,3.0,236
3240.0,1.0,3.0,236
3241.0,1.0,3.0,236
3242.0,1.0,3.0,236
3243.0,1.0,3.0,236
3244.0,1.0,3.0,236
3245.0,1.0,3.0,236
3246.0,1.0,3.0,236
3247.0,1.0,3.0,236
3248.0,1.0,3.0,236
3249.0,1.0,3.0,236
3250.0,1.0,3.0,236
3251.0,1.0,3.0,236
3252.0,1.0,3.0,236
3253.0,1.0,3.0,236
3254.0,1.0,3.0,236
3255.0,1.0,3.0,236
3256.0,1.0,3.0,236
3257.0,1.0,3.0,236
3258.0,1.0,3.0,236
3259.0,1.0,3.0,236
3260.0,1.0,3.0,236
3261.0,1.0,3.0,236
3262.0,1.0,3.0,236
3263.0,1.0,3.0,236
3264.0,1.0,3.0,236
3265.0,1.0,3.0,236
3266.0,1.0,3.0,236
3267.0,1.0,3.0,236
3268.0,1.0,3.0,236
3269.0,1.0,3.0,236
3270.0,1.0,3.0,236
3271.0,1.0,3.0,236
3272.0,1.0,3.0,236
3273.0,1.0,3.0,236
3274.0,1.0,3.0,236
3275.0,1.0,3.0,236
3276.0,1.0,3.0,236
3277.0,1.0,3.0,236
3278.0,1.0,3.0,236
3279.0,1.0,3.0,236
3280.0,1.0,3.0,236
3281.0,1.0,3.0,236
3282.0,1.0,3.0,236
3283.0,1.0,3.0,236
3284.0,1.0,3.0,236
3285.0,1.0,3.0,236
3286.0,1.0,3.0,236
3287.0,1.0,3.0,236
3288.0,1.0,3.0,236
3289.0,1.0,3.0,236
3290.0,1.0,3.0,236
3291.0,1.0,3.0,236
3292.0,1.0,3.0,236
3293.0,1.0,3.0,236
3294.0,1.0,3.0,236
3295.0,1.0,3.0,236
3296.0,1.0,3.0,236
3297.0,1.0,3.0,236
3298.0,1.0,3.0,236
3299.0,1.0,3.0,236
3300.0,1.0,3.0,236
3301.0,1.0,3.0,236
3302.0,1.0,3.0,236
3303.0,1.0,3.0,236
3304.0,1.0,3.0,236
3305.0,1.0,3.0,236
3306.0,1.0,3.0,236
3307.0,1.0,3.0,236
3308.0,1.0,3.0,236
3309.0,1.0,3.0,236
3310.0,1.0,3.0,236
3311.0,1.0,3.0,236
3312.0,1.0,3.0,236
3313.0,1.0,3.0,236
3314.0,1.0,3.0,236
3315.0,1.0,3.0,236
3316.0,1.0,3.0,236
3317.0,1.0,3.0,236
3318.0,1.0,3.0,236
3319.0,1.0,3.0,236
3320.0,1.0,3.0,236
3321.0,1.0,3.0,236
3322.0,1.0,3.0,236
3323.0,1.0,3.0,236
3324.0,1.0,3.0,236
3325.0,1.0,3.0,236
3326.0,1.0,3.0,236
3327.0,1.0,3.0,236
3328.0,1.0,3.0,236
3329.0,1.0,3.0,236
3330.0,1.0,3.0,236
3331.0,1.0,3.0,236
3332.0,1.0,3.0,236
3333.0,1.0,3.0,236
3334.0,1.0,3.0,236
3335.0,1.0,3.0,236
3336.0,1.0,3.0,236
3337.0,1.0,3.0,236
3338.0,1.0,3.0,236
3339.0,1.0,3.0,236
3340.0,1.0,3.0,236
3341.0,1.0,3.0,236
3342.0,1.0,3.0,236
3343.0,1.0,3.0,236
3344.0,1.0,3.0,236
3345.0,1.0,3.0,236
3346.0,1.0,3.0,236
3347.0,1.0,3.0,236
3348.0,1.0,3.0,236
3349.0,1.0,3.0,236
3350.0,1.0,3.0,236
3351.0,1.0,3.0,236
3352.0,1.0,3.0,236
3353.0,1.0,3.0,236
3354.0,1.0,3.0,236
3355.0,1.0,3.0,236
3356.0,1.0,3.0,236
3357.0,1.0,3.0,236
3358.0,1.0,3.0,236
3359.0,1.0,3.0,236
3360.0,1.0,3.0,236
3361.0,1.0,3.0,236
3362.0,1.0,3.0,236
3363.0,1.0,3.0,236
3364.0,1.0,3.0,236
3365.0,1.0,3.0,236
3366.0,1.0,3.0,236
3367.0,1.0,3.0,236
3368.0,1.0,3.0,236
3369.0,1.0,3.0,236
3370.0,1.0,3.0,236
3371.0,1.0,3.0,236
3372.0,1.0,3.0,236
3373.0,1.0,3.0,236
3374.0,1.0,3.0,236
3375.0,1.0,3.0,236
3376.0,1.0,3.0,236
3377.0,1.0,3.0,236
3378.0,1.0,3.0,236
3379.0,1.0,3.0,236
3380.0,1.0,3.0,236
3381.0,1.0,3.0,236
3382.0,1.0,3.0,236
3383.0,1.0,3.0,236
3384.0,1.0,3.0,236
3385.0,1.0,3.0,236
3386.0,1.0,3.0,236
3387.0,1.0,3.0,236
3388.0,1.0,3.0,236
3389.0,1.0,3.0,236
3390.0,1.0,3.0,236
3391.0,1.0,3.0,236
3392.0,1.0,3.0,236
3393.0,1.0,3.0,236
3394.0,1.0,3.0,236
3395.0,1.0,3.0,236
3396.0,1.0,3.0,236
3397.0,1.0,3.0,236
3398.0,1.0,3.0,236
3399.0,1.0,3.0,236
3400.0,1.0,3.0,236
3401.0,1.0,3.0,236
3402.0,1.0,3.0,236
3403.0,1.0,3.0,236
3404.0,1.0,3.0,236
3405.0,1.0,3.0,236
3406.0,1.0,3.0,236
3407.0,1.0,3.0,236
3408.0,1.0,3.0,236
3409.0,1.0,3.0,236
3410.0,1.0,3.0,236
3411.0,1.0,3.0,236
3412.0,1.0,3.0,236
3413.0,1.0,3.0,236
3414.0,1.0,3.0,236
3415.0,1.0,3.0,236
3416.0,1.0,3.0,236
3417.0,1.0,3.0,236
3418.0,1.0,3.0,236
3419.0,1.0,3.0,236
3420.0,1.0,3.0,236
3421.0,1.0,3.0,236
3422.0,1.0,3.0,236
3423.0,1.0,3.0,236
3424.0,1.0,3.0,236
3425.0,1.0,3.0,236
3426.0,1.0,3.0,236
3427.0,1.0,3.0,236
3428.0,1.0,3.0,236
3429.0,1.0,3.0,236
3430.0,1.0,3.0,236
3431.0,1.0,3.0,236
3432.0,1.0,3.0,236
3433.0,1.0,3.0,236
3434.0,1.0,3.0,236
3435.0,1.0,3.0,236
3436.0,1.0,3.0,236
3437.0,1.0,3.0,236
3438.0,1.0,3.0,236
3439.0,1.0,3.0,236
3440.0,1.0,3.0,236
3441.0,1.0,3.0,236
3442.0,1.0,3.0,236
3443.0,1.0,3.0,236
3444.0,1.0,3.0,236
3445.0,1.0,3.0,236
3446.0,1.0,3.0,236
3447.0,1.0,3.0,236
3448.0,1.0,3.0,236
3449.0,1.0,3.0,236
3450.0,1.0,3.0,236
3451.0,1.0,3.0,236
3452.0,1.0,3.0,236
3453.0,1.0,3.0,236
3454.0,1.0,3.0,236
3455.0,1.0,3.0,236
3456.0,1.0,3.0,236
3457.0,1.0,3.0,236
3458.0,1.0,3.0,236
3459.0,1.0,3.0,236
3460.0,1.0,3.0,236
3461.0,1.0,3.0,236
3462.0,1.0,3.0,236
3463.0,1.0,3.0,236
3464.0,1.0,3.0,236
3465.0,1.0,3.0,236
3466.0,1.0,3.0,236
3467.0,1.0,3.0,236
3468.0,1.0,3.0,236
3469.0,1.0,3.0,236
3470.0,1.0,3.0,236
3471.0,1.0,3.0,236
3472.0,1.0,3.0,236
3473.0,1.0,3.0,236
3474.0,1.0,3.0,236
3475.0,1.0,3.0,236
3476.0,1.0,3.0,236
3477.0,1.0,3.0,236
3478.0,1.0,3.0,236
3479.0,1.0,3.0,236
3480.0,1.0,3.0,236
3481.0,1.0,3.0,236
3482.0,1.0,3.0,236
3483.0,1.0,3.0,236
3484.0,1.0,3.0,236
3485.0,1.0,3.0,236
3486.0,1.0,3.0,236
3487.0,1.0,3.0,236
3488.0,1.0,3.0,236
3489.0,1.0,3.0,236
3490.0,1.0,3.0,236
3491.0,1.0,3.0,236
3492.0,1.0,3.0,236
3493.0,1.0,3.0,236
3494.0,1.0,3.0,236
3495.0,1.0,3.0,236
3496.0,1.0,3.0,236
3497.0,1.0,3.0,236
3498.0,1.0,3.0,236
3499.0,1.0,3.0,236
3500.0,1.0,3.0,236
3501.0,1.0,3.0,236
3502.0,1.0,3.0,236
3503.0,1.0,3.0,236
3504.0,1.0,3.0,236
3505.0,1.0,3.0,236
3506.0,1.0,3.0,236
3507.0,1.0,3.0,236
3508.0,1.0,3.0,236
3509.0,1.0,3.0,236
3510.0,1.0,3.0,236
3511.0,1.0,3.0,236
3512.0,1.0,3.0,236
3513.0,1.0,3.0,236
3514.0,1.0,3.0,236
3515.0,1.0,3.0,236
3516.0,1.0,3.0,236
3517.0,1.0,3.0,236
3518.0,1.0,3.0,236
3519.0,1.0,3.0,236
3520.0,1.0,3.0,236
3521.0,1.0,3.0,236
3522.0,1.0,3.0,236
3523.0,1.0,3.0,236
3524.0,1.0,3.0,236
3525.0,1.0,3.0,236
3526.0,1.0,3.0,236
3527.0,1.0,3.0,236
3528.0,1.0,3.0,236
3529.0,1.0,3.0,236
3530.0,1.0,3.0,236
3531.0,1.0,3.0,236
3532.0,1.0,3.0,236
3533.0,1.0,3.0,236
3534.0,1.0,3.0,236
3535.0,1.0,3.0,236
3536.0,1.0,3.0,236
3537.0,1.0,3.0,236
3538.0,1.0,3.0,236
3539.0,1.0,3.0,236
3540.0,1.0,3.0,236
3541.0,1.0,3.0,236
3542.0,1.0,3.0,236
3543.0,1.0,3.0,236
3544.0,1.0,3.0,236
3545.0,1.0,3.0,236
3546.0,1.0,3.0,236
3547.0,1.0,3.0,236
3548.0,1.0,3.0,236
3549.0,1.0,3.0,236
3550.0,1.0,3.0,236
3551.0,1.0,3.0,236
3552.0,1.0,3.0,236
3553.0,1.0,3.0,236
3554.0,1.0,3.0,236
3555.0,1.0,3.0,236
3556.0,1.0,3.0,236
3557.0,1.0,3.0,236
3558.0,1.0,3.0,236
3559.0,1.0,3.0,236
3560.0,1.0,3.0,236
3561.0,1.0,3.0,236
3562.0,1.0,3.0,236
3563.0,1.0,3.0,236
3564.0,1.0,3.0,236
3565.0,1.0,3.0,236
3566.0,1.0,3.0,236
3567.0,1.0,3.0,236
3568.0,1.0,3.0,236
3569.0,1.0,3.0,236
3570.0,1.0,3.0,236
3571.0,1.0,3.0,236
3572.0,1.0,3.0,236
3573.0,1.0,3.0,236
3574.0,1.0,3.0,236
3575.0,1.0,3.0,236
3576.0,1.0,3.0,236
3577.0,1.0,3.0,236
3578.0,1.0,3.0,236
3579.0,1.0,3.0,236
3580.0,1.0,3.0,236
3581.0,1.0,3.0,236
3582.0,1.0,3.0,236
3583.0,1.0,3.0,236
3584.0,1.0,3.0,236
3585.0,1.0,3.0,236
3586.0,1.0,3.0,236
3587.0,1.0,3.0,236
3588.0,1.0,3.0,236
3589.0,1.0,3.0,236
3590.0,1.0,3.0,236
3591.0,1.0,3.0,236
3592.0,1.0,3.0,236
3593.0,1.0,3.0,236
3594.0,1.0,3.0,236
3595.0,1.0,3.0,236
3596.0,1.0,3.0,236
3597.0,1.0,3.0,236
3598.0,1.0,3.0,236
3599.0,1.0,3.0,236
3600.0,1.0,3.0,236
3601.0,1.0,3.0,236
3602.0,1.0,3.0,236
3603.0,1.0,3.0,236
3604.0,1.0,3.0,236
3605.0,1.0,3.0,236
3606.0,1.0,3.0,236
3607.0,1.0,3.0,236
3608.0,1.0,3.0,236
3609.0,1.0,3.0,236
3610.0,1.0,3.0,236
3611.0,1.0,3.0,236
3612.0,1.0,3.0,236
3613.0,1.0,3.0,236
3614.0,1.0,3.0,236
3615.0,1.0,3.0,236
3616.0,1.0,3.0,236
3617.0,1.0,3.0,236
3618.0,1.0,3.0,236
3619.0,1.0,3.0,236
3620.0,1.0,3.0,236
3621.0,1.0,3.0,236
3622.0,1.0,3.0,236
3623.0,1.0,3.0,236
3624.0,1.0,3.0,236
3625.0,1.0,3.0,236
3626.0,1.0,3.0,236
3627.0,1.0,3.0,236
3628.0,1.0,3.0,236
3629.0,1.0,3.0,236
3630.0,1.0,3.0,236
3631.0,1.0,3.0,236
3632.0,1.0,3.0,236
3633.0,1.0,3.0,236
3634.0,1.0,3.0,236
3635.0,1.0,3.0,236
3636.0,1.0,3.0,236
3637.0,1.0,3.0,236
3638.0,1.0,3.0,236
3639.0,1.0,3.0,236
3640.0,1.0,3.0,236
3641.0,1.0,3.0,236
3642.0,1.0,3.0,236
3643.0,1.0,3.0,236
3644.0,1.0,3.0,236
3645.0,1.0,3.0,236
3646.0,1.0,3.0,236
3647.0,1.0,3.0,236
3648.0,1.0,3.0,236
3649.0,1.0,3.0,236
3650.0,1.0,3.0,236
3651.0,1.0,3.0,236
3652.0,1.0,3.0,236
3653.0,1.0,3.0,236
3654.0,1.0,3.0,236
3655.0,1.0,3.0,236
3656.0,1.0,3.0,236
3657.0,1.0,3.0,236
3658.0,1.0,3.0,236
3659.0,1.0,3.0,236
3660.0,1.0,3.0,236
3661.0,1.0,3.0,236
3662.0,1.0,3.0,236
3663.0,1.0,3.0,236
3664.0,1.0,3.0,236
3665.0,1.0,3.0,236
3666.0,1.0,3.0,236
3667.0,1.0,3.0,236
3668.0,1.0,3.0,236
3669.0,1.0,3.0,236
3670.0,1.0,3.0,236
3671.0,1.0,3.0,236
3672.0,1.0,3.0,236
3673.0,1.0,3.0,236
3674.0,1.0,3.0,236
3675.0,1.0,3.0,236
3676.0,1.0,3.0,236
3677.0,1.0,3.0,236
3678.0,1.0,3.0,236
3679.0,1.0,3.0,236
3680.0,1.0,3.0,236
3681.0,1.0,3.0,236
3682.0,1.0,3.0,236
3683.0,1.0,3.0,236
3684.0,1.0,3.0,236
3685.0,1.0,3.0,236
3686.0,1.0,3.0,236
3687.0,1.0,3.0,236
3688.0,1.0,3.0,236
3689.0,1.0,3.0,236
3690.0,1.0,3.0,236
3691.0,1.0,3.0,236
3692.0,1.0,3.0,236
3693.0,1.0,3.0,236
3694.0,1.0,3.0,236
3695.0,1.0,3.0,236
3696.0,1.0,3.0,236
3697.0,1.0,3.0,236
3698.0,1.0,3.0,236
3699.0,1.0,3.0,236
3700.0,1.0,3.0,236
3701.0,1.0,3.0,236
3702.0,1.0,3.0,236
3703.0,1.0,3.0,236
3704.0,1.0,3.0,236
3705.0,1.0,3.0,236
3706.0,1.0,3.0,236
3707.0,1.0,3.0,236
3708.0,1.0,3.0,236
3709.0,1.0,3.0,236
3710.0,1.0,3.0,236
3711.0,1.0,3.0,236
3712.0,1.0,3.0,236
3713.0,1.0,3.0,236
3714.0,1.0,3.0,236
3715.0,1.0,3.0,236
3716.0,1.0,3.0,236
3717.0,1.0,3.0,236
3718.0,1.0,3.0,236
3719.0,1.0,3.0,236
3720.0,1.0,3.0,236
3721.0,1.0,3.0,236
3722.0,1.0,3.0,236
3723.0,1.0,3.0,236
3724.0,1.0,3.0,236
3725.0,1.0,3.0,236
3726.0,1.0,3.0,236
3727.0,1.0,3.0,236
3728.0,1.0,3.0,236
3729.0,1.0,3.0,236
3730.0,1.0,3.0,236
3731.0,1.0,3.0,236
3732.0,1.0,3.0,236
3733.0,1.0,3.0,236
3734.0,1.0,3.0,236
3735.0,1.0,3.0,236
3736.0,1.0,3.0,236
3737.0,1.0,3.0,236
3738.0,1.0,3.0,236
3739.0,1.0,3.0,236
3740.0,1.0,3.0,236
3741.0,1.0,3.0,236
3742.0,1.0,3.0,236
3743.0,1.0,3.0,236
3744.0,1.0,3.0,236
3745.0,1.0,3.0,236
3746.0,1.0,3.0,236
3747.0,1.0,3.0,236
3748.0,1.0,3.0,236
3749.0,1.0,3.0,236
3750.0,1.0,3.0,236
3751.0,1.0,3.0,236
3752.0,1.0,3.0,236
3753.0,1.0,3.0,236
3754.0,1.0,3.0,236
3755.0,1.0,3.0,236
3756.0,1.0,3.0,236
3757.0,1.0,3.0,236
3758.0,1.0,3.0,236
3759.0,1.0,3.0,236
3760.0,1.0,3.0,236
3761.0,1.0,3.0,236
3762.0,1.0,3.0,236
3763.0,1.0,3.0,236
3764.0,1.0,3.0,236
3765.0,1.0,3.0,236
3766.0,1.0,3.0,236
3767.0,1.0,3.0,236
3768.0,1.0,3.0,236
3769.0,1.0,3.0,236
3770.0,1.0,3.0,236
3771.0,1.0,3.0,236
3772.0,1.0,3.0,236
3773.0,1.0,3.0,236
3774.0,1.0,3.0,236
3775.0,1.0,3.0,236
3776.0,1.0,3.0,236
3777.0,1.0,3.0,236
3778.0,1.0,3.0,236
3779.0,1.0,3.0,236
3780.0,1.0,3.0,236
3781.0,1.0,3.0,236
3782.0,1.0,3.0,236
3783.0,1.0,3.0,236
3784.0,1.0,3.0,236
3785.0,1.0,3.0,236
3786.0,1.0,3.0,236
3787.0,1.0,3.0,236
3788.0,1.0,3.0,236
3789.0,1.0,3.0,236
3790.0,1.0,3.0,236
3791.0,1.0,3.0,236
3792.0,1.0,3.0,236
3793.0,1.0,3.0,236
3794.0,1.0,3.0,236
3795.0,1.0,3.0,236
3796.0,1.0,3.0,236
3797.0,1.0,3.0,236
3798.0,1.0,3.0,236
3799.0,1.0,3.0,236
3800.0,1.0,3.0,236
3801.0,1.0,3.0,236
3802.0,1.0,3.0,236
3803.0,1.0,3.0,236
3804.0,1.0,3.0,236
3805.0,1.0,3.0,236
3806.0,1.0,3.0,236
3807.0,1.0,3.0,236
3808.0,1.0,3.0,236
3809.0,1.0,3.0,236
3810.0,1.0,3.0,236
3811.0,1.0,3.0,236
3812.0,1.0,3.0,236
3813.0,1.0,3.0,236
3814.0,1.0,3.0,236
3815.0,1.0,3.0,236
3816.0,1.0,3.0,236
3817.0,1.0,3.0,236
3818.0,1.0,3.0,236
3819.0,1.0,3.0,236
3820.0,1.0,3.0,236
3821.0,1.0,3.0,236
3822.0,1.0,3.0,236
3823.0,1.0,3.0,236
3824.0,1.0,3.0,236
3825.0,1.0,3.0,236
3826.0,1.0,3.0,236
3827.0,1.0,3.0,236
3828.0,1.0,3.0,236
3829.0,1.0,3.0,236
3830.0,1.0,3.0,236
3831.0,1.0,3.0,236
3832.0,1.0,3.0,236
3833.0,1.0,3.0,236
3834.0,1.0,3.0,236
3835.0,1.0,3.0,236
3836.0,1.0,3.0,236
3837.0,1.0,3.0,236
3838.0,1.0,3.0,236
3839.0,1.0,3.0,236
3840.0,1.0,3.0,236
3841.0,1.0,3.0,236
3842.0,1.0,3.0,236
3843.0,1.0,3.0,236
3844.0,1.0,3.0,236
3845.0,1.0,3.0,236
3846.0,1.0,3.0,236
3847.0,1.0,3.0,236
3848.0,1.0,3.0,236
3849.0,1.0,3.0,236
3850.0,1.0,3.0,236
3851.0,1.0,3.0,236
3852.0,1.0,3.0,236
3853.0,1.0,3.0,236
3854.0,1.0,3.0,236
3855.0,1.0,3.0,236
3856.0,1.0,3.0,236
3857.0,1.0,3.0,236
3858.0,1.0,3.0,236
3859.0,1.0,3.0,236
3860.0,1.0,3.0,236
3861.0,1.0,3.0,236
3862.0,1.0,3.0,236
3863.0,1.0,3.0,236
3864.0,1.0,3.0,236
3865.0,1.0,3.0,236
3866.0,1.0,3.0,236
3867.0,1.0,3.0,236
3868.0,1.0,3.0,236
3869.0,1.0,3.0,236
3870.0,1.0,3.0,236
3871.0,1.0,3.0,236
3872.0,1.0,3.0,236
3873.0,1.0,3.0,236
3874.0,1.0,3.0,236
3875.0,1.0,3.0,236
3876.0,1.0,3.0,236
3877.0,1.0,3.0,236
3878.0,1.0,3.0,236
3879.0,1.0,3.0,236
3880.0,1.0,3.0,236
3881.0,1.0,3.0,236
3882.0,1.0,3.0,236
3883.0,1.0,3.0,236
3884.0,1.0,3.0,236
3885.0,1.0,3.0,236
3886.0,1.0,3.0,236
3887.0,1.0,3.0,236
3888.0,1.0,3.0,236
3889.0,1.0,3.0,236
3890.0,1.0,3.0,236
3891.0,1.0,3.0,236
3892.0,1.0,3.0,236
3893.0,1.0,3.0,236
3894.0,1.0,3.0,236
3895.0,1.0,3.0,236
3896.0,1.0,3.0,236
3897.0,1.0,3.0,236
3898.0,1.0,3.0,236
3899.0,1.0,3.0,236
3900.0,1.0,3.0,236
3901.0,1.0,3.0,236
3902.0,1.0,3.0,236
3903.0,1.0,3.0,236
3904.0,1.0,3.0,236
3905.0,1.0,3.0,236
3906.0,1.0,3.0,236
3907.0,1.0,3.0,236
3908.0,1.0,3.0,236
3909.0,1.0,3.0,236
3910.0,1.0,3.0,236
3911.0,1.0,3.0,236
3912.0,1.0,3.0,236
3913.0,1.0,3.0,236
3914.0,1.0,3.0,236
3915.0,1.0,3.0,236
3916.0,1.0,3.0,236
3917.0,1.0,3.0,236
3918.0,1.0,3.0,236
3919.0,1.0,3.0,236
3920.0,1.0,3.0,236
3921.0,1.0,3.0,236
3922.0,1.0,3.0,236
3923.0,1.0,3.0,236
3924.0,1.0,3.0,236
3925.0,1.0,3.0,236
3926.0,1.0,3.0,236
3927.0,1.0,3.0,236
3928.0,1.0,3.0,236
3929.0,1.0,3.0,236
3930.0,1.0,3.0,236
3931.0,1.0,3.0,236
3932.0,1.0,3.0,236
3933.0,1.0,3.0,236
3934.0,1.0,3.0,236
3935.0,1.0,3.0,236
3936.0,1.0,3.0,236
3937.0,1.0,3.0,236
3938.0,1.0,3.0,236
3939.0,1.0,3.0,236
3940.0,1.0,3.0,236
3941.0,1.0,3.0,236
3942.0,1.0,3.0,236
3943.0,1.0,3.0,236
3944.0,1.0,3.0,236
3945.0,1.0,3.0,236
3946.0,1.0,3.0,236
3947.0,1.0,3.0,236
3948.0,1.0,3.0,236
3949.0,1.0,3.0,236
3950.0,1.0,3.0,236
3951.0,1.0,3.0,236
3952.0,1.0,3.0,236
3953.0,1.0,3.0,236
3954.0,1.0,3.0,236
3955.0,1.0,3.0,236
3956.0,1.0,3.0,236
3957.0,1.0,3.0,236
3958.0,1.0,3.0,236
3959.0,1.0,3.0,236
3960.0,1.0,3.0,236
3961.0,1.0,3.0,236
3962.0,1.0,3.0,236
3963.0,1.0,3.0,236
3964.0,1.0,3.0,236
3965.0,1.0,3.0,236
3966.0,1.0,3.0,236
3967.0,1.0,3.0,236
3968.0,1.0,3.0,236
3969.0,1.0,3.0,236
3970.0,1.0,3.0,236
3971.0,1.0,3.0,236
3972.0,1.0,3.0,236
3973.0,1.0,3.0,236
3974.0,1.0,3.0,236
3975.0,1.0,3.0,236
3976.0,1.0,3.0,236
3977.0,1.0,3.0,236
3978.0,1.0,3.0,236
3979.0,1.0,3.0,236
3980.0,1.0,3.0,236
3981.0,1.0,3.0,236
3982.0,1.0,3.0,236
3983.0,1.0,3.0,236
3984.0,1.0,3.0,236
3985.0,1.0,3.0,236
3986.0,1.0,3.0,236
3987.0,1.0,3.0,236
3988.0,1.0,3.0,236
3989.0,1.0,3.0,236
3990.0,1.0,3.0,236
3991.0,1.0,3.0,236
3992.0,1.0,3.0,236
3993.0,1.0,3.0,236
3994.0,1.0,3.0,236
3995.0,1.0,3.0,236
3996.0,1.0,3.0,236
3997.0,1.0,3.0,236
3998.0,1.0,3.0,236
3999.0,1.0,3.0,236
4000.0,1.0,3.0,236
4001.0,1.0,3.0,236
4002.0,1.0,3.0,236
4003.0,1.0,3.0,236
4004.0,1.0,3.0,236
4005.0,1.0,3.0,236
4006.0,1.0,3.0,236
4007.0,1.0,3.0,236
4008.0,1.0,3.0,236
4009.0,1.0,3.0,236
4010.0,1.0,3.0,236
4011.0,1.0,3.0,236
4012.0,1.0,3.0,236
4013.0,1.0,3.0,236
4014.0,1.0,3.0,236
4015.0,1.0,3.0,236
4016.0,1.0,3.0,236
4017.0,1.0,3.0,236
4018.0,1.0,3.0,236
4019.0,1.0,3.0,236
4020.0,1.0,3.0,236
4021.0,1.0,3.0,236
4022.0,1.0,3.0,236
4023.0,1.0,3.0,236
4024.0,1.0,3.0,236
4025.0,1.0,3.0,236
4026.0,1.0,3.0,236
4027.0,1.0,3.0,236
4028.0,1.0,3.0,236
4029.0,1.0,3.0,236
4030.0,1.0,3.0,236
4031.0,1.0,3.0,236
4032.0,1.0,3.0,236
4033.0,1.0,3.0,236
4034.0,1.0,3.0,236
4035.0,1.0,3.0,236
4036.0,1.0,3.0,236
4037.0,1.0,3.0,236
4038.0,1.0,3.0,236
4039.0,1.0,3.0,236
4040.0,1.0,3.0,236
4041.0,1.0,3.0,236
4042.0,1.0,3.0,236
4043.0,1.0,3.0,236
4044.0,1.0,3.0,236
4045.0,1.0,3.0,236
4046.0,1.0,3.0,236
4047.0,1.0,3.0,236
4048.0,1.0,3.0,236
4049.0,1.0,3.0,236
4050.0,1.0,3.0,236
4051.0,1.0,3.0,236
4052.0,1.0,3.0,236
4053.0,1.0,3.0,236
4054.0,1.0,3.0,236
4055.0,1.0,3.0,236
4056.0,1.0,3.0,236
4057.0,1.0,3.0,236
4058.0,1.0,3.0,236
4059.0,1.0,3.0,236
4060.0,1.0,3.0,236
4061.0,1.0,3.0,236
4062.0,1.0,3.0,236
4063.0,1.0,3.0,236
4064.0,1.0,3.0,236
4065.0,1.0,3.0,236
4066.0,1.0,3.0,236
4067.0,1.0,3.0,236
4068.0,1.0,3.0,236
4069.0,1.0,3.0,236
4070.0,1.0,3.0,236
4071.0,1.0,3.0,236
4072.0,1.0,3.0,236
4073.0,1.0,3.0,236
4074.0,1.0,3.0,236
4075.0,1.0,3.0,236
4076.0,1.0,3.0,236
4077.0,1.0,3.0,236
4078.0,1.0,3.0,236
4079.0,1.0,3.0,236
4080.0,1.0,3.0,236
4081.0,1.0,3.0,236
4082.0,1.0,3.0,236
4083.0,1.0,3.0,236
4084.0,1.0,3.0,236
4085.0,1.0,3.0,236
4086.0,1.0,3.0,236
4087.0,1.0,3.0,236
4088.0,1.0,3.0,236
4089.0,1.0,3.0,236
4090.0,1.0,3.0,236
4091.0,1.0,3.0,236
4092.0,1.0,3.0,236
4093.0,1.0,3.0,236
4094.0,1.0,3.0,236
4095.0,1.0,3.0,236
4096.0,1.0,3.0,236
4097.0,1.0,3.0,236
4098.0,1.0,3.0,236
4099.0,1.0,3.0,236
4100.0,1.0,3.0,236
4101.0,1.0,3.0,236
4102.0,1.0,3.0,236
4103.0,1.0,3.0,236
4104.0,1.0,3.0,236
4105.0,1.0,3.0,236
4106.0,1.0,3.0,236
4107.0,1.0,3.0,236
4108.0,1.0,3.0,236
4109.0,1.0,3.0,236
4110.0,1.0,3.0,236
4111.0,1.0,3.0,236
4112.0,1.0,3.0,236
4113.0,1.0,3.0,236
4114.0,1.0,3.0,236
4115.0,1.0,3.0,236
4116.0,1.0,3.0,236
4117.0,1.0,3.0,236
4118.0,1.0,3.0,236
4119.0,1.0,3.0,236
4120.0,1.0,3.0,236
4121.0,1.0,3.0,236
4122.0,1.0,3.0,236
4123.0,1.0,3.0,236
4124.0,1.0,3.0,236
4125.0,1.0,3.0,236
4126.0,1.0,3.0,236
4127.0,1.0,3.0,236
4128.0,1.0,3.0,236
4129.0,1.0,3.0,236
4130.0,1.0,3.0,236
4131.0,1.0,3.0,236
4132.0,1.0,3.0,236
4133.0,1.0,3.0,236
4134.0,1.0,3.0,236
4135.0,1.0,3.0,236
4136.0,1.0,3.0,236
4137.0,1.0,3.0,236
4138.0,1.0,3.0,236
4139.0,1.0,3.0,236
4140.0,1.0,3.0,236
4141.0,1.0,3.0,236
4142.0,1.0,3.0,236
4143.0,1.0,3.0,236
4144.0,1.0,3.0,236
4145.0,1.0,3.0,236
4146.0,1.0,3.0,236
4147.0,1.0,3.0,236
4148.0,1.0,3.0,236
4149.0,1.0,3.0,236
4150.0,1.0,3.0,236
4151.0,1.0,3.0,236
4152.0,1.0,3.0,236
4153.0,1.0,3.0,236
4154.0,1.0,3.0,236
4155.0,1.0,3.0,236
4156.0,1.0,3.0,236
4157.0,1.0,3.0,236
4158.0,1.0,3.0,236
4159.0,1.0,3.0,236
4160.0,1.0,3.0,236
4161.0,1.0,3.0,236
4162.0,1.0,3.0,236
4163.0,1.0,3.0,236
4164.0,1.0,3.0,236
4165.0,1.0,3.0,236
4166.0,1.0,3.0,236
4167.0,1.0,3.0,236
4168.0,1.0,3.0,236
4169.0,1.0,3.0,236
4170.0,1.0,3.0,236
4171.0,1.0,3.0,236
4172.0,1.0,3.0,236
4173.0,1.0,3.0,236
4174.0,1.0,3.0,236
4175.0,1.0,3.0,236
4176.0,1.0,3.0,236
4177.0,1.0,3.0,236
4178.0,1.0,3.0,236
4179.0,1.0,3.0,236
4180.0,1.0,3.0,236
4181.0,1.0,3.0,236
4182.0,1.0,3.0,236
4183.0,1.0,3.0,236
4184.0,1.0,3.0,236
4185.0,1.0,3.0,236
4186.0,1.0,3.0,236
4187.0,1.0,3.0,236
4188.0,1.0,3.0,236
4189.0,1.0,3.0,236
4190.0,1.0,3.0,236
4191.0,1.0,3.0,236
4192.0,1.0,3.0,236
4193.0,1.0,3.0,236
4194.0,1.0,3.0,236
4195.0,1.0,3.0,236
4196.0,1.0,3.0,236
4197.0,1.0,3.0,236
4198.0,1.0,3.0,236
4199.0,1.0,3.0,236
4200.0,1.0,3.0,236
4201.0,1.0,3.0,236
4202.0,1.0,3.0,236
4203.0,1.0,3.0,236
4204.0,1.0,3.0,236
4205.0,1.0,3.0,236
4206.0,1.0,3.0,236
4207.0,1.0,3.0,236
4208.0,1.0,3.0,236
4209.0,1.0,3.0,236
4210.0,1.0,3.0,236
4211.0,1.0,3.0,236
4212.0,1.0,3.0,236
4213.0,1.0,3.0,236
4214.0,1.0,3.0,236
4215.0,1.0,3.0,236
4216.0,1.0,3.0,236
4217.0,1.0,3.0,236
4218.0,1.0,3.0,236
4219.0,1.0,3.0,236
4220.0,1.0,3.0,236
4221.0,1.0,3.0,236
4222.0,1.0,3.0,236
4223.0,1.0,3.0,236
4224.0,1.0,3.0,236
4225.0,1.0,3.0,236
4226.0,1.0,3.0,236
4227.0,1.0,3.0,236
4228.0,1.0,3.0,236
4229.0,1.0,3.0,236
4230.0,1.0,3.0,236
4231.0,1.0,3.0,236
4232.0,1.0,3.0,236
4233.0,1.0,3.0,236
4234.0,1.0,3.0,236
4235.0,1.0,3.0,236
4236.0,1.0,3.0,236
4237.0,1.0,3.0,236
4238.0,1.0,3.0,236
4239.0,1.0,3.0,236
4240.0,1.0,3.0,236
4241.0,1.0,3.0,236
4242.0,1.0,3.0,236
4243.0,1.0,3.0,236
4244.0,1.0,3.0,236
4245.0,1.0,3.0,236
4246.0,1.0,3.0,236
4247.0,1.0,3.0,236
4248.0,1.0,3.0,236
4249.0,1.0,3.0,236
4250.0,1.0,3.0,236
4251.0,1.0,3.0,236
4252.0,1.0,3.0,236
4253.0,1.0,3.0,236
4254.0,1.0,3.0,236
4255.0,1.0,3.0,236
4256.0,1.0,3.0,236
4257.0,1.0,3.0,236
4258.0,1.0,3.0,236
4259.0,1.0,3.0,236
4260.0,1.0,3.0,236
4261.0,1.0,3.0,236
4262.0,1.0,3.0,236
4263.0,1.0,3.0,236
4264.0,1.0,3.0,236
4265.0,1.0,3.0,236
4266.0,1.0,3.0,236
4267.0,1.0,3.0,236
4268.0,1.0,3.0,236
4269.0,1.0,3.0,236
4270.0,1.0,3.0,236
4271.0,1.0,3.0,236
4272.0,1.0,3.0,236
4273.0,1.0,3.0,236
4274.0,1.0,3.0,236
4275.0,1.0,3.0,236
4276.0,1.0,3.0,236
4277.0,1.0,3.0,236
4278.0,1.0,3.0,236
4279.0,1.0,3.0,236
4280.0,1.0,3.0,236
4281.0,1.0,3.0,236
4282.0,1.0,3.0,236
4283.0,1.0,3.0,236
4284.0,1.0,3.0,236
4285.0,1.0,3.0,236
4286.0,1.0,3.0,236
4287.0,1.0,3.0,236
4288.0,1.0,3.0,236
4289.0,1.0,3.0,236
4290.0,1.0,3.0,236
4291.0,1.0,3.0,236
4292.0,1.0,3.0,236
4293.0,1.0,3.0,236
4294.0,1.0,3.0,236
4295.0,1.0,3.0,236
4296.0,1.0,3.0,236
4297.0,1.0,3.0,236
4298.0,1.0,3.0,236
4299.0,1.0,3.0,236
4300.0,1.0,3.0,236
4301.0,1.0,3.0,236
4302.0,1.0,3.0,236
4303.0,1.0,3.0,236
4304.0,1.0,3.0,236
4305.0,1.0,3.0,236
4306.0,1.0,3.0,236
4307.0,1.0,3.0,236
4308.0,1.0,3.0,236
4309.0,1.0,3.0,236
4310.0,1.0,3.0,236
4311.0,1.0,3.0,236
4312.0,1.0,3.0,236
4313.0,1.0,3.0,236
4314.0,1.0,3.0,236
4315.0,1.0,3.0,236
4316.0,1.0,3.0,236
4317.0,1.0,3.0,236
4318.0,1.0,3.0,236
4319.0,1.0,3.0,236
4320.0,1.0,3.0,236
4321.0,1.0,3.0,236
4322.0,1.0,3.0,236
4323.0,1.0,3.0,236
4324.0,1.0,3.0,236
4325.0,1.0,3.0,236
4326.0,1.0,3.0,236
4327.0,1.0,3.0,236
4328.0,1.0,3.0,236
4329.0,1.0,3.0,236
4330.0,1.0,3.0,236
4331.0,1.0,3.0,236
4332.0,1.0,3.0,236
4333.0,1.0,3.0,236
4334.0,1.0,3.0,236
4335.0,1.0,3.0,236
4336.0,1.0,3.0,236
4337.0,1.0,3.0,236
4338.0,1.0,3.0,236
4339.0,1.0,3.0,236
4340.0,1.0,3.0,236
4341.0,1.0,3.0,236
4342.0,1.0,3.0,236
4343.0,1.0,3.0,236
4344.0,1.0,3.0,236
4345.0,1.0,3.0,236
4346.0,1.0,3.0,236
4347.0,1.0,3.0,236
4348.0,1.0,3.0,236
4349.0,1.0,3.0,236
4350.0,1.0,3.0,236
4351.0,1.0,3.0,236
4352.0,1.0,3.0,236
4353.0,1.0,3.0,236
4354.0,1.0,3.0,236
4355.0,1.0,3.0,236
4356.0,1.0,3.0,236
4357.0,1.0,3.0,236
4358.0,1.0,3.0,236
4359.0,1.0,3.0,236
4360.0,1.0,3.0,236
4361.0,1.0,3.0,236
4362.0,1.0,3.0,236
4363.0,1.0,3.0,236
4364.0,1.0,3.0,236
4365.0,1.0,3.0,236
4366.0,1.0,3.0,236
4367.0,1.0,3.0,236
4368.0,1.0,3.0,236
4369.0,1.0,3.0,236
4370.0,1.0,3.0,236
4371.0,1.0,3.0,236
4372.0,1.0,3.0,236
4373.0,1.0,3.0,236
4374.0,1.0,3.0,236
4375.0,1.0,3.0,236
4376.0,1.0,3.0,236
4377.0,1.0,3.0,236
4378.0,1.0,3.0,236
4379.0,1.0,3.0,236
4380.0,1.0,3.0,236
4381.0,1.0,3.0,236
4382.0,1.0,3.0,236
4383.0,1.0,3.0,236
4384.0,1.0,3.0,236
4385.0,1.0,3.0,236
4386.0,1.0,3.0,236
4387.0,1.0,3.0,236
4388.0,1.0,3.0,236
4389.0,1.0,3.0,236
4390.0,1.0,3.0,236
4391.0,1.0,3.0,236
4392.0,1.0,3.0,236
4393.0,1.0,3.0,236
4394.0,1.0,3.0,236
4395.0,1.0,3.0,236
4396.0,1.0,3.0,236
4397.0,1.0,3.0,236
4398.0,1.0,3.0,236
4399.0,1.0,3.0,236
4400.0,1.0,3.0,236
4401.0,1.0,3.0,236
4402.0,1.0,3.0,236
4403.0,1.0,3.0,236
4404.0,1.0,3.0,236
4405.0,1.0,3.0,236
4406.0,1.0,3.0,236
4407.0,1.0,3.0,236
4408.0,1.0,3.0,236
4409.0,1.0,3.0,236
4410.0,1.0,3.0,236
4411.0,1.0,3.0,236
4412.0,1.0,3.0,236
4413.0,1.0,3.0,236
4414.0,1.0,3.0,236
4415.0,1.0,3.0,236
4416.0,1.0,3.0,236
4417.0,1.0,3.0,236
4418.0,1.0,3.0,236
4419.0,1.0,3.0,236
4420.0,1.0,3.0,236
4421.0,1.0,3.0,236
4422.0,1.0,3.0,236
4423.0,1.0,3.0,236
4424.0,1.0,3.0,236
4425.0,1.0,3.0,236
4426.0,1.0,3.0,236
4427.0,1.0,3.0,236
4428.0,1.0,3.0,236
4429.0,1.0,3.0,236
4430.0,1.0,3.0,236
4431.0,1.0,3.0,236
4432.0,1.0,3.0,236
4433.0,1.0,3.0,236
4434.0,1.0,3.0,236
4435.0,1.0,3.0,236
4436.0,1.0,3.0,236
4437.0,1.0,3.0,236
4438.0,1.0,3.0,236
4439.0,1.0,3.0,236
4440.0,1.0,3.0,236
4441.0,1.0,3.0,236
4442.0,1.0,3.0,236
4443.0,1.0,3.0,236
4444.0,1.0,3.0,236
4445.0,1.0,3.0,236
4446.0,1.0,3.0,236
4447.0,1.0,3.0,236
4448.0,1.0,3.0,236
4449.0,1.0,3.0,236
4450.0,1.0,3.0,236
4451.0,1.0,3.0,236
4452.0,1.0,3.0,236
4453.0,1.0,3.0,236
4454.0,1.0,3.0,236
4455.0,1.0,3.0,236
4456.0,1.0,3.0,236
4457.0,1.0,3.0,236
4458.0,1.0,3.0,236
4459.0,1.0,3.0,236
4460.0,1.0,3.0,236
4461.0,1.0,3.0,236
4462.0,1.0,3.0,236
4463.0,1.0,3.0,236
4464.0,1.0,3.0,236
4465.0,1.0,3.0,236
4466.0,1.0,3.0,236
4467.0,1.0,3.0,236
4468.0,1.0,3.0,236
4469.0,1.0,3.0,236
4470.0,1.0,3.0,236
4471.0,1.0,3.0,236
4472.0,1.0,3.0,236
4473.0,1.0,3.0,236
4474.0,1.0,3.0,236
4475.0,1.0,3.0,236
4476.0,1.0,3.0,236
4477.0,1.0,3.0,236
4478.0,1.0,3.0,236
4479.0,1.0,3.0,236
4480.0,1.0,3.0,236
4481.0,1.0,3.0,236
4482.0,1.0,3.0,236
4483.0,1.0,3.0,236
4484.0,1.0,3.0,236
4485.0,1.0,3.0,236
4486.0,1.0,3.0,236
4487.0,1.0,3.0,236
4488.0,1.0,3.0,236
4489.0,1.0,3.0,236
4490.0,1.0,3.0,236
4491.0,1.0,3.0,236
4492.0,1.0,3.0,236
4493.0,1.0,3.0,236
4494.0,1.0,3.0,236
4495.0,1.0,3.0,236
4496.0,1.0,3.0,236
4497.0,1.0,3.0,236
4498.0,1.0,3.0,236
4499.0,1.0,3.0,236
4500.0,1.0,3.0,236
4501.0,1.0,3.0,236
4502.0,1.0,3.0,236
4503.0,1.0,3.0,236
4504.0,1.0,3.0,236
4505.0,1.0,3.0,236
4506.0,1.0,3.0,236
4507.0,1.0,3.0,236
4508.0,1.0,3.0,236
4509.0,1.0,3.0,236
4510.0,1.0,3.0,236
4511.0,1.0,3.0,236
4512.0,1.0,3.0,236
4513.0,1.0,3.0,236
4514.0,1.0,3.0,236
4515.0,1.0,3.0,236
4516.0,1.0,3.0,236
4517.0,1.0,3.0,236
4518.0,1.0,3.0,236
4519.0,1.0,3.0,236
4520.0,1.0,3.0,236
4521.0,1.0,3.0,236
4522.0,1.0,3.0,236
4523.0,1.0,3.0,236
4524.0,1.0,3.0,236
4525.0,1.0,3.0,236
4526.0,1.0,3.0,236
4527.0,1.0,3.0,236
4528.0,1.0,3.0,236
4529.0,1.0,3.0,236
4530.0,1.0,3.0,236
4531.0,1.0,3.0,236
4532.0,1.0,3.0,236
4533.0,1.0,3.0,236
4534.0,1.0,3.0,236
4535.0,1.0,3.0,236
4536.0,1.0,3.0,236
4537.0,1.0,3.0,236
4538.0,1.0,3.0,236
4539.0,1.0,3.0,236
4540.0,1.0,3.0,236
4541.0,1.0,3.0,236
4542.0,1.0,3.0,236
4543.0,1.0,3.0,236
4544.0,1.0,3.0,236
4545.0,1.0,3.0,236
4546.0,1.0,3.0,236
4547.0,1.0,3.0,236
4548.0,1.0,3.0,236
4549.0,1.0,3.0,236
4550.0,1.0,3.0,236
4551.0,1.0,3.0,236
4552.0,1.0,3.0,236
4553.0,1.0,3.0,236
4554.0,1.0,3.0,236
4555.0,1.0,3.0,236
4556.0,1.0,3.0,236
4557.0,1.0,3.0,236
4558.0,1.0,3.0,236
4559.0,1.0,3.0,236
4560.0,1.0,3.0,236
4561.0,1.0,3.0,236
4562.0,1.0,3.0,236
4563.0,1.0,3.0,236
4564.0,1.0,3.0,236
4565.0,1.0,3.0,236
4566.0,1.0,3.0,236
4567.0,1.0,3.0,236
4568.0,1.0,3.0,236
4569.0,1.0,3.0,236
4570.0,1.0,3.0,236
4571.0,1.0,3.0,236
4572.0,1.0,3.0,236
4573.0,1.0,3.0,236
4574.0,1.0,3.0,236
4575.0,1.0,3.0,236
4576.0,1.0,3.0,236
4577.0,1.0,3.0,236
4578.0,1.0,3.0,236
4579.0,1.0,3.0,236
4580.0,1.0,3.0,236
4581.0,1.0,3.0,236
4582.0,1.0,3.0,236
4583.0,1.0,3.0,236
4584.0,1.0,3.0,236
4585.0,1.0,3.0,236
4586.0,1.0,3.0,236
4587.0,1.0,3.0,236
4588.0,1.0,3.0,236
4589.0,1.0,3.0,236
4590.0,1.0,3.0,236
4591.0,1.0,3.0,236
4592.0,1.0,3.0,236
4593.0,1.0,3.0,236
4594.0,1.0,3.0,236
4595.0,1.0,3.0,236
4596.0,1.0,3.0,236
4597.0,1.0,3.0,236
4598.0,1.0,3.0,236
4599.0,1.0,3.0,236
4600.0,1.0,3.0,236
4601.0,1.0,3.0,236
4602.0,1.0,3.0,236
4603.0,1.0,3.0,236
4604.0,1.0,3.0,236
4605.0,1.0,3.0,236
4606.0,1.0,3.0,236
4607.0,1.0,3.0,236
4608.0,1.0,3.0,236
4609.0,1.0,3.0,236
4610.0,1.0,3.0,236
4611.0,1.0,3.0,236
4612.0,1.0,3.0,236
4613.0,1.0,3.0,236
4614.0,1.0,3.0,236
4615.0,1.0,3.0,236
4616.0,1.0,3.0,236
4617.0,1.0,3.0,236
4618.0,1.0,3.0,236
4619.0,1.0,3.0,236
4620.0,1.0,3.0,236
4621.0,1.0,3.0,236
4622.0,1.0,3.0,236
4623.0,1.0,3.0,236
4624.0,1.0,3.0,236
4625.0,1.0,3.0,236
4626.0,1.0,3.0,236
4627.0,1.0,3.0,236
4628.0,1.0,3.0,236
4629.0,1.0,3.0,236
4630.0,1.0,3.0,236
4631.0,1.0,3.0,236
4632.0,1.0,3.0,236
4633.0,1.0,3.0,236
4634.0,1.0,3.0,236
4635.0,1.0,3.0,236
4636.0,1.0,3.0,236
4637.0,1.0,3.0,236
4638.0,1.0,3.0,236
4639.0,1.0,3.0,236
4640.0,1.0,3.0,236
4641.0,1.0,3.0,236
4642.0,1.0,3.0,236
4643.0,1.0,3.0,236
4644.0,1.0,3.0,236
4645.0,1.0,3.0,236
4646.0,1.0,3.0,236
4647.0,1.0,3.0,236
4648.0,1.0,3.0,236
4649.0,1.0,3.0,236
4650.0,1.0,3.0,236
4651.0,1.0,3.0,236
4652.0,1.0,3.0,236
4653.0,1.0,3.0,236
4654.0,1.0,3.0,236
