Timestamp: 23-Oct-2014 20:55:10
MaxDeathAge: 100
MaxInitialSugar: 25
MaxMetabolism: 4
MaxVision: 6
MinDeathAge: 60
MinInitialSugar: 5
NumAgents: 2500
Replacement: true


"tick","Avg. Metabolism","Avg. Vision","AgentCount"
1.0,2.0,3.0,2500
2.0,2.0,3.0,2500
3.0,2.0,3.0,2441
4.0,2.0,3.0,2287
5.0,2.0,3.0,2127
6.0,2.0,3.0,1963
7.0,2.0,3.0,1805
8.0,2.0,3.0,1630
9.0,1.0,3.0,1471
10.0,1.0,3.0,1346
11.0,1.0,3.0,1254
12.0,1.0,3.0,1195
13.0,1.0,3.0,1133
14.0,1.0,3.0,1089
15.0,1.0,3.0,1049
16.0,1.0,3.0,1018
17.0,1.0,3.0,998
18.0,1.0,3.0,974
19.0,1.0,3.0,958
20.0,1.0,3.0,946
21.0,1.0,3.0,941
22.0,1.0,3.0,936
23.0,1.0,3.0,929
24.0,1.0,3.0,917
25.0,1.0,3.0,906
26.0,1.0,3.0,903
27.0,1.0,3.0,900
28.0,1.0,3.0,895
29.0,1.0,3.0,888
30.0,1.0,3.0,877
31.0,1.0,3.0,874
32.0,1.0,3.0,867
33.0,1.0,3.0,865
34.0,1.0,3.0,857
35.0,1.0,3.0,855
36.0,1.0,3.0,853
37.0,1.0,3.0,848
38.0,1.0,3.0,842
39.0,1.0,3.0,838
40.0,1.0,3.0,836
41.0,1.0,3.0,832
42.0,1.0,3.0,829
43.0,1.0,3.0,826
44.0,1.0,3.0,822
45.0,1.0,3.0,818
46.0,1.0,3.0,816
47.0,1.0,3.0,814
48.0,1.0,3.0,812
49.0,1.0,3.0,810
50.0,1.0,3.0,808
51.0,1.0,3.0,807
52.0,1.0,3.0,806
53.0,1.0,3.0,804
54.0,1.0,3.0,803
55.0,1.0,3.0,802
56.0,1.0,3.0,802
57.0,1.0,3.0,802
58.0,1.0,3.0,800
59.0,1.0,3.0,800
60.0,1.0,3.0,796
61.0,1.0,3.0,794
62.0,1.0,3.0,793
63.0,1.0,3.0,790
64.0,1.0,3.0,790
65.0,1.0,3.0,787
66.0,1.0,3.0,785
67.0,1.0,3.0,782
68.0,1.0,3.0,781
69.0,1.0,3.0,781
70.0,1.0,3.0,781
71.0,1.0,3.0,780
72.0,1.0,3.0,779
73.0,1.0,3.0,778
74.0,1.0,3.0,778
75.0,1.0,3.0,776
76.0,1.0,3.0,775
77.0,1.0,3.0,775
78.0,1.0,3.0,775
79.0,1.0,3.0,775
80.0,1.0,3.0,775
81.0,1.0,3.0,775
82.0,1.0,3.0,775
83.0,1.0,3.0,774
84.0,1.0,3.0,774
85.0,1.0,3.0,774
86.0,1.0,3.0,774
87.0,1.0,3.0,773
88.0,1.0,3.0,773
89.0,1.0,3.0,771
90.0,1.0,3.0,768
91.0,1.0,3.0,768
92.0,1.0,3.0,767
93.0,1.0,3.0,767
94.0,1.0,3.0,767
95.0,1.0,3.0,767
96.0,1.0,3.0,766
97.0,1.0,3.0,766
98.0,1.0,3.0,765
99.0,1.0,3.0,764
100.0,1.0,3.0,764
101.0,1.0,3.0,764
102.0,1.0,3.0,764
103.0,1.0,3.0,763
104.0,1.0,3.0,763
105.0,1.0,3.0,763
106.0,1.0,3.0,763
107.0,1.0,3.0,763
108.0,1.0,3.0,763
109.0,1.0,3.0,763
110.0,1.0,3.0,762
111.0,1.0,3.0,762
112.0,1.0,3.0,761
113.0,1.0,3.0,761
114.0,1.0,3.0,761
115.0,1.0,3.0,761
116.0,1.0,3.0,761
117.0,1.0,3.0,760
118.0,1.0,3.0,760
119.0,1.0,3.0,760
120.0,1.0,3.0,759
121.0,1.0,3.0,759
122.0,1.0,3.0,759
123.0,1.0,3.0,759
124.0,1.0,3.0,758
125.0,1.0,3.0,758
126.0,1.0,3.0,757
127.0,1.0,3.0,756
128.0,1.0,3.0,756
129.0,1.0,3.0,756
130.0,1.0,3.0,755
131.0,1.0,3.0,755
132.0,1.0,3.0,755
133.0,1.0,3.0,755
134.0,1.0,3.0,754
135.0,1.0,3.0,752
136.0,1.0,3.0,751
137.0,1.0,3.0,750
138.0,1.0,3.0,750
139.0,1.0,3.0,748
140.0,1.0,3.0,748
141.0,1.0,3.0,748
142.0,1.0,3.0,748
143.0,1.0,3.0,748
144.0,1.0,3.0,748
145.0,1.0,3.0,748
146.0,1.0,3.0,748
147.0,1.0,3.0,748
148.0,1.0,3.0,748
149.0,1.0,3.0,748
150.0,1.0,3.0,748
151.0,1.0,3.0,748
152.0,1.0,3.0,748
153.0,1.0,3.0,748
154.0,1.0,3.0,748
155.0,1.0,3.0,748
156.0,1.0,3.0,748
157.0,1.0,3.0,747
158.0,1.0,3.0,747
159.0,1.0,3.0,746
160.0,1.0,3.0,746
161.0,1.0,3.0,746
162.0,1.0,3.0,746
163.0,1.0,3.0,746
164.0,1.0,3.0,746
165.0,1.0,3.0,746
166.0,1.0,3.0,746
167.0,1.0,3.0,745
168.0,1.0,3.0,745
169.0,1.0,3.0,745
170.0,1.0,3.0,744
171.0,1.0,3.0,744
172.0,1.0,3.0,744
173.0,1.0,3.0,744
174.0,1.0,3.0,744
175.0,1.0,3.0,743
176.0,1.0,3.0,743
177.0,1.0,3.0,743
178.0,1.0,3.0,743
179.0,1.0,3.0,743
180.0,1.0,3.0,743
181.0,1.0,3.0,743
182.0,1.0,3.0,743
183.0,1.0,3.0,743
184.0,1.0,3.0,743
185.0,1.0,3.0,743
186.0,1.0,3.0,742
187.0,1.0,3.0,741
188.0,1.0,3.0,741
189.0,1.0,3.0,741
190.0,1.0,3.0,740
191.0,1.0,3.0,740
192.0,1.0,3.0,740
193.0,1.0,3.0,740
194.0,1.0,3.0,740
195.0,1.0,3.0,740
196.0,1.0,3.0,740
197.0,1.0,3.0,740
198.0,1.0,3.0,740
199.0,1.0,3.0,740
200.0,1.0,3.0,740
201.0,1.0,3.0,740
202.0,1.0,3.0,740
203.0,1.0,3.0,740
204.0,1.0,3.0,740
205.0,1.0,3.0,740
206.0,1.0,3.0,739
207.0,1.0,3.0,739
208.0,1.0,3.0,739
209.0,1.0,3.0,739
210.0,1.0,3.0,739
211.0,1.0,3.0,739
212.0,1.0,3.0,739
213.0,1.0,3.0,739
214.0,1.0,3.0,737
215.0,1.0,3.0,737
216.0,1.0,3.0,737
217.0,1.0,3.0,737
218.0,1.0,3.0,736
219.0,1.0,3.0,736
220.0,1.0,3.0,736
221.0,1.0,3.0,735
222.0,1.0,3.0,735
223.0,1.0,3.0,735
224.0,1.0,3.0,735
225.0,1.0,3.0,735
226.0,1.0,3.0,735
227.0,1.0,3.0,735
228.0,1.0,3.0,735
229.0,1.0,3.0,735
230.0,1.0,3.0,735
231.0,1.0,3.0,735
232.0,1.0,3.0,735
233.0,1.0,3.0,735
234.0,1.0,3.0,735
235.0,1.0,3.0,735
236.0,1.0,3.0,735
237.0,1.0,3.0,735
238.0,1.0,3.0,735
239.0,1.0,3.0,735
240.0,1.0,3.0,735
241.0,1.0,3.0,735
242.0,1.0,3.0,735
243.0,1.0,3.0,735
244.0,1.0,3.0,735
245.0,1.0,3.0,735
246.0,1.0,3.0,735
247.0,1.0,3.0,735
248.0,1.0,3.0,735
249.0,1.0,3.0,735
250.0,1.0,3.0,735
251.0,1.0,3.0,735
252.0,1.0,3.0,735
253.0,1.0,3.0,735
254.0,1.0,3.0,735
255.0,1.0,3.0,735
256.0,1.0,3.0,735
257.0,1.0,3.0,735
258.0,1.0,3.0,735
259.0,1.0,3.0,735
260.0,1.0,3.0,735
261.0,1.0,3.0,735
262.0,1.0,3.0,735
263.0,1.0,3.0,735
264.0,1.0,3.0,735
265.0,1.0,3.0,735
266.0,1.0,3.0,735
267.0,1.0,3.0,735
268.0,1.0,3.0,735
269.0,1.0,3.0,735
270.0,1.0,3.0,735
271.0,1.0,3.0,735
272.0,1.0,3.0,735
273.0,1.0,3.0,735
274.0,1.0,3.0,735
275.0,1.0,3.0,735
276.0,1.0,3.0,735
277.0,1.0,3.0,735
278.0,1.0,3.0,735
279.0,1.0,3.0,735
280.0,1.0,3.0,735
281.0,1.0,3.0,735
282.0,1.0,3.0,735
283.0,1.0,3.0,735
284.0,1.0,3.0,735
285.0,1.0,3.0,735
286.0,1.0,3.0,735
287.0,1.0,3.0,735
288.0,1.0,3.0,735
289.0,1.0,3.0,734
290.0,1.0,3.0,734
291.0,1.0,3.0,734
292.0,1.0,3.0,734
293.0,1.0,3.0,734
294.0,1.0,3.0,734
295.0,1.0,3.0,734
296.0,1.0,3.0,734
297.0,1.0,3.0,734
298.0,1.0,3.0,734
299.0,1.0,3.0,734
300.0,1.0,3.0,734
301.0,1.0,3.0,734
302.0,1.0,3.0,734
303.0,1.0,3.0,734
304.0,1.0,3.0,734
305.0,1.0,3.0,734
306.0,1.0,3.0,734
307.0,1.0,3.0,734
308.0,1.0,3.0,734
309.0,1.0,3.0,734
310.0,1.0,3.0,734
311.0,1.0,3.0,734
312.0,1.0,3.0,734
313.0,1.0,3.0,734
314.0,1.0,3.0,734
315.0,1.0,3.0,734
316.0,1.0,3.0,734
317.0,1.0,3.0,734
318.0,1.0,3.0,734
319.0,1.0,3.0,734
320.0,1.0,3.0,734
321.0,1.0,3.0,734
322.0,1.0,3.0,734
323.0,1.0,3.0,734
324.0,1.0,3.0,734
325.0,1.0,3.0,734
326.0,1.0,3.0,734
327.0,1.0,3.0,734
328.0,1.0,3.0,734
329.0,1.0,3.0,734
330.0,1.0,3.0,734
331.0,1.0,3.0,734
332.0,1.0,3.0,734
333.0,1.0,3.0,734
334.0,1.0,3.0,734
335.0,1.0,3.0,734
336.0,1.0,3.0,734
337.0,1.0,3.0,734
338.0,1.0,3.0,734
339.0,1.0,3.0,734
340.0,1.0,3.0,734
341.0,1.0,3.0,734
342.0,1.0,3.0,734
343.0,1.0,3.0,734
344.0,1.0,3.0,734
345.0,1.0,3.0,734
346.0,1.0,3.0,734
347.0,1.0,3.0,734
348.0,1.0,3.0,734
349.0,1.0,3.0,734
350.0,1.0,3.0,734
351.0,1.0,3.0,733
352.0,1.0,3.0,733
353.0,1.0,3.0,733
354.0,1.0,3.0,733
355.0,1.0,3.0,733
356.0,1.0,3.0,733
357.0,1.0,3.0,733
358.0,1.0,3.0,733
359.0,1.0,3.0,733
360.0,1.0,3.0,733
361.0,1.0,3.0,733
362.0,1.0,3.0,733
363.0,1.0,3.0,733
364.0,1.0,3.0,733
365.0,1.0,3.0,733
366.0,1.0,3.0,733
367.0,1.0,3.0,733
368.0,1.0,3.0,733
369.0,1.0,3.0,733
370.0,1.0,3.0,733
371.0,1.0,3.0,733
372.0,1.0,3.0,733
373.0,1.0,3.0,733
374.0,1.0,3.0,733
375.0,1.0,3.0,733
376.0,1.0,3.0,733
377.0,1.0,3.0,733
378.0,1.0,3.0,733
379.0,1.0,3.0,733
380.0,1.0,3.0,733
381.0,1.0,3.0,733
382.0,1.0,3.0,733
383.0,1.0,3.0,733
384.0,1.0,3.0,733
385.0,1.0,3.0,733
386.0,1.0,3.0,733
387.0,1.0,3.0,733
388.0,1.0,3.0,733
389.0,1.0,3.0,733
390.0,1.0,3.0,733
391.0,1.0,3.0,733
392.0,1.0,3.0,733
393.0,1.0,3.0,732
394.0,1.0,3.0,732
395.0,1.0,3.0,732
396.0,1.0,3.0,732
397.0,1.0,3.0,732
398.0,1.0,3.0,732
399.0,1.0,3.0,732
400.0,1.0,3.0,732
401.0,1.0,3.0,732
402.0,1.0,3.0,732
403.0,1.0,3.0,732
404.0,1.0,3.0,732
405.0,1.0,3.0,732
406.0,1.0,3.0,732
407.0,1.0,3.0,732
408.0,1.0,3.0,732
409.0,1.0,3.0,732
410.0,1.0,3.0,732
411.0,1.0,3.0,732
412.0,1.0,3.0,732
413.0,1.0,3.0,732
414.0,1.0,3.0,732
415.0,1.0,3.0,732
416.0,1.0,3.0,732
417.0,1.0,3.0,732
418.0,1.0,3.0,732
419.0,1.0,3.0,732
420.0,1.0,3.0,732
421.0,1.0,3.0,732
422.0,1.0,3.0,732
423.0,1.0,3.0,732
424.0,1.0,3.0,732
425.0,1.0,3.0,732
426.0,1.0,3.0,732
427.0,1.0,3.0,732
428.0,1.0,3.0,732
429.0,1.0,3.0,732
430.0,1.0,3.0,732
431.0,1.0,3.0,732
432.0,1.0,3.0,732
433.0,1.0,3.0,732
434.0,1.0,3.0,732
435.0,1.0,3.0,732
436.0,1.0,3.0,732
437.0,1.0,3.0,732
438.0,1.0,3.0,732
439.0,1.0,3.0,732
440.0,1.0,3.0,732
441.0,1.0,3.0,732
442.0,1.0,3.0,732
443.0,1.0,3.0,732
444.0,1.0,3.0,732
445.0,1.0,3.0,732
446.0,1.0,3.0,732
447.0,1.0,3.0,732
448.0,1.0,3.0,732
449.0,1.0,3.0,732
450.0,1.0,3.0,732
451.0,1.0,3.0,732
452.0,1.0,3.0,732
453.0,1.0,3.0,732
454.0,1.0,3.0,732
455.0,1.0,3.0,732
456.0,1.0,3.0,732
457.0,1.0,3.0,732
458.0,1.0,3.0,732
459.0,1.0,3.0,732
460.0,1.0,3.0,732
461.0,1.0,3.0,732
462.0,1.0,3.0,732
463.0,1.0,3.0,732
464.0,1.0,3.0,732
465.0,1.0,3.0,732
466.0,1.0,3.0,732
467.0,1.0,3.0,732
468.0,1.0,3.0,732
469.0,1.0,3.0,732
470.0,1.0,3.0,732
471.0,1.0,3.0,732
472.0,1.0,3.0,732
473.0,1.0,3.0,732
474.0,1.0,3.0,732
475.0,1.0,3.0,732
476.0,1.0,3.0,732
477.0,1.0,3.0,732
478.0,1.0,3.0,732
479.0,1.0,3.0,732
480.0,1.0,3.0,732
481.0,1.0,3.0,732
482.0,1.0,3.0,732
483.0,1.0,3.0,732
484.0,1.0,3.0,732
485.0,1.0,3.0,732
486.0,1.0,3.0,732
487.0,1.0,3.0,732
488.0,1.0,3.0,732
489.0,1.0,3.0,732
490.0,1.0,3.0,732
491.0,1.0,3.0,732
492.0,1.0,3.0,732
493.0,1.0,3.0,732
494.0,1.0,3.0,732
495.0,1.0,3.0,732
496.0,1.0,3.0,732
497.0,1.0,3.0,732
498.0,1.0,3.0,732
499.0,1.0,3.0,732
500.0,1.0,3.0,732
501.0,1.0,3.0,732
502.0,1.0,3.0,732
503.0,1.0,3.0,732
504.0,1.0,3.0,732
505.0,1.0,3.0,732
506.0,1.0,3.0,732
507.0,1.0,3.0,732
508.0,1.0,3.0,732
509.0,1.0,3.0,732
510.0,1.0,3.0,732
511.0,1.0,3.0,732
512.0,1.0,3.0,732
513.0,1.0,3.0,732
514.0,1.0,3.0,732
515.0,1.0,3.0,732
516.0,1.0,3.0,732
517.0,1.0,3.0,732
518.0,1.0,3.0,732
519.0,1.0,3.0,732
520.0,1.0,3.0,732
521.0,1.0,3.0,732
522.0,1.0,3.0,732
523.0,1.0,3.0,732
524.0,1.0,3.0,732
525.0,1.0,3.0,732
526.0,1.0,3.0,732
527.0,1.0,3.0,732
528.0,1.0,3.0,732
529.0,1.0,3.0,732
530.0,1.0,3.0,732
531.0,1.0,3.0,732
532.0,1.0,3.0,732
533.0,1.0,3.0,732
534.0,1.0,3.0,732
535.0,1.0,3.0,732
536.0,1.0,3.0,732
537.0,1.0,3.0,732
538.0,1.0,3.0,732
539.0,1.0,3.0,732
540.0,1.0,3.0,732
541.0,1.0,3.0,732
542.0,1.0,3.0,732
543.0,1.0,3.0,732
544.0,1.0,3.0,732
545.0,1.0,3.0,731
546.0,1.0,3.0,731
547.0,1.0,3.0,731
548.0,1.0,3.0,731
549.0,1.0,3.0,731
550.0,1.0,3.0,731
551.0,1.0,3.0,731
552.0,1.0,3.0,731
553.0,1.0,3.0,731
554.0,1.0,3.0,731
555.0,1.0,3.0,731
556.0,1.0,3.0,731
557.0,1.0,3.0,731
558.0,1.0,3.0,731
559.0,1.0,3.0,731
560.0,1.0,3.0,731
561.0,1.0,3.0,731
562.0,1.0,3.0,731
563.0,1.0,3.0,731
564.0,1.0,3.0,731
565.0,1.0,3.0,731
566.0,1.0,3.0,731
567.0,1.0,3.0,731
568.0,1.0,3.0,731
569.0,1.0,3.0,731
570.0,1.0,3.0,731
571.0,1.0,3.0,731
572.0,1.0,3.0,731
573.0,1.0,3.0,731
574.0,1.0,3.0,731
575.0,1.0,3.0,731
576.0,1.0,3.0,731
577.0,1.0,3.0,731
578.0,1.0,3.0,731
579.0,1.0,3.0,731
580.0,1.0,3.0,731
581.0,1.0,3.0,731
582.0,1.0,3.0,731
583.0,1.0,3.0,731
584.0,1.0,3.0,731
585.0,1.0,3.0,731
586.0,1.0,3.0,731
587.0,1.0,3.0,730
588.0,1.0,3.0,730
589.0,1.0,3.0,730
590.0,1.0,3.0,730
591.0,1.0,3.0,730
592.0,1.0,3.0,730
593.0,1.0,3.0,730
594.0,1.0,3.0,730
595.0,1.0,3.0,730
596.0,1.0,3.0,730
597.0,1.0,3.0,730
598.0,1.0,3.0,730
599.0,1.0,3.0,730
600.0,1.0,3.0,730
601.0,1.0,3.0,730
602.0,1.0,3.0,730
603.0,1.0,3.0,730
604.0,1.0,3.0,730
605.0,1.0,3.0,730
606.0,1.0,3.0,730
607.0,1.0,3.0,730
608.0,1.0,3.0,730
609.0,1.0,3.0,730
610.0,1.0,3.0,730
611.0,1.0,3.0,730
612.0,1.0,3.0,730
613.0,1.0,3.0,730
614.0,1.0,3.0,730
615.0,1.0,3.0,729
616.0,1.0,3.0,729
617.0,1.0,3.0,729
618.0,1.0,3.0,729
619.0,1.0,3.0,729
620.0,1.0,3.0,729
621.0,1.0,3.0,729
622.0,1.0,3.0,729
623.0,1.0,3.0,729
624.0,1.0,3.0,729
625.0,1.0,3.0,729
626.0,1.0,3.0,729
627.0,1.0,3.0,729
628.0,1.0,3.0,729
629.0,1.0,3.0,729
630.0,1.0,3.0,729
631.0,1.0,3.0,729
632.0,1.0,3.0,729
633.0,1.0,3.0,729
634.0,1.0,3.0,729
635.0,1.0,3.0,729
636.0,1.0,3.0,729
637.0,1.0,3.0,729
638.0,1.0,3.0,729
639.0,1.0,3.0,729
640.0,1.0,3.0,729
641.0,1.0,3.0,729
642.0,1.0,3.0,729
643.0,1.0,3.0,729
644.0,1.0,3.0,729
645.0,1.0,3.0,729
646.0,1.0,3.0,729
647.0,1.0,3.0,729
648.0,1.0,3.0,729
649.0,1.0,3.0,729
650.0,1.0,3.0,729
651.0,1.0,3.0,729
652.0,1.0,3.0,729
653.0,1.0,3.0,729
654.0,1.0,3.0,729
655.0,1.0,3.0,729
656.0,1.0,3.0,729
657.0,1.0,3.0,729
658.0,1.0,3.0,729
659.0,1.0,3.0,729
660.0,1.0,3.0,729
661.0,1.0,3.0,729
662.0,1.0,3.0,729
663.0,1.0,3.0,729
664.0,1.0,3.0,729
665.0,1.0,3.0,729
666.0,1.0,3.0,729
667.0,1.0,3.0,729
668.0,1.0,3.0,729
669.0,1.0,3.0,729
670.0,1.0,3.0,729
671.0,1.0,3.0,729
672.0,1.0,3.0,729
673.0,1.0,3.0,729
674.0,1.0,3.0,729
675.0,1.0,3.0,729
676.0,1.0,3.0,729
677.0,1.0,3.0,729
678.0,1.0,3.0,729
679.0,1.0,3.0,729
680.0,1.0,3.0,729
681.0,1.0,3.0,729
682.0,1.0,3.0,729
683.0,1.0,3.0,729
684.0,1.0,3.0,729
685.0,1.0,3.0,729
686.0,1.0,3.0,729
687.0,1.0,3.0,729
688.0,1.0,3.0,729
689.0,1.0,3.0,729
690.0,1.0,3.0,729
691.0,1.0,3.0,729
692.0,1.0,3.0,729
693.0,1.0,3.0,729
694.0,1.0,3.0,729
695.0,1.0,3.0,729
696.0,1.0,3.0,729
697.0,1.0,3.0,729
698.0,1.0,3.0,729
699.0,1.0,3.0,729
700.0,1.0,3.0,729
701.0,1.0,3.0,729
702.0,1.0,3.0,729
703.0,1.0,3.0,729
704.0,1.0,3.0,729
705.0,1.0,3.0,729
706.0,1.0,3.0,729
707.0,1.0,3.0,729
708.0,1.0,3.0,729
709.0,1.0,3.0,729
710.0,1.0,3.0,729
711.0,1.0,3.0,729
712.0,1.0,3.0,729
713.0,1.0,3.0,729
714.0,1.0,3.0,729
715.0,1.0,3.0,729
716.0,1.0,3.0,729
717.0,1.0,3.0,729
718.0,1.0,3.0,729
719.0,1.0,3.0,729
720.0,1.0,3.0,729
721.0,1.0,3.0,729
722.0,1.0,3.0,729
723.0,1.0,3.0,729
724.0,1.0,3.0,729
725.0,1.0,3.0,729
726.0,1.0,3.0,729
727.0,1.0,3.0,729
728.0,1.0,3.0,729
729.0,1.0,3.0,729
730.0,1.0,3.0,729
731.0,1.0,3.0,729
732.0,1.0,3.0,729
733.0,1.0,3.0,729
734.0,1.0,3.0,729
735.0,1.0,3.0,729
736.0,1.0,3.0,729
737.0,1.0,3.0,729
738.0,1.0,3.0,729
739.0,1.0,3.0,729
740.0,1.0,3.0,729
741.0,1.0,3.0,728
742.0,1.0,3.0,728
743.0,1.0,3.0,728
744.0,1.0,3.0,728
745.0,1.0,3.0,728
746.0,1.0,3.0,728
747.0,1.0,3.0,728
748.0,1.0,3.0,728
749.0,1.0,3.0,728
750.0,1.0,3.0,728
751.0,1.0,3.0,728
752.0,1.0,3.0,728
753.0,1.0,3.0,728
754.0,1.0,3.0,728
755.0,1.0,3.0,728
756.0,1.0,3.0,728
757.0,1.0,3.0,728
758.0,1.0,3.0,728
759.0,1.0,3.0,728
760.0,1.0,3.0,728
761.0,1.0,3.0,728
762.0,1.0,3.0,728
763.0,1.0,3.0,728
764.0,1.0,3.0,728
765.0,1.0,3.0,728
766.0,1.0,3.0,728
767.0,1.0,3.0,728
768.0,1.0,3.0,728
769.0,1.0,3.0,728
770.0,1.0,3.0,728
771.0,1.0,3.0,728
772.0,1.0,3.0,728
773.0,1.0,3.0,728
774.0,1.0,3.0,728
775.0,1.0,3.0,728
776.0,1.0,3.0,728
777.0,1.0,3.0,728
778.0,1.0,3.0,728
779.0,1.0,3.0,728
780.0,1.0,3.0,728
781.0,1.0,3.0,728
782.0,1.0,3.0,728
783.0,1.0,3.0,728
784.0,1.0,3.0,728
785.0,1.0,3.0,728
786.0,1.0,3.0,728
787.0,1.0,3.0,728
788.0,1.0,3.0,728
789.0,1.0,3.0,728
790.0,1.0,3.0,728
791.0,1.0,3.0,728
792.0,1.0,3.0,728
793.0,1.0,3.0,728
794.0,1.0,3.0,728
795.0,1.0,3.0,728
796.0,1.0,3.0,728
797.0,1.0,3.0,728
798.0,1.0,3.0,728
799.0,1.0,3.0,728
800.0,1.0,3.0,728
801.0,1.0,3.0,728
802.0,1.0,3.0,728
803.0,1.0,3.0,728
804.0,1.0,3.0,728
805.0,1.0,3.0,728
806.0,1.0,3.0,728
807.0,1.0,3.0,728
808.0,1.0,3.0,728
809.0,1.0,3.0,728
810.0,1.0,3.0,728
811.0,1.0,3.0,728
812.0,1.0,3.0,728
813.0,1.0,3.0,728
814.0,1.0,3.0,728
815.0,1.0,3.0,728
816.0,1.0,3.0,728
817.0,1.0,3.0,728
818.0,1.0,3.0,728
819.0,1.0,3.0,728
820.0,1.0,3.0,728
821.0,1.0,3.0,728
822.0,1.0,3.0,728
823.0,1.0,3.0,728
824.0,1.0,3.0,728
825.0,1.0,3.0,728
826.0,1.0,3.0,728
827.0,1.0,3.0,728
828.0,1.0,3.0,728
829.0,1.0,3.0,728
830.0,1.0,3.0,728
831.0,1.0,3.0,728
832.0,1.0,3.0,728
833.0,1.0,3.0,728
834.0,1.0,3.0,728
835.0,1.0,3.0,728
836.0,1.0,3.0,728
837.0,1.0,3.0,728
838.0,1.0,3.0,728
839.0,1.0,3.0,728
840.0,1.0,3.0,728
841.0,1.0,3.0,728
842.0,1.0,3.0,728
843.0,1.0,3.0,728
844.0,1.0,3.0,728
845.0,1.0,3.0,728
846.0,1.0,3.0,728
847.0,1.0,3.0,728
848.0,1.0,3.0,728
849.0,1.0,3.0,728
850.0,1.0,3.0,728
851.0,1.0,3.0,728
852.0,1.0,3.0,728
853.0,1.0,3.0,728
854.0,1.0,3.0,728
855.0,1.0,3.0,728
856.0,1.0,3.0,728
857.0,1.0,3.0,728
858.0,1.0,3.0,728
859.0,1.0,3.0,728
860.0,1.0,3.0,727
861.0,1.0,3.0,727
862.0,1.0,3.0,727
863.0,1.0,3.0,727
864.0,1.0,3.0,727
865.0,1.0,3.0,727
866.0,1.0,3.0,727
867.0,1.0,3.0,727
868.0,1.0,3.0,727
869.0,1.0,3.0,727
870.0,1.0,3.0,727
871.0,1.0,3.0,727
872.0,1.0,3.0,727
873.0,1.0,3.0,727
874.0,1.0,3.0,727
875.0,1.0,3.0,727
876.0,1.0,3.0,727
877.0,1.0,3.0,727
878.0,1.0,3.0,727
879.0,1.0,3.0,727
880.0,1.0,3.0,727
881.0,1.0,3.0,727
882.0,1.0,3.0,727
883.0,1.0,3.0,727
884.0,1.0,3.0,727
885.0,1.0,3.0,727
886.0,1.0,3.0,727
887.0,1.0,3.0,727
888.0,1.0,3.0,727
889.0,1.0,3.0,727
890.0,1.0,3.0,727
891.0,1.0,3.0,727
892.0,1.0,3.0,727
893.0,1.0,3.0,727
894.0,1.0,3.0,727
895.0,1.0,3.0,727
896.0,1.0,3.0,727
897.0,1.0,3.0,727
898.0,1.0,3.0,727
899.0,1.0,3.0,727
900.0,1.0,3.0,727
901.0,1.0,3.0,727
902.0,1.0,3.0,727
903.0,1.0,3.0,727
904.0,1.0,3.0,727
905.0,1.0,3.0,727
906.0,1.0,3.0,727
907.0,1.0,3.0,727
908.0,1.0,3.0,727
909.0,1.0,3.0,727
910.0,1.0,3.0,727
911.0,1.0,3.0,727
912.0,1.0,3.0,727
913.0,1.0,3.0,727
914.0,1.0,3.0,727
915.0,1.0,3.0,727
916.0,1.0,3.0,727
917.0,1.0,3.0,727
918.0,1.0,3.0,727
919.0,1.0,3.0,727
920.0,1.0,3.0,727
921.0,1.0,3.0,727
922.0,1.0,3.0,727
923.0,1.0,3.0,727
924.0,1.0,3.0,727
925.0,1.0,3.0,727
926.0,1.0,3.0,727
927.0,1.0,3.0,727
928.0,1.0,3.0,727
929.0,1.0,3.0,727
930.0,1.0,3.0,727
931.0,1.0,3.0,727
932.0,1.0,3.0,727
933.0,1.0,3.0,727
934.0,1.0,3.0,727
935.0,1.0,3.0,727
936.0,1.0,3.0,727
937.0,1.0,3.0,727
938.0,1.0,3.0,727
939.0,1.0,3.0,727
940.0,1.0,3.0,727
941.0,1.0,3.0,727
942.0,1.0,3.0,727
943.0,1.0,3.0,727
944.0,1.0,3.0,727
945.0,1.0,3.0,727
946.0,1.0,3.0,727
947.0,1.0,3.0,727
948.0,1.0,3.0,727
949.0,1.0,3.0,727
950.0,1.0,3.0,727
951.0,1.0,3.0,727
952.0,1.0,3.0,727
953.0,1.0,3.0,727
954.0,1.0,3.0,727
955.0,1.0,3.0,727
956.0,1.0,3.0,727
957.0,1.0,3.0,727
958.0,1.0,3.0,727
959.0,1.0,3.0,727
960.0,1.0,3.0,727
961.0,1.0,3.0,727
962.0,1.0,3.0,727
963.0,1.0,3.0,727
964.0,1.0,3.0,727
965.0,1.0,3.0,727
966.0,1.0,3.0,727
967.0,1.0,3.0,727
968.0,1.0,3.0,727
969.0,1.0,3.0,727
970.0,1.0,3.0,727
971.0,1.0,3.0,727
972.0,1.0,3.0,727
973.0,1.0,3.0,727
974.0,1.0,3.0,727
975.0,1.0,3.0,727
976.0,1.0,3.0,727
977.0,1.0,3.0,727
978.0,1.0,3.0,727
979.0,1.0,3.0,727
980.0,1.0,3.0,727
981.0,1.0,3.0,727
982.0,1.0,3.0,727
983.0,1.0,3.0,727
984.0,1.0,3.0,727
985.0,1.0,3.0,727
986.0,1.0,3.0,727
987.0,1.0,3.0,727
988.0,1.0,3.0,727
989.0,1.0,3.0,727
990.0,1.0,3.0,727
991.0,1.0,3.0,727
992.0,1.0,3.0,727
993.0,1.0,3.0,727
994.0,1.0,3.0,727
995.0,1.0,3.0,727
996.0,1.0,3.0,727
997.0,1.0,3.0,727
998.0,1.0,3.0,727
999.0,1.0,3.0,727
1000.0,1.0,3.0,727
1001.0,1.0,3.0,727
1002.0,1.0,3.0,727
1003.0,1.0,3.0,727
1004.0,1.0,3.0,727
1005.0,1.0,3.0,727
1006.0,1.0,3.0,727
1007.0,1.0,3.0,727
1008.0,1.0,3.0,727
1009.0,1.0,3.0,727
1010.0,1.0,3.0,727
1011.0,1.0,3.0,727
1012.0,1.0,3.0,727
1013.0,1.0,3.0,727
1014.0,1.0,3.0,727
1015.0,1.0,3.0,727
1016.0,1.0,3.0,727
1017.0,1.0,3.0,727
1018.0,1.0,3.0,727
1019.0,1.0,3.0,727
1020.0,1.0,3.0,727
1021.0,1.0,3.0,727
1022.0,1.0,3.0,727
1023.0,1.0,3.0,727
1024.0,1.0,3.0,727
1025.0,1.0,3.0,727
1026.0,1.0,3.0,727
1027.0,1.0,3.0,727
1028.0,1.0,3.0,727
1029.0,1.0,3.0,727
1030.0,1.0,3.0,727
1031.0,1.0,3.0,727
1032.0,1.0,3.0,727
1033.0,1.0,3.0,727
1034.0,1.0,3.0,727
1035.0,1.0,3.0,727
1036.0,1.0,3.0,727
1037.0,1.0,3.0,727
1038.0,1.0,3.0,727
1039.0,1.0,3.0,727
1040.0,1.0,3.0,727
1041.0,1.0,3.0,727
1042.0,1.0,3.0,727
1043.0,1.0,3.0,727
1044.0,1.0,3.0,727
1045.0,1.0,3.0,727
1046.0,1.0,3.0,727
1047.0,1.0,3.0,727
1048.0,1.0,3.0,727
1049.0,1.0,3.0,727
1050.0,1.0,3.0,727
1051.0,1.0,3.0,727
1052.0,1.0,3.0,727
1053.0,1.0,3.0,727
1054.0,1.0,3.0,727
1055.0,1.0,3.0,727
1056.0,1.0,3.0,727
1057.0,1.0,3.0,727
1058.0,1.0,3.0,727
1059.0,1.0,3.0,727
1060.0,1.0,3.0,727
1061.0,1.0,3.0,727
1062.0,1.0,3.0,727
1063.0,1.0,3.0,727
1064.0,1.0,3.0,727
1065.0,1.0,3.0,727
1066.0,1.0,3.0,727
1067.0,1.0,3.0,727
1068.0,1.0,3.0,727
1069.0,1.0,3.0,727
1070.0,1.0,3.0,727
1071.0,1.0,3.0,727
1072.0,1.0,3.0,727
1073.0,1.0,3.0,727
1074.0,1.0,3.0,727
1075.0,1.0,3.0,727
1076.0,1.0,3.0,727
1077.0,1.0,3.0,727
1078.0,1.0,3.0,727
1079.0,1.0,3.0,727
1080.0,1.0,3.0,727
1081.0,1.0,3.0,727
1082.0,1.0,3.0,727
1083.0,1.0,3.0,727
1084.0,1.0,3.0,727
1085.0,1.0,3.0,727
1086.0,1.0,3.0,727
1087.0,1.0,3.0,727
1088.0,1.0,3.0,727
1089.0,1.0,3.0,727
1090.0,1.0,3.0,727
1091.0,1.0,3.0,727
1092.0,1.0,3.0,727
1093.0,1.0,3.0,727
1094.0,1.0,3.0,727
1095.0,1.0,3.0,727
1096.0,1.0,3.0,727
1097.0,1.0,3.0,727
1098.0,1.0,3.0,727
1099.0,1.0,3.0,727
1100.0,1.0,3.0,727
1101.0,1.0,3.0,727
1102.0,1.0,3.0,727
1103.0,1.0,3.0,727
1104.0,1.0,3.0,727
1105.0,1.0,3.0,727
1106.0,1.0,3.0,727
1107.0,1.0,3.0,727
1108.0,1.0,3.0,727
1109.0,1.0,3.0,727
1110.0,1.0,3.0,727
1111.0,1.0,3.0,727
1112.0,1.0,3.0,727
1113.0,1.0,3.0,727
1114.0,1.0,3.0,727
1115.0,1.0,3.0,727
1116.0,1.0,3.0,727
1117.0,1.0,3.0,727
1118.0,1.0,3.0,727
1119.0,1.0,3.0,727
1120.0,1.0,3.0,727
1121.0,1.0,3.0,727
1122.0,1.0,3.0,727
1123.0,1.0,3.0,727
1124.0,1.0,3.0,727
1125.0,1.0,3.0,727
1126.0,1.0,3.0,727
1127.0,1.0,3.0,727
1128.0,1.0,3.0,727
1129.0,1.0,3.0,727
1130.0,1.0,3.0,727
1131.0,1.0,3.0,727
1132.0,1.0,3.0,727
1133.0,1.0,3.0,727
1134.0,1.0,3.0,727
1135.0,1.0,3.0,727
1136.0,1.0,3.0,727
1137.0,1.0,3.0,727
1138.0,1.0,3.0,727
1139.0,1.0,3.0,727
1140.0,1.0,3.0,726
1141.0,1.0,3.0,726
1142.0,1.0,3.0,726
1143.0,1.0,3.0,726
1144.0,1.0,3.0,726
1145.0,1.0,3.0,726
1146.0,1.0,3.0,726
1147.0,1.0,3.0,726
1148.0,1.0,3.0,726
1149.0,1.0,3.0,726
1150.0,1.0,3.0,726
1151.0,1.0,3.0,726
1152.0,1.0,3.0,726
1153.0,1.0,3.0,726
1154.0,1.0,3.0,726
1155.0,1.0,3.0,726
1156.0,1.0,3.0,726
1157.0,1.0,3.0,726
1158.0,1.0,3.0,726
1159.0,1.0,3.0,726
1160.0,1.0,3.0,726
1161.0,1.0,3.0,726
1162.0,1.0,3.0,726
1163.0,1.0,3.0,726
1164.0,1.0,3.0,726
1165.0,1.0,3.0,726
1166.0,1.0,3.0,726
1167.0,1.0,3.0,726
1168.0,1.0,3.0,726
1169.0,1.0,3.0,726
1170.0,1.0,3.0,726
1171.0,1.0,3.0,726
1172.0,1.0,3.0,726
1173.0,1.0,3.0,726
1174.0,1.0,3.0,726
1175.0,1.0,3.0,726
1176.0,1.0,3.0,726
1177.0,1.0,3.0,726
1178.0,1.0,3.0,726
1179.0,1.0,3.0,726
1180.0,1.0,3.0,726
1181.0,1.0,3.0,726
1182.0,1.0,3.0,726
1183.0,1.0,3.0,726
1184.0,1.0,3.0,726
1185.0,1.0,3.0,726
1186.0,1.0,3.0,726
1187.0,1.0,3.0,726
1188.0,1.0,3.0,726
1189.0,1.0,3.0,726
1190.0,1.0,3.0,726
1191.0,1.0,3.0,726
1192.0,1.0,3.0,726
1193.0,1.0,3.0,726
1194.0,1.0,3.0,726
1195.0,1.0,3.0,726
1196.0,1.0,3.0,726
1197.0,1.0,3.0,726
1198.0,1.0,3.0,726
1199.0,1.0,3.0,726
1200.0,1.0,3.0,726
1201.0,1.0,3.0,726
1202.0,1.0,3.0,726
1203.0,1.0,3.0,726
1204.0,1.0,3.0,726
1205.0,1.0,3.0,726
1206.0,1.0,3.0,726
1207.0,1.0,3.0,726
1208.0,1.0,3.0,726
1209.0,1.0,3.0,726
1210.0,1.0,3.0,726
1211.0,1.0,3.0,726
1212.0,1.0,3.0,726
1213.0,1.0,3.0,726
1214.0,1.0,3.0,726
1215.0,1.0,3.0,726
1216.0,1.0,3.0,726
1217.0,1.0,3.0,726
1218.0,1.0,3.0,726
1219.0,1.0,3.0,726
1220.0,1.0,3.0,726
1221.0,1.0,3.0,726
1222.0,1.0,3.0,726
1223.0,1.0,3.0,726
1224.0,1.0,3.0,726
1225.0,1.0,3.0,726
1226.0,1.0,3.0,726
1227.0,1.0,3.0,726
1228.0,1.0,3.0,726
1229.0,1.0,3.0,726
1230.0,1.0,3.0,726
1231.0,1.0,3.0,726
1232.0,1.0,3.0,726
1233.0,1.0,3.0,726
1234.0,1.0,3.0,726
1235.0,1.0,3.0,726
1236.0,1.0,3.0,726
1237.0,1.0,3.0,726
1238.0,1.0,3.0,726
1239.0,1.0,3.0,726
1240.0,1.0,3.0,726
1241.0,1.0,3.0,726
1242.0,1.0,3.0,726
1243.0,1.0,3.0,726
1244.0,1.0,3.0,726
1245.0,1.0,3.0,726
1246.0,1.0,3.0,726
1247.0,1.0,3.0,726
1248.0,1.0,3.0,726
1249.0,1.0,3.0,726
1250.0,1.0,3.0,726
1251.0,1.0,3.0,726
1252.0,1.0,3.0,726
1253.0,1.0,3.0,726
1254.0,1.0,3.0,726
1255.0,1.0,3.0,726
1256.0,1.0,3.0,726
1257.0,1.0,3.0,726
1258.0,1.0,3.0,726
1259.0,1.0,3.0,726
1260.0,1.0,3.0,726
1261.0,1.0,3.0,726
1262.0,1.0,3.0,726
1263.0,1.0,3.0,726
1264.0,1.0,3.0,726
1265.0,1.0,3.0,726
1266.0,1.0,3.0,726
1267.0,1.0,3.0,726
1268.0,1.0,3.0,726
1269.0,1.0,3.0,726
1270.0,1.0,3.0,726
1271.0,1.0,3.0,726
1272.0,1.0,3.0,726
1273.0,1.0,3.0,726
1274.0,1.0,3.0,726
1275.0,1.0,3.0,726
1276.0,1.0,3.0,726
1277.0,1.0,3.0,726
1278.0,1.0,3.0,726
1279.0,1.0,3.0,726
1280.0,1.0,3.0,726
1281.0,1.0,3.0,726
1282.0,1.0,3.0,726
1283.0,1.0,3.0,726
1284.0,1.0,3.0,726
1285.0,1.0,3.0,726
1286.0,1.0,3.0,726
1287.0,1.0,3.0,726
1288.0,1.0,3.0,726
1289.0,1.0,3.0,726
1290.0,1.0,3.0,726
1291.0,1.0,3.0,726
1292.0,1.0,3.0,726
1293.0,1.0,3.0,726
1294.0,1.0,3.0,726
1295.0,1.0,3.0,726
1296.0,1.0,3.0,726
1297.0,1.0,3.0,726
1298.0,1.0,3.0,726
1299.0,1.0,3.0,726
1300.0,1.0,3.0,726
1301.0,1.0,3.0,726
1302.0,1.0,3.0,726
1303.0,1.0,3.0,726
1304.0,1.0,3.0,726
1305.0,1.0,3.0,726
1306.0,1.0,3.0,726
1307.0,1.0,3.0,726
1308.0,1.0,3.0,726
1309.0,1.0,3.0,726
1310.0,1.0,3.0,726
1311.0,1.0,3.0,726
1312.0,1.0,3.0,726
1313.0,1.0,3.0,726
1314.0,1.0,3.0,726
1315.0,1.0,3.0,726
1316.0,1.0,3.0,726
1317.0,1.0,3.0,726
1318.0,1.0,3.0,726
1319.0,1.0,3.0,726
1320.0,1.0,3.0,726
1321.0,1.0,3.0,726
1322.0,1.0,3.0,726
1323.0,1.0,3.0,726
1324.0,1.0,3.0,726
1325.0,1.0,3.0,726
1326.0,1.0,3.0,726
1327.0,1.0,3.0,726
1328.0,1.0,3.0,726
1329.0,1.0,3.0,726
1330.0,1.0,3.0,726
1331.0,1.0,3.0,726
1332.0,1.0,3.0,726
1333.0,1.0,3.0,726
1334.0,1.0,3.0,726
1335.0,1.0,3.0,726
1336.0,1.0,3.0,726
1337.0,1.0,3.0,726
1338.0,1.0,3.0,726
1339.0,1.0,3.0,726
1340.0,1.0,3.0,726
1341.0,1.0,3.0,726
1342.0,1.0,3.0,726
1343.0,1.0,3.0,726
1344.0,1.0,3.0,726
1345.0,1.0,3.0,726
1346.0,1.0,3.0,726
1347.0,1.0,3.0,726
1348.0,1.0,3.0,726
1349.0,1.0,3.0,726
1350.0,1.0,3.0,726
1351.0,1.0,3.0,726
1352.0,1.0,3.0,726
1353.0,1.0,3.0,726
1354.0,1.0,3.0,726
1355.0,1.0,3.0,726
1356.0,1.0,3.0,726
1357.0,1.0,3.0,726
1358.0,1.0,3.0,726
1359.0,1.0,3.0,726
1360.0,1.0,3.0,726
1361.0,1.0,3.0,726
1362.0,1.0,3.0,726
1363.0,1.0,3.0,726
1364.0,1.0,3.0,726
1365.0,1.0,3.0,726
1366.0,1.0,3.0,726
1367.0,1.0,3.0,726
1368.0,1.0,3.0,726
1369.0,1.0,3.0,726
1370.0,1.0,3.0,726
1371.0,1.0,3.0,726
1372.0,1.0,3.0,726
1373.0,1.0,3.0,726
1374.0,1.0,3.0,726
1375.0,1.0,3.0,726
1376.0,1.0,3.0,726
1377.0,1.0,3.0,726
1378.0,1.0,3.0,726
1379.0,1.0,3.0,726
1380.0,1.0,3.0,726
1381.0,1.0,3.0,726
1382.0,1.0,3.0,726
1383.0,1.0,3.0,726
1384.0,1.0,3.0,726
1385.0,1.0,3.0,726
1386.0,1.0,3.0,726
1387.0,1.0,3.0,726
1388.0,1.0,3.0,726
1389.0,1.0,3.0,726
1390.0,1.0,3.0,726
1391.0,1.0,3.0,726
1392.0,1.0,3.0,726
1393.0,1.0,3.0,726
1394.0,1.0,3.0,726
1395.0,1.0,3.0,726
1396.0,1.0,3.0,726
1397.0,1.0,3.0,726
1398.0,1.0,3.0,726
1399.0,1.0,3.0,726
1400.0,1.0,3.0,726
1401.0,1.0,3.0,726
1402.0,1.0,3.0,726
1403.0,1.0,3.0,726
1404.0,1.0,3.0,726
1405.0,1.0,3.0,726
1406.0,1.0,3.0,726
1407.0,1.0,3.0,726
1408.0,1.0,3.0,726
1409.0,1.0,3.0,726
1410.0,1.0,3.0,726
1411.0,1.0,3.0,726
1412.0,1.0,3.0,726
1413.0,1.0,3.0,726
1414.0,1.0,3.0,726
1415.0,1.0,3.0,726
1416.0,1.0,3.0,726
1417.0,1.0,3.0,726
1418.0,1.0,3.0,726
1419.0,1.0,3.0,726
1420.0,1.0,3.0,726
1421.0,1.0,3.0,726
1422.0,1.0,3.0,726
1423.0,1.0,3.0,726
1424.0,1.0,3.0,726
1425.0,1.0,3.0,726
1426.0,1.0,3.0,726
1427.0,1.0,3.0,726
1428.0,1.0,3.0,726
1429.0,1.0,3.0,726
1430.0,1.0,3.0,726
1431.0,1.0,3.0,726
1432.0,1.0,3.0,726
1433.0,1.0,3.0,726
1434.0,1.0,3.0,726
1435.0,1.0,3.0,726
1436.0,1.0,3.0,726
1437.0,1.0,3.0,726
1438.0,1.0,3.0,726
1439.0,1.0,3.0,726
1440.0,1.0,3.0,726
1441.0,1.0,3.0,726
1442.0,1.0,3.0,726
1443.0,1.0,3.0,726
1444.0,1.0,3.0,726
1445.0,1.0,3.0,726
1446.0,1.0,3.0,726
1447.0,1.0,3.0,726
1448.0,1.0,3.0,726
1449.0,1.0,3.0,726
1450.0,1.0,3.0,726
1451.0,1.0,3.0,726
1452.0,1.0,3.0,726
1453.0,1.0,3.0,726
1454.0,1.0,3.0,726
1455.0,1.0,3.0,726
1456.0,1.0,3.0,726
1457.0,1.0,3.0,726
1458.0,1.0,3.0,726
1459.0,1.0,3.0,726
1460.0,1.0,3.0,726
1461.0,1.0,3.0,726
1462.0,1.0,3.0,726
1463.0,1.0,3.0,726
1464.0,1.0,3.0,726
1465.0,1.0,3.0,726
1466.0,1.0,3.0,726
1467.0,1.0,3.0,726
1468.0,1.0,3.0,726
1469.0,1.0,3.0,726
1470.0,1.0,3.0,726
1471.0,1.0,3.0,726
1472.0,1.0,3.0,726
1473.0,1.0,3.0,726
1474.0,1.0,3.0,726
1475.0,1.0,3.0,726
1476.0,1.0,3.0,726
1477.0,1.0,3.0,726
1478.0,1.0,3.0,726
1479.0,1.0,3.0,726
1480.0,1.0,3.0,726
1481.0,1.0,3.0,726
1482.0,1.0,3.0,726
1483.0,1.0,3.0,726
1484.0,1.0,3.0,726
1485.0,1.0,3.0,726
1486.0,1.0,3.0,726
1487.0,1.0,3.0,726
1488.0,1.0,3.0,726
1489.0,1.0,3.0,726
1490.0,1.0,3.0,726
1491.0,1.0,3.0,726
1492.0,1.0,3.0,726
1493.0,1.0,3.0,726
1494.0,1.0,3.0,726
1495.0,1.0,3.0,726
1496.0,1.0,3.0,726
1497.0,1.0,3.0,726
1498.0,1.0,3.0,726
1499.0,1.0,3.0,726
1500.0,1.0,3.0,726
1501.0,1.0,3.0,726
1502.0,1.0,3.0,726
1503.0,1.0,3.0,726
1504.0,1.0,3.0,726
1505.0,1.0,3.0,726
1506.0,1.0,3.0,726
1507.0,1.0,3.0,726
1508.0,1.0,3.0,726
1509.0,1.0,3.0,726
1510.0,1.0,3.0,726
1511.0,1.0,3.0,726
1512.0,1.0,3.0,726
1513.0,1.0,3.0,726
1514.0,1.0,3.0,726
1515.0,1.0,3.0,726
1516.0,1.0,3.0,726
1517.0,1.0,3.0,726
1518.0,1.0,3.0,726
1519.0,1.0,3.0,726
1520.0,1.0,3.0,726
1521.0,1.0,3.0,726
1522.0,1.0,3.0,726
1523.0,1.0,3.0,726
1524.0,1.0,3.0,726
1525.0,1.0,3.0,726
1526.0,1.0,3.0,726
1527.0,1.0,3.0,726
1528.0,1.0,3.0,726
1529.0,1.0,3.0,726
1530.0,1.0,3.0,726
1531.0,1.0,3.0,726
1532.0,1.0,3.0,726
1533.0,1.0,3.0,726
1534.0,1.0,3.0,726
1535.0,1.0,3.0,726
1536.0,1.0,3.0,726
1537.0,1.0,3.0,726
1538.0,1.0,3.0,726
1539.0,1.0,3.0,726
1540.0,1.0,3.0,726
1541.0,1.0,3.0,726
1542.0,1.0,3.0,726
1543.0,1.0,3.0,726
1544.0,1.0,3.0,726
1545.0,1.0,3.0,726
1546.0,1.0,3.0,726
1547.0,1.0,3.0,726
1548.0,1.0,3.0,726
1549.0,1.0,3.0,726
1550.0,1.0,3.0,726
1551.0,1.0,3.0,726
1552.0,1.0,3.0,726
1553.0,1.0,3.0,726
1554.0,1.0,3.0,726
1555.0,1.0,3.0,726
1556.0,1.0,3.0,726
1557.0,1.0,3.0,726
1558.0,1.0,3.0,726
1559.0,1.0,3.0,726
1560.0,1.0,3.0,726
1561.0,1.0,3.0,726
1562.0,1.0,3.0,726
1563.0,1.0,3.0,726
1564.0,1.0,3.0,726
1565.0,1.0,3.0,726
1566.0,1.0,3.0,726
1567.0,1.0,3.0,726
1568.0,1.0,3.0,726
1569.0,1.0,3.0,726
1570.0,1.0,3.0,726
1571.0,1.0,3.0,726
1572.0,1.0,3.0,726
1573.0,1.0,3.0,726
1574.0,1.0,3.0,726
1575.0,1.0,3.0,726
1576.0,1.0,3.0,726
1577.0,1.0,3.0,726
1578.0,1.0,3.0,726
1579.0,1.0,3.0,726
1580.0,1.0,3.0,726
1581.0,1.0,3.0,726
1582.0,1.0,3.0,726
1583.0,1.0,3.0,726
1584.0,1.0,3.0,726
1585.0,1.0,3.0,726
1586.0,1.0,3.0,726
1587.0,1.0,3.0,726
1588.0,1.0,3.0,726
1589.0,1.0,3.0,726
1590.0,1.0,3.0,726
1591.0,1.0,3.0,726
1592.0,1.0,3.0,726
1593.0,1.0,3.0,726
1594.0,1.0,3.0,726
1595.0,1.0,3.0,726
1596.0,1.0,3.0,726
1597.0,1.0,3.0,726
1598.0,1.0,3.0,726
1599.0,1.0,3.0,726
1600.0,1.0,3.0,726
1601.0,1.0,3.0,726
1602.0,1.0,3.0,726
1603.0,1.0,3.0,726
1604.0,1.0,3.0,726
1605.0,1.0,3.0,726
1606.0,1.0,3.0,726
1607.0,1.0,3.0,726
1608.0,1.0,3.0,726
1609.0,1.0,3.0,726
1610.0,1.0,3.0,726
1611.0,1.0,3.0,726
1612.0,1.0,3.0,726
1613.0,1.0,3.0,726
1614.0,1.0,3.0,726
1615.0,1.0,3.0,726
1616.0,1.0,3.0,726
1617.0,1.0,3.0,726
1618.0,1.0,3.0,726
1619.0,1.0,3.0,726
1620.0,1.0,3.0,726
1621.0,1.0,3.0,726
1622.0,1.0,3.0,726
1623.0,1.0,3.0,726
1624.0,1.0,3.0,726
1625.0,1.0,3.0,726
1626.0,1.0,3.0,726
1627.0,1.0,3.0,726
1628.0,1.0,3.0,726
1629.0,1.0,3.0,726
1630.0,1.0,3.0,726
1631.0,1.0,3.0,726
1632.0,1.0,3.0,726
1633.0,1.0,3.0,726
1634.0,1.0,3.0,726
1635.0,1.0,3.0,726
1636.0,1.0,3.0,726
1637.0,1.0,3.0,726
1638.0,1.0,3.0,726
1639.0,1.0,3.0,726
1640.0,1.0,3.0,726
1641.0,1.0,3.0,726
1642.0,1.0,3.0,726
1643.0,1.0,3.0,726
1644.0,1.0,3.0,726
1645.0,1.0,3.0,726
1646.0,1.0,3.0,726
1647.0,1.0,3.0,726
1648.0,1.0,3.0,726
1649.0,1.0,3.0,726
1650.0,1.0,3.0,726
1651.0,1.0,3.0,726
1652.0,1.0,3.0,726
1653.0,1.0,3.0,726
1654.0,1.0,3.0,726
1655.0,1.0,3.0,726
1656.0,1.0,3.0,726
1657.0,1.0,3.0,726
1658.0,1.0,3.0,726
1659.0,1.0,3.0,726
1660.0,1.0,3.0,726
1661.0,1.0,3.0,726
1662.0,1.0,3.0,726
1663.0,1.0,3.0,726
1664.0,1.0,3.0,726
1665.0,1.0,3.0,726
1666.0,1.0,3.0,726
1667.0,1.0,3.0,726
1668.0,1.0,3.0,726
1669.0,1.0,3.0,726
1670.0,1.0,3.0,726
1671.0,1.0,3.0,726
1672.0,1.0,3.0,726
1673.0,1.0,3.0,726
1674.0,1.0,3.0,726
1675.0,1.0,3.0,726
1676.0,1.0,3.0,726
1677.0,1.0,3.0,726
1678.0,1.0,3.0,726
1679.0,1.0,3.0,726
1680.0,1.0,3.0,726
1681.0,1.0,3.0,726
1682.0,1.0,3.0,726
1683.0,1.0,3.0,726
1684.0,1.0,3.0,726
1685.0,1.0,3.0,726
1686.0,1.0,3.0,726
1687.0,1.0,3.0,726
1688.0,1.0,3.0,726
1689.0,1.0,3.0,726
1690.0,1.0,3.0,726
1691.0,1.0,3.0,726
1692.0,1.0,3.0,726
1693.0,1.0,3.0,726
1694.0,1.0,3.0,726
1695.0,1.0,3.0,726
1696.0,1.0,3.0,726
1697.0,1.0,3.0,726
1698.0,1.0,3.0,726
1699.0,1.0,3.0,726
1700.0,1.0,3.0,726
1701.0,1.0,3.0,726
1702.0,1.0,3.0,726
1703.0,1.0,3.0,726
1704.0,1.0,3.0,726
1705.0,1.0,3.0,726
1706.0,1.0,3.0,726
1707.0,1.0,3.0,726
1708.0,1.0,3.0,726
1709.0,1.0,3.0,726
1710.0,1.0,3.0,726
1711.0,1.0,3.0,726
1712.0,1.0,3.0,726
1713.0,1.0,3.0,726
1714.0,1.0,3.0,726
1715.0,1.0,3.0,726
1716.0,1.0,3.0,726
1717.0,1.0,3.0,726
1718.0,1.0,3.0,726
1719.0,1.0,3.0,726
1720.0,1.0,3.0,726
1721.0,1.0,3.0,726
1722.0,1.0,3.0,726
1723.0,1.0,3.0,726
1724.0,1.0,3.0,726
1725.0,1.0,3.0,726
1726.0,1.0,3.0,726
1727.0,1.0,3.0,726
1728.0,1.0,3.0,726
1729.0,1.0,3.0,726
1730.0,1.0,3.0,726
1731.0,1.0,3.0,726
1732.0,1.0,3.0,726
1733.0,1.0,3.0,726
1734.0,1.0,3.0,726
1735.0,1.0,3.0,726
1736.0,1.0,3.0,726
1737.0,1.0,3.0,726
1738.0,1.0,3.0,726
1739.0,1.0,3.0,726
1740.0,1.0,3.0,726
1741.0,1.0,3.0,726
1742.0,1.0,3.0,726
1743.0,1.0,3.0,726
1744.0,1.0,3.0,726
1745.0,1.0,3.0,726
1746.0,1.0,3.0,726
1747.0,1.0,3.0,726
1748.0,1.0,3.0,726
1749.0,1.0,3.0,726
1750.0,1.0,3.0,726
1751.0,1.0,3.0,726
1752.0,1.0,3.0,726
1753.0,1.0,3.0,726
1754.0,1.0,3.0,726
1755.0,1.0,3.0,726
1756.0,1.0,3.0,726
1757.0,1.0,3.0,726
1758.0,1.0,3.0,726
1759.0,1.0,3.0,726
1760.0,1.0,3.0,726
1761.0,1.0,3.0,726
1762.0,1.0,3.0,726
1763.0,1.0,3.0,726
1764.0,1.0,3.0,726
1765.0,1.0,3.0,726
1766.0,1.0,3.0,726
1767.0,1.0,3.0,726
1768.0,1.0,3.0,726
1769.0,1.0,3.0,726
1770.0,1.0,3.0,726
1771.0,1.0,3.0,726
1772.0,1.0,3.0,726
1773.0,1.0,3.0,726
1774.0,1.0,3.0,726
1775.0,1.0,3.0,726
1776.0,1.0,3.0,726
1777.0,1.0,3.0,726
1778.0,1.0,3.0,726
1779.0,1.0,3.0,726
1780.0,1.0,3.0,726
1781.0,1.0,3.0,726
1782.0,1.0,3.0,726
1783.0,1.0,3.0,726
1784.0,1.0,3.0,726
1785.0,1.0,3.0,726
1786.0,1.0,3.0,726
1787.0,1.0,3.0,726
1788.0,1.0,3.0,726
1789.0,1.0,3.0,726
1790.0,1.0,3.0,726
1791.0,1.0,3.0,726
1792.0,1.0,3.0,726
1793.0,1.0,3.0,726
1794.0,1.0,3.0,726
1795.0,1.0,3.0,726
1796.0,1.0,3.0,726
1797.0,1.0,3.0,726
1798.0,1.0,3.0,726
1799.0,1.0,3.0,726
1800.0,1.0,3.0,726
1801.0,1.0,3.0,726
1802.0,1.0,3.0,726
1803.0,1.0,3.0,726
1804.0,1.0,3.0,726
1805.0,1.0,3.0,726
1806.0,1.0,3.0,726
1807.0,1.0,3.0,726
1808.0,1.0,3.0,726
1809.0,1.0,3.0,726
1810.0,1.0,3.0,726
1811.0,1.0,3.0,726
1812.0,1.0,3.0,726
1813.0,1.0,3.0,726
1814.0,1.0,3.0,726
1815.0,1.0,3.0,726
1816.0,1.0,3.0,726
1817.0,1.0,3.0,726
1818.0,1.0,3.0,726
1819.0,1.0,3.0,726
1820.0,1.0,3.0,726
1821.0,1.0,3.0,726
1822.0,1.0,3.0,726
1823.0,1.0,3.0,726
1824.0,1.0,3.0,726
1825.0,1.0,3.0,726
1826.0,1.0,3.0,726
1827.0,1.0,3.0,726
1828.0,1.0,3.0,726
1829.0,1.0,3.0,726
1830.0,1.0,3.0,726
1831.0,1.0,3.0,726
1832.0,1.0,3.0,726
1833.0,1.0,3.0,726
1834.0,1.0,3.0,726
1835.0,1.0,3.0,726
1836.0,1.0,3.0,726
1837.0,1.0,3.0,726
1838.0,1.0,3.0,726
1839.0,1.0,3.0,726
1840.0,1.0,3.0,726
1841.0,1.0,3.0,726
1842.0,1.0,3.0,726
1843.0,1.0,3.0,726
1844.0,1.0,3.0,726
1845.0,1.0,3.0,726
1846.0,1.0,3.0,726
1847.0,1.0,3.0,726
1848.0,1.0,3.0,726
1849.0,1.0,3.0,726
1850.0,1.0,3.0,726
1851.0,1.0,3.0,726
1852.0,1.0,3.0,726
1853.0,1.0,3.0,726
1854.0,1.0,3.0,726
1855.0,1.0,3.0,726
1856.0,1.0,3.0,726
1857.0,1.0,3.0,726
1858.0,1.0,3.0,726
1859.0,1.0,3.0,726
1860.0,1.0,3.0,726
1861.0,1.0,3.0,726
1862.0,1.0,3.0,726
1863.0,1.0,3.0,726
1864.0,1.0,3.0,726
1865.0,1.0,3.0,726
1866.0,1.0,3.0,726
1867.0,1.0,3.0,726
1868.0,1.0,3.0,726
1869.0,1.0,3.0,726
1870.0,1.0,3.0,726
1871.0,1.0,3.0,726
1872.0,1.0,3.0,726
1873.0,1.0,3.0,726
1874.0,1.0,3.0,726
1875.0,1.0,3.0,726
1876.0,1.0,3.0,726
1877.0,1.0,3.0,726
1878.0,1.0,3.0,726
1879.0,1.0,3.0,726
1880.0,1.0,3.0,726
1881.0,1.0,3.0,726
1882.0,1.0,3.0,726
1883.0,1.0,3.0,726
1884.0,1.0,3.0,726
1885.0,1.0,3.0,726
1886.0,1.0,3.0,726
1887.0,1.0,3.0,726
1888.0,1.0,3.0,726
1889.0,1.0,3.0,726
1890.0,1.0,3.0,726
1891.0,1.0,3.0,726
1892.0,1.0,3.0,726
1893.0,1.0,3.0,726
1894.0,1.0,3.0,726
1895.0,1.0,3.0,726
1896.0,1.0,3.0,726
1897.0,1.0,3.0,726
1898.0,1.0,3.0,726
1899.0,1.0,3.0,726
1900.0,1.0,3.0,726
1901.0,1.0,3.0,726
1902.0,1.0,3.0,726
1903.0,1.0,3.0,726
1904.0,1.0,3.0,726
1905.0,1.0,3.0,726
1906.0,1.0,3.0,726
1907.0,1.0,3.0,726
1908.0,1.0,3.0,726
1909.0,1.0,3.0,726
1910.0,1.0,3.0,726
1911.0,1.0,3.0,726
1912.0,1.0,3.0,726
1913.0,1.0,3.0,726
1914.0,1.0,3.0,726
1915.0,1.0,3.0,726
1916.0,1.0,3.0,726
1917.0,1.0,3.0,726
1918.0,1.0,3.0,726
1919.0,1.0,3.0,726
1920.0,1.0,3.0,726
1921.0,1.0,3.0,726
1922.0,1.0,3.0,726
1923.0,1.0,3.0,726
1924.0,1.0,3.0,726
1925.0,1.0,3.0,726
1926.0,1.0,3.0,726
1927.0,1.0,3.0,726
1928.0,1.0,3.0,726
1929.0,1.0,3.0,726
1930.0,1.0,3.0,726
1931.0,1.0,3.0,726
1932.0,1.0,3.0,726
1933.0,1.0,3.0,726
1934.0,1.0,3.0,726
1935.0,1.0,3.0,726
1936.0,1.0,3.0,726
1937.0,1.0,3.0,726
1938.0,1.0,3.0,726
1939.0,1.0,3.0,726
1940.0,1.0,3.0,726
1941.0,1.0,3.0,726
1942.0,1.0,3.0,726
1943.0,1.0,3.0,726
1944.0,1.0,3.0,726
1945.0,1.0,3.0,726
1946.0,1.0,3.0,726
1947.0,1.0,3.0,726
1948.0,1.0,3.0,726
1949.0,1.0,3.0,726
1950.0,1.0,3.0,726
1951.0,1.0,3.0,726
1952.0,1.0,3.0,726
1953.0,1.0,3.0,726
1954.0,1.0,3.0,726
1955.0,1.0,3.0,726
1956.0,1.0,3.0,726
1957.0,1.0,3.0,726
1958.0,1.0,3.0,726
1959.0,1.0,3.0,726
1960.0,1.0,3.0,726
1961.0,1.0,3.0,726
1962.0,1.0,3.0,726
1963.0,1.0,3.0,726
1964.0,1.0,3.0,726
1965.0,1.0,3.0,726
1966.0,1.0,3.0,726
1967.0,1.0,3.0,726
1968.0,1.0,3.0,726
1969.0,1.0,3.0,726
1970.0,1.0,3.0,726
1971.0,1.0,3.0,726
1972.0,1.0,3.0,726
1973.0,1.0,3.0,726
1974.0,1.0,3.0,726
1975.0,1.0,3.0,726
1976.0,1.0,3.0,726
1977.0,1.0,3.0,726
1978.0,1.0,3.0,726
1979.0,1.0,3.0,726
1980.0,1.0,3.0,726
1981.0,1.0,3.0,726
1982.0,1.0,3.0,726
1983.0,1.0,3.0,726
1984.0,1.0,3.0,726
1985.0,1.0,3.0,726
1986.0,1.0,3.0,726
1987.0,1.0,3.0,726
1988.0,1.0,3.0,726
1989.0,1.0,3.0,726
1990.0,1.0,3.0,726
1991.0,1.0,3.0,726
1992.0,1.0,3.0,726
1993.0,1.0,3.0,726
1994.0,1.0,3.0,726
1995.0,1.0,3.0,726
1996.0,1.0,3.0,726
1997.0,1.0,3.0,726
1998.0,1.0,3.0,726
1999.0,1.0,3.0,726
2000.0,1.0,3.0,726
2001.0,1.0,3.0,726
2002.0,1.0,3.0,726
2003.0,1.0,3.0,726
2004.0,1.0,3.0,726
2005.0,1.0,3.0,726
2006.0,1.0,3.0,726
2007.0,1.0,3.0,726
2008.0,1.0,3.0,726
2009.0,1.0,3.0,726
2010.0,1.0,3.0,726
2011.0,1.0,3.0,726
2012.0,1.0,3.0,726
2013.0,1.0,3.0,726
2014.0,1.0,3.0,726
2015.0,1.0,3.0,726
2016.0,1.0,3.0,726
2017.0,1.0,3.0,726
2018.0,1.0,3.0,726
2019.0,1.0,3.0,726
2020.0,1.0,3.0,726
2021.0,1.0,3.0,726
2022.0,1.0,3.0,726
2023.0,1.0,3.0,726
2024.0,1.0,3.0,726
2025.0,1.0,3.0,726
2026.0,1.0,3.0,726
2027.0,1.0,3.0,726
2028.0,1.0,3.0,726
2029.0,1.0,3.0,726
2030.0,1.0,3.0,726
2031.0,1.0,3.0,726
2032.0,1.0,3.0,726
2033.0,1.0,3.0,726
2034.0,1.0,3.0,726
2035.0,1.0,3.0,726
2036.0,1.0,3.0,726
2037.0,1.0,3.0,726
2038.0,1.0,3.0,726
2039.0,1.0,3.0,726
2040.0,1.0,3.0,726
2041.0,1.0,3.0,726
2042.0,1.0,3.0,726
2043.0,1.0,3.0,726
2044.0,1.0,3.0,726
2045.0,1.0,3.0,726
2046.0,1.0,3.0,726
2047.0,1.0,3.0,726
2048.0,1.0,3.0,726
2049.0,1.0,3.0,726
2050.0,1.0,3.0,726
2051.0,1.0,3.0,726
2052.0,1.0,3.0,726
2053.0,1.0,3.0,726
2054.0,1.0,3.0,726
2055.0,1.0,3.0,726
2056.0,1.0,3.0,726
2057.0,1.0,3.0,726
2058.0,1.0,3.0,726
2059.0,1.0,3.0,726
2060.0,1.0,3.0,726
2061.0,1.0,3.0,726
2062.0,1.0,3.0,726
2063.0,1.0,3.0,726
2064.0,1.0,3.0,726
2065.0,1.0,3.0,726
2066.0,1.0,3.0,726
2067.0,1.0,3.0,726
2068.0,1.0,3.0,726
2069.0,1.0,3.0,726
2070.0,1.0,3.0,726
2071.0,1.0,3.0,726
2072.0,1.0,3.0,726
2073.0,1.0,3.0,726
2074.0,1.0,3.0,726
2075.0,1.0,3.0,726
2076.0,1.0,3.0,726
2077.0,1.0,3.0,726
2078.0,1.0,3.0,726
2079.0,1.0,3.0,726
2080.0,1.0,3.0,726
2081.0,1.0,3.0,726
2082.0,1.0,3.0,726
2083.0,1.0,3.0,726
2084.0,1.0,3.0,726
2085.0,1.0,3.0,726
2086.0,1.0,3.0,726
2087.0,1.0,3.0,726
2088.0,1.0,3.0,726
2089.0,1.0,3.0,726
2090.0,1.0,3.0,726
2091.0,1.0,3.0,726
2092.0,1.0,3.0,726
2093.0,1.0,3.0,726
2094.0,1.0,3.0,726
2095.0,1.0,3.0,726
2096.0,1.0,3.0,726
2097.0,1.0,3.0,726
2098.0,1.0,3.0,726
2099.0,1.0,3.0,726
2100.0,1.0,3.0,726
2101.0,1.0,3.0,726
2102.0,1.0,3.0,726
2103.0,1.0,3.0,726
2104.0,1.0,3.0,726
2105.0,1.0,3.0,726
2106.0,1.0,3.0,726
2107.0,1.0,3.0,726
2108.0,1.0,3.0,726
2109.0,1.0,3.0,726
2110.0,1.0,3.0,726
2111.0,1.0,3.0,726
2112.0,1.0,3.0,726
2113.0,1.0,3.0,726
2114.0,1.0,3.0,726
2115.0,1.0,3.0,726
2116.0,1.0,3.0,726
2117.0,1.0,3.0,726
2118.0,1.0,3.0,726
2119.0,1.0,3.0,726
2120.0,1.0,3.0,726
2121.0,1.0,3.0,726
2122.0,1.0,3.0,726
2123.0,1.0,3.0,726
2124.0,1.0,3.0,726
2125.0,1.0,3.0,726
2126.0,1.0,3.0,726
2127.0,1.0,3.0,726
2128.0,1.0,3.0,726
2129.0,1.0,3.0,726
2130.0,1.0,3.0,726
2131.0,1.0,3.0,726
2132.0,1.0,3.0,726
2133.0,1.0,3.0,726
2134.0,1.0,3.0,726
2135.0,1.0,3.0,726
2136.0,1.0,3.0,726
2137.0,1.0,3.0,726
2138.0,1.0,3.0,726
2139.0,1.0,3.0,726
2140.0,1.0,3.0,726
2141.0,1.0,3.0,726
2142.0,1.0,3.0,726
2143.0,1.0,3.0,726
2144.0,1.0,3.0,726
2145.0,1.0,3.0,726
2146.0,1.0,3.0,726
2147.0,1.0,3.0,726
2148.0,1.0,3.0,726
2149.0,1.0,3.0,726
2150.0,1.0,3.0,726
2151.0,1.0,3.0,726
2152.0,1.0,3.0,726
2153.0,1.0,3.0,726
2154.0,1.0,3.0,726
2155.0,1.0,3.0,726
2156.0,1.0,3.0,726
2157.0,1.0,3.0,726
2158.0,1.0,3.0,726
2159.0,1.0,3.0,726
2160.0,1.0,3.0,726
2161.0,1.0,3.0,726
2162.0,1.0,3.0,726
2163.0,1.0,3.0,726
2164.0,1.0,3.0,726
2165.0,1.0,3.0,726
2166.0,1.0,3.0,726
2167.0,1.0,3.0,726
2168.0,1.0,3.0,726
2169.0,1.0,3.0,726
2170.0,1.0,3.0,726
2171.0,1.0,3.0,726
2172.0,1.0,3.0,726
2173.0,1.0,3.0,726
2174.0,1.0,3.0,726
2175.0,1.0,3.0,726
2176.0,1.0,3.0,726
2177.0,1.0,3.0,726
2178.0,1.0,3.0,726
2179.0,1.0,3.0,726
2180.0,1.0,3.0,726
2181.0,1.0,3.0,726
2182.0,1.0,3.0,726
2183.0,1.0,3.0,726
2184.0,1.0,3.0,726
2185.0,1.0,3.0,726
2186.0,1.0,3.0,726
2187.0,1.0,3.0,726
2188.0,1.0,3.0,726
2189.0,1.0,3.0,726
2190.0,1.0,3.0,726
2191.0,1.0,3.0,726
2192.0,1.0,3.0,726
2193.0,1.0,3.0,726
2194.0,1.0,3.0,726
2195.0,1.0,3.0,726
2196.0,1.0,3.0,726
2197.0,1.0,3.0,726
2198.0,1.0,3.0,726
2199.0,1.0,3.0,726
2200.0,1.0,3.0,726
2201.0,1.0,3.0,726
2202.0,1.0,3.0,726
2203.0,1.0,3.0,726
2204.0,1.0,3.0,726
2205.0,1.0,3.0,726
2206.0,1.0,3.0,726
2207.0,1.0,3.0,726
2208.0,1.0,3.0,726
2209.0,1.0,3.0,726
2210.0,1.0,3.0,726
2211.0,1.0,3.0,726
2212.0,1.0,3.0,726
2213.0,1.0,3.0,726
2214.0,1.0,3.0,726
2215.0,1.0,3.0,726
2216.0,1.0,3.0,726
2217.0,1.0,3.0,726
2218.0,1.0,3.0,726
2219.0,1.0,3.0,726
2220.0,1.0,3.0,726
2221.0,1.0,3.0,726
2222.0,1.0,3.0,726
2223.0,1.0,3.0,726
2224.0,1.0,3.0,726
2225.0,1.0,3.0,726
2226.0,1.0,3.0,726
2227.0,1.0,3.0,726
2228.0,1.0,3.0,726
2229.0,1.0,3.0,726
2230.0,1.0,3.0,726
2231.0,1.0,3.0,726
2232.0,1.0,3.0,726
2233.0,1.0,3.0,726
2234.0,1.0,3.0,726
2235.0,1.0,3.0,726
2236.0,1.0,3.0,726
2237.0,1.0,3.0,726
2238.0,1.0,3.0,726
2239.0,1.0,3.0,726
2240.0,1.0,3.0,726
2241.0,1.0,3.0,726
2242.0,1.0,3.0,726
2243.0,1.0,3.0,726
2244.0,1.0,3.0,726
2245.0,1.0,3.0,726
2246.0,1.0,3.0,726
2247.0,1.0,3.0,726
2248.0,1.0,3.0,726
2249.0,1.0,3.0,726
2250.0,1.0,3.0,726
2251.0,1.0,3.0,726
2252.0,1.0,3.0,726
2253.0,1.0,3.0,726
2254.0,1.0,3.0,726
2255.0,1.0,3.0,726
2256.0,1.0,3.0,726
2257.0,1.0,3.0,726
2258.0,1.0,3.0,726
2259.0,1.0,3.0,726
2260.0,1.0,3.0,726
2261.0,1.0,3.0,726
2262.0,1.0,3.0,726
2263.0,1.0,3.0,726
2264.0,1.0,3.0,726
2265.0,1.0,3.0,726
2266.0,1.0,3.0,726
2267.0,1.0,3.0,726
2268.0,1.0,3.0,726
2269.0,1.0,3.0,726
2270.0,1.0,3.0,726
2271.0,1.0,3.0,726
2272.0,1.0,3.0,726
2273.0,1.0,3.0,726
2274.0,1.0,3.0,726
2275.0,1.0,3.0,726
2276.0,1.0,3.0,726
2277.0,1.0,3.0,726
2278.0,1.0,3.0,726
2279.0,1.0,3.0,726
2280.0,1.0,3.0,726
2281.0,1.0,3.0,726
2282.0,1.0,3.0,726
2283.0,1.0,3.0,726
2284.0,1.0,3.0,726
2285.0,1.0,3.0,726
2286.0,1.0,3.0,726
2287.0,1.0,3.0,726
2288.0,1.0,3.0,726
2289.0,1.0,3.0,726
2290.0,1.0,3.0,726
2291.0,1.0,3.0,726
2292.0,1.0,3.0,726
2293.0,1.0,3.0,726
2294.0,1.0,3.0,726
2295.0,1.0,3.0,726
2296.0,1.0,3.0,726
2297.0,1.0,3.0,726
2298.0,1.0,3.0,726
2299.0,1.0,3.0,726
2300.0,1.0,3.0,726
2301.0,1.0,3.0,726
2302.0,1.0,3.0,726
2303.0,1.0,3.0,726
2304.0,1.0,3.0,726
2305.0,1.0,3.0,726
2306.0,1.0,3.0,726
2307.0,1.0,3.0,726
2308.0,1.0,3.0,726
2309.0,1.0,3.0,726
2310.0,1.0,3.0,726
2311.0,1.0,3.0,726
2312.0,1.0,3.0,726
2313.0,1.0,3.0,726
2314.0,1.0,3.0,726
2315.0,1.0,3.0,726
2316.0,1.0,3.0,726
2317.0,1.0,3.0,726
2318.0,1.0,3.0,726
2319.0,1.0,3.0,726
2320.0,1.0,3.0,726
2321.0,1.0,3.0,726
2322.0,1.0,3.0,726
2323.0,1.0,3.0,726
2324.0,1.0,3.0,726
2325.0,1.0,3.0,726
2326.0,1.0,3.0,726
2327.0,1.0,3.0,726
2328.0,1.0,3.0,726
2329.0,1.0,3.0,726
2330.0,1.0,3.0,726
2331.0,1.0,3.0,726
2332.0,1.0,3.0,726
2333.0,1.0,3.0,726
2334.0,1.0,3.0,726
2335.0,1.0,3.0,726
2336.0,1.0,3.0,726
2337.0,1.0,3.0,726
2338.0,1.0,3.0,726
2339.0,1.0,3.0,726
2340.0,1.0,3.0,726
2341.0,1.0,3.0,726
2342.0,1.0,3.0,726
2343.0,1.0,3.0,726
2344.0,1.0,3.0,726
2345.0,1.0,3.0,726
2346.0,1.0,3.0,726
2347.0,1.0,3.0,726
2348.0,1.0,3.0,726
2349.0,1.0,3.0,726
2350.0,1.0,3.0,726
2351.0,1.0,3.0,726
2352.0,1.0,3.0,726
2353.0,1.0,3.0,726
2354.0,1.0,3.0,726
2355.0,1.0,3.0,726
2356.0,1.0,3.0,726
2357.0,1.0,3.0,726
2358.0,1.0,3.0,726
2359.0,1.0,3.0,726
2360.0,1.0,3.0,726
2361.0,1.0,3.0,726
2362.0,1.0,3.0,726
2363.0,1.0,3.0,726
2364.0,1.0,3.0,726
2365.0,1.0,3.0,726
2366.0,1.0,3.0,726
2367.0,1.0,3.0,726
2368.0,1.0,3.0,726
2369.0,1.0,3.0,726
2370.0,1.0,3.0,726
2371.0,1.0,3.0,726
2372.0,1.0,3.0,726
2373.0,1.0,3.0,726
2374.0,1.0,3.0,726
2375.0,1.0,3.0,726
2376.0,1.0,3.0,726
2377.0,1.0,3.0,726
2378.0,1.0,3.0,726
2379.0,1.0,3.0,726
2380.0,1.0,3.0,726
2381.0,1.0,3.0,726
2382.0,1.0,3.0,726
2383.0,1.0,3.0,726
2384.0,1.0,3.0,726
2385.0,1.0,3.0,726
2386.0,1.0,3.0,726
2387.0,1.0,3.0,726
2388.0,1.0,3.0,726
2389.0,1.0,3.0,726
2390.0,1.0,3.0,726
2391.0,1.0,3.0,726
2392.0,1.0,3.0,726
2393.0,1.0,3.0,726
2394.0,1.0,3.0,726
2395.0,1.0,3.0,726
2396.0,1.0,3.0,726
2397.0,1.0,3.0,726
2398.0,1.0,3.0,726
2399.0,1.0,3.0,726
2400.0,1.0,3.0,726
2401.0,1.0,3.0,726
2402.0,1.0,3.0,726
2403.0,1.0,3.0,726
2404.0,1.0,3.0,726
2405.0,1.0,3.0,726
2406.0,1.0,3.0,726
2407.0,1.0,3.0,726
2408.0,1.0,3.0,726
2409.0,1.0,3.0,726
2410.0,1.0,3.0,726
2411.0,1.0,3.0,726
2412.0,1.0,3.0,726
2413.0,1.0,3.0,726
2414.0,1.0,3.0,726
2415.0,1.0,3.0,726
2416.0,1.0,3.0,726
2417.0,1.0,3.0,726
2418.0,1.0,3.0,726
2419.0,1.0,3.0,726
2420.0,1.0,3.0,726
2421.0,1.0,3.0,726
2422.0,1.0,3.0,726
2423.0,1.0,3.0,726
2424.0,1.0,3.0,726
2425.0,1.0,3.0,726
2426.0,1.0,3.0,726
2427.0,1.0,3.0,726
2428.0,1.0,3.0,726
2429.0,1.0,3.0,726
2430.0,1.0,3.0,726
2431.0,1.0,3.0,726
2432.0,1.0,3.0,726
2433.0,1.0,3.0,726
2434.0,1.0,3.0,726
2435.0,1.0,3.0,726
2436.0,1.0,3.0,726
2437.0,1.0,3.0,726
2438.0,1.0,3.0,726
2439.0,1.0,3.0,726
2440.0,1.0,3.0,726
2441.0,1.0,3.0,726
2442.0,1.0,3.0,726
2443.0,1.0,3.0,726
2444.0,1.0,3.0,726
2445.0,1.0,3.0,726
2446.0,1.0,3.0,726
2447.0,1.0,3.0,726
2448.0,1.0,3.0,726
2449.0,1.0,3.0,726
2450.0,1.0,3.0,726
2451.0,1.0,3.0,726
2452.0,1.0,3.0,726
2453.0,1.0,3.0,726
2454.0,1.0,3.0,726
2455.0,1.0,3.0,726
2456.0,1.0,3.0,726
2457.0,1.0,3.0,726
2458.0,1.0,3.0,726
2459.0,1.0,3.0,726
2460.0,1.0,3.0,726
2461.0,1.0,3.0,726
2462.0,1.0,3.0,726
2463.0,1.0,3.0,726
2464.0,1.0,3.0,726
2465.0,1.0,3.0,726
2466.0,1.0,3.0,726
2467.0,1.0,3.0,726
2468.0,1.0,3.0,726
2469.0,1.0,3.0,726
2470.0,1.0,3.0,726
2471.0,1.0,3.0,726
2472.0,1.0,3.0,726
2473.0,1.0,3.0,726
2474.0,1.0,3.0,726
2475.0,1.0,3.0,726
2476.0,1.0,3.0,726
