Timestamp: 23-Oct-2014 20:55:58
MaxDeathAge: 100
MaxInitialSugar: 25
MaxMetabolism: 4
MaxVision: 6
MinDeathAge: 60
MinInitialSugar: 5
NumAgents: 2500
Replacement: true


"tick","Avg. Metabolism","Avg. Vision","AgentCount"
1.0,2.0,3.0,2500
2.0,2.0,3.0,2500
3.0,2.0,3.0,2447
4.0,2.0,3.0,2320
5.0,2.0,3.0,2165
6.0,2.0,3.0,1996
7.0,2.0,3.0,1809
8.0,1.0,3.0,1649
9.0,1.0,3.0,1501
10.0,1.0,3.0,1371
11.0,1.0,3.0,1285
12.0,1.0,3.0,1218
13.0,1.0,3.0,1160
14.0,1.0,3.0,1110
15.0,1.0,3.0,1060
16.0,1.0,3.0,1022
17.0,1.0,3.0,1003
18.0,1.0,3.0,982
19.0,1.0,3.0,970
20.0,1.0,3.0,957
21.0,1.0,3.0,947
22.0,1.0,3.0,938
23.0,1.0,3.0,931
24.0,1.0,3.0,922
25.0,1.0,3.0,915
26.0,1.0,3.0,903
27.0,1.0,3.0,897
28.0,1.0,3.0,889
29.0,1.0,3.0,887
30.0,1.0,3.0,886
31.0,1.0,3.0,882
32.0,1.0,3.0,880
33.0,1.0,3.0,873
34.0,1.0,3.0,869
35.0,1.0,3.0,864
36.0,1.0,3.0,860
37.0,1.0,3.0,855
38.0,1.0,3.0,853
39.0,1.0,3.0,851
40.0,1.0,3.0,846
41.0,1.0,3.0,842
42.0,1.0,3.0,838
43.0,1.0,3.0,835
44.0,1.0,3.0,833
45.0,1.0,3.0,830
46.0,1.0,3.0,825
47.0,1.0,3.0,817
48.0,1.0,3.0,817
49.0,1.0,3.0,814
50.0,1.0,3.0,813
51.0,1.0,3.0,811
52.0,1.0,3.0,810
53.0,1.0,3.0,808
54.0,1.0,3.0,807
55.0,1.0,3.0,807
56.0,1.0,3.0,805
57.0,1.0,3.0,803
58.0,1.0,3.0,801
59.0,1.0,3.0,799
60.0,1.0,3.0,798
61.0,1.0,3.0,798
62.0,1.0,3.0,797
63.0,1.0,3.0,795
64.0,1.0,3.0,794
65.0,1.0,3.0,791
66.0,1.0,3.0,791
67.0,1.0,3.0,789
68.0,1.0,3.0,789
69.0,1.0,3.0,789
70.0,1.0,3.0,789
71.0,1.0,3.0,789
72.0,1.0,3.0,786
73.0,1.0,3.0,785
74.0,1.0,3.0,785
75.0,1.0,3.0,784
76.0,1.0,3.0,783
77.0,1.0,3.0,782
78.0,1.0,3.0,782
79.0,1.0,3.0,782
80.0,1.0,3.0,782
81.0,1.0,3.0,782
82.0,1.0,3.0,782
83.0,1.0,3.0,782
84.0,1.0,3.0,781
85.0,1.0,3.0,781
86.0,1.0,3.0,780
87.0,1.0,3.0,780
88.0,1.0,3.0,780
89.0,1.0,3.0,779
90.0,1.0,3.0,778
91.0,1.0,3.0,778
92.0,1.0,3.0,778
93.0,1.0,3.0,777
94.0,1.0,3.0,777
95.0,1.0,3.0,777
96.0,1.0,3.0,777
97.0,1.0,3.0,777
98.0,1.0,3.0,777
99.0,1.0,3.0,777
100.0,1.0,3.0,777
101.0,1.0,3.0,777
102.0,1.0,3.0,777
103.0,1.0,3.0,777
104.0,1.0,3.0,777
105.0,1.0,3.0,776
106.0,1.0,3.0,776
107.0,1.0,3.0,774
108.0,1.0,3.0,774
109.0,1.0,3.0,774
110.0,1.0,3.0,774
111.0,1.0,3.0,774
112.0,1.0,3.0,773
113.0,1.0,3.0,773
114.0,1.0,3.0,773
115.0,1.0,3.0,773
116.0,1.0,3.0,773
117.0,1.0,3.0,772
118.0,1.0,3.0,772
119.0,1.0,3.0,771
120.0,1.0,3.0,769
121.0,1.0,3.0,768
122.0,1.0,3.0,767
123.0,1.0,3.0,767
124.0,1.0,3.0,767
125.0,1.0,3.0,767
126.0,1.0,3.0,767
127.0,1.0,3.0,766
128.0,1.0,3.0,766
129.0,1.0,3.0,766
130.0,1.0,3.0,766
131.0,1.0,3.0,766
132.0,1.0,3.0,766
133.0,1.0,3.0,765
134.0,1.0,3.0,765
135.0,1.0,3.0,765
136.0,1.0,3.0,763
137.0,1.0,3.0,763
138.0,1.0,3.0,763
139.0,1.0,3.0,763
140.0,1.0,3.0,763
141.0,1.0,3.0,763
142.0,1.0,3.0,761
143.0,1.0,3.0,760
144.0,1.0,3.0,760
145.0,1.0,3.0,760
146.0,1.0,3.0,760
147.0,1.0,3.0,760
148.0,1.0,3.0,759
149.0,1.0,3.0,758
150.0,1.0,3.0,758
151.0,1.0,3.0,758
152.0,1.0,3.0,758
153.0,1.0,3.0,758
154.0,1.0,3.0,757
155.0,1.0,3.0,757
156.0,1.0,3.0,757
157.0,1.0,3.0,757
158.0,1.0,3.0,756
159.0,1.0,3.0,756
160.0,1.0,3.0,756
161.0,1.0,3.0,756
162.0,1.0,3.0,756
163.0,1.0,3.0,756
164.0,1.0,3.0,756
165.0,1.0,3.0,756
166.0,1.0,3.0,756
167.0,1.0,3.0,755
168.0,1.0,3.0,755
169.0,1.0,3.0,755
170.0,1.0,3.0,754
171.0,1.0,3.0,754
172.0,1.0,3.0,754
173.0,1.0,3.0,754
174.0,1.0,3.0,754
175.0,1.0,3.0,754
176.0,1.0,3.0,754
177.0,1.0,3.0,754
178.0,1.0,3.0,753
179.0,1.0,3.0,753
180.0,1.0,3.0,753
181.0,1.0,3.0,753
182.0,1.0,3.0,753
183.0,1.0,3.0,753
184.0,1.0,3.0,753
185.0,1.0,3.0,753
186.0,1.0,3.0,753
187.0,1.0,3.0,753
188.0,1.0,3.0,753
189.0,1.0,3.0,753
190.0,1.0,3.0,753
191.0,1.0,3.0,752
192.0,1.0,3.0,751
193.0,1.0,3.0,750
194.0,1.0,3.0,748
195.0,1.0,3.0,748
196.0,1.0,3.0,748
197.0,1.0,3.0,748
198.0,1.0,3.0,748
199.0,1.0,3.0,747
200.0,1.0,3.0,747
201.0,1.0,3.0,747
202.0,1.0,3.0,747
203.0,1.0,3.0,747
204.0,1.0,3.0,747
205.0,1.0,3.0,747
206.0,1.0,3.0,746
207.0,1.0,3.0,746
208.0,1.0,3.0,746
209.0,1.0,3.0,746
210.0,1.0,3.0,746
211.0,1.0,3.0,746
212.0,1.0,3.0,746
213.0,1.0,3.0,746
214.0,1.0,3.0,746
215.0,1.0,3.0,746
216.0,1.0,3.0,746
217.0,1.0,3.0,746
218.0,1.0,3.0,746
219.0,1.0,3.0,746
220.0,1.0,3.0,746
221.0,1.0,3.0,745
222.0,1.0,3.0,745
223.0,1.0,3.0,745
224.0,1.0,3.0,745
225.0,1.0,3.0,745
226.0,1.0,3.0,745
227.0,1.0,3.0,745
228.0,1.0,3.0,745
229.0,1.0,3.0,745
230.0,1.0,3.0,745
231.0,1.0,3.0,745
232.0,1.0,3.0,745
233.0,1.0,3.0,745
234.0,1.0,3.0,745
235.0,1.0,3.0,745
236.0,1.0,3.0,745
237.0,1.0,3.0,745
238.0,1.0,3.0,745
239.0,1.0,3.0,745
240.0,1.0,3.0,745
241.0,1.0,3.0,745
242.0,1.0,3.0,745
243.0,1.0,3.0,745
244.0,1.0,3.0,745
245.0,1.0,3.0,745
246.0,1.0,3.0,744
247.0,1.0,3.0,744
248.0,1.0,3.0,744
249.0,1.0,3.0,744
250.0,1.0,3.0,744
251.0,1.0,3.0,744
252.0,1.0,3.0,744
253.0,1.0,3.0,744
254.0,1.0,3.0,744
255.0,1.0,3.0,744
256.0,1.0,3.0,744
257.0,1.0,3.0,744
258.0,1.0,3.0,744
259.0,1.0,3.0,744
260.0,1.0,3.0,744
261.0,1.0,3.0,744
262.0,1.0,3.0,744
263.0,1.0,3.0,743
264.0,1.0,3.0,743
265.0,1.0,3.0,743
266.0,1.0,3.0,742
267.0,1.0,3.0,742
268.0,1.0,3.0,742
269.0,1.0,3.0,742
270.0,1.0,3.0,742
271.0,1.0,3.0,742
272.0,1.0,3.0,742
273.0,1.0,3.0,742
274.0,1.0,3.0,742
275.0,1.0,3.0,742
276.0,1.0,3.0,742
277.0,1.0,3.0,742
278.0,1.0,3.0,742
279.0,1.0,3.0,742
280.0,1.0,3.0,742
281.0,1.0,3.0,742
282.0,1.0,3.0,742
283.0,1.0,3.0,742
284.0,1.0,3.0,742
285.0,1.0,3.0,742
286.0,1.0,3.0,742
287.0,1.0,3.0,742
288.0,1.0,3.0,742
289.0,1.0,3.0,742
290.0,1.0,3.0,742
291.0,1.0,3.0,742
292.0,1.0,3.0,742
293.0,1.0,3.0,742
294.0,1.0,3.0,742
295.0,1.0,3.0,742
296.0,1.0,3.0,742
297.0,1.0,3.0,742
298.0,1.0,3.0,742
299.0,1.0,3.0,742
300.0,1.0,3.0,742
301.0,1.0,3.0,742
302.0,1.0,3.0,742
303.0,1.0,3.0,742
304.0,1.0,3.0,742
305.0,1.0,3.0,742
306.0,1.0,3.0,741
307.0,1.0,3.0,741
308.0,1.0,3.0,741
309.0,1.0,3.0,741
310.0,1.0,3.0,741
311.0,1.0,3.0,741
312.0,1.0,3.0,741
313.0,1.0,3.0,741
314.0,1.0,3.0,741
315.0,1.0,3.0,741
316.0,1.0,3.0,741
317.0,1.0,3.0,741
318.0,1.0,3.0,741
319.0,1.0,3.0,741
320.0,1.0,3.0,741
321.0,1.0,3.0,741
322.0,1.0,3.0,741
323.0,1.0,3.0,741
324.0,1.0,3.0,741
325.0,1.0,3.0,741
326.0,1.0,3.0,741
327.0,1.0,3.0,741
328.0,1.0,3.0,740
329.0,1.0,3.0,740
330.0,1.0,3.0,740
331.0,1.0,3.0,740
332.0,1.0,3.0,740
333.0,1.0,3.0,740
334.0,1.0,3.0,740
335.0,1.0,3.0,740
336.0,1.0,3.0,740
337.0,1.0,3.0,740
338.0,1.0,3.0,740
339.0,1.0,3.0,740
340.0,1.0,3.0,739
341.0,1.0,3.0,739
342.0,1.0,3.0,739
343.0,1.0,3.0,739
344.0,1.0,3.0,739
345.0,1.0,3.0,739
346.0,1.0,3.0,739
347.0,1.0,3.0,739
348.0,1.0,3.0,739
349.0,1.0,3.0,739
350.0,1.0,3.0,739
351.0,1.0,3.0,739
352.0,1.0,3.0,739
353.0,1.0,3.0,739
354.0,1.0,3.0,739
355.0,1.0,3.0,739
356.0,1.0,3.0,739
357.0,1.0,3.0,739
358.0,1.0,3.0,739
359.0,1.0,3.0,739
360.0,1.0,3.0,739
361.0,1.0,3.0,739
362.0,1.0,3.0,739
363.0,1.0,3.0,739
364.0,1.0,3.0,739
365.0,1.0,3.0,739
366.0,1.0,3.0,739
367.0,1.0,3.0,739
368.0,1.0,3.0,739
369.0,1.0,3.0,739
370.0,1.0,3.0,739
371.0,1.0,3.0,739
372.0,1.0,3.0,739
373.0,1.0,3.0,739
374.0,1.0,3.0,739
375.0,1.0,3.0,739
376.0,1.0,3.0,739
377.0,1.0,3.0,739
378.0,1.0,3.0,739
379.0,1.0,3.0,739
380.0,1.0,3.0,739
381.0,1.0,3.0,739
382.0,1.0,3.0,739
383.0,1.0,3.0,738
384.0,1.0,3.0,738
385.0,1.0,3.0,738
386.0,1.0,3.0,738
387.0,1.0,3.0,738
388.0,1.0,3.0,738
389.0,1.0,3.0,738
390.0,1.0,3.0,738
391.0,1.0,3.0,738
392.0,1.0,3.0,737
393.0,1.0,3.0,737
394.0,1.0,3.0,737
395.0,1.0,3.0,737
396.0,1.0,3.0,737
397.0,1.0,3.0,737
398.0,1.0,3.0,737
399.0,1.0,3.0,737
400.0,1.0,3.0,736
401.0,1.0,3.0,736
402.0,1.0,3.0,736
403.0,1.0,3.0,736
404.0,1.0,3.0,736
405.0,1.0,3.0,736
406.0,1.0,3.0,736
407.0,1.0,3.0,736
408.0,1.0,3.0,736
409.0,1.0,3.0,736
410.0,1.0,3.0,736
411.0,1.0,3.0,736
412.0,1.0,3.0,736
413.0,1.0,3.0,736
414.0,1.0,3.0,736
415.0,1.0,3.0,736
416.0,1.0,3.0,736
417.0,1.0,3.0,736
418.0,1.0,3.0,736
419.0,1.0,3.0,736
420.0,1.0,3.0,736
421.0,1.0,3.0,736
422.0,1.0,3.0,736
423.0,1.0,3.0,736
424.0,1.0,3.0,736
425.0,1.0,3.0,736
426.0,1.0,3.0,736
427.0,1.0,3.0,736
428.0,1.0,3.0,736
429.0,1.0,3.0,736
430.0,1.0,3.0,736
431.0,1.0,3.0,736
432.0,1.0,3.0,736
433.0,1.0,3.0,736
434.0,1.0,3.0,736
435.0,1.0,3.0,736
436.0,1.0,3.0,736
437.0,1.0,3.0,736
438.0,1.0,3.0,736
439.0,1.0,3.0,736
440.0,1.0,3.0,736
441.0,1.0,3.0,736
442.0,1.0,3.0,736
443.0,1.0,3.0,736
444.0,1.0,3.0,736
445.0,1.0,3.0,736
446.0,1.0,3.0,736
447.0,1.0,3.0,736
448.0,1.0,3.0,736
449.0,1.0,3.0,736
450.0,1.0,3.0,736
451.0,1.0,3.0,736
452.0,1.0,3.0,736
453.0,1.0,3.0,736
454.0,1.0,3.0,736
455.0,1.0,3.0,736
456.0,1.0,3.0,736
457.0,1.0,3.0,736
458.0,1.0,3.0,736
459.0,1.0,3.0,736
460.0,1.0,3.0,736
461.0,1.0,3.0,736
462.0,1.0,3.0,736
463.0,1.0,3.0,736
464.0,1.0,3.0,736
465.0,1.0,3.0,736
466.0,1.0,3.0,736
467.0,1.0,3.0,736
468.0,1.0,3.0,736
469.0,1.0,3.0,736
470.0,1.0,3.0,736
471.0,1.0,3.0,736
472.0,1.0,3.0,736
473.0,1.0,3.0,736
474.0,1.0,3.0,736
475.0,1.0,3.0,736
476.0,1.0,3.0,736
477.0,1.0,3.0,736
478.0,1.0,3.0,736
479.0,1.0,3.0,736
480.0,1.0,3.0,736
481.0,1.0,3.0,736
482.0,1.0,3.0,736
483.0,1.0,3.0,736
484.0,1.0,3.0,736
485.0,1.0,3.0,736
486.0,1.0,3.0,736
487.0,1.0,3.0,736
488.0,1.0,3.0,736
489.0,1.0,3.0,736
490.0,1.0,3.0,736
491.0,1.0,3.0,736
492.0,1.0,3.0,736
493.0,1.0,3.0,736
494.0,1.0,3.0,736
495.0,1.0,3.0,736
496.0,1.0,3.0,736
497.0,1.0,3.0,736
498.0,1.0,3.0,736
499.0,1.0,3.0,736
500.0,1.0,3.0,736
501.0,1.0,3.0,736
502.0,1.0,3.0,736
503.0,1.0,3.0,736
504.0,1.0,3.0,736
505.0,1.0,3.0,736
506.0,1.0,3.0,736
507.0,1.0,3.0,736
508.0,1.0,3.0,736
509.0,1.0,3.0,736
510.0,1.0,3.0,736
511.0,1.0,3.0,736
512.0,1.0,3.0,736
513.0,1.0,3.0,736
514.0,1.0,3.0,736
515.0,1.0,3.0,736
516.0,1.0,3.0,736
517.0,1.0,3.0,736
518.0,1.0,3.0,736
519.0,1.0,3.0,736
520.0,1.0,3.0,736
521.0,1.0,3.0,736
522.0,1.0,3.0,736
523.0,1.0,3.0,736
524.0,1.0,3.0,736
525.0,1.0,3.0,736
526.0,1.0,3.0,736
527.0,1.0,3.0,736
528.0,1.0,3.0,736
529.0,1.0,3.0,736
530.0,1.0,3.0,736
531.0,1.0,3.0,736
532.0,1.0,3.0,736
533.0,1.0,3.0,736
534.0,1.0,3.0,736
535.0,1.0,3.0,736
536.0,1.0,3.0,736
537.0,1.0,3.0,736
538.0,1.0,3.0,736
539.0,1.0,3.0,736
540.0,1.0,3.0,736
541.0,1.0,3.0,736
542.0,1.0,3.0,736
543.0,1.0,3.0,736
544.0,1.0,3.0,736
545.0,1.0,3.0,736
546.0,1.0,3.0,736
547.0,1.0,3.0,736
548.0,1.0,3.0,736
549.0,1.0,3.0,736
550.0,1.0,3.0,736
551.0,1.0,3.0,736
552.0,1.0,3.0,736
553.0,1.0,3.0,736
554.0,1.0,3.0,736
555.0,1.0,3.0,736
556.0,1.0,3.0,736
557.0,1.0,3.0,736
558.0,1.0,3.0,736
559.0,1.0,3.0,736
560.0,1.0,3.0,736
561.0,1.0,3.0,736
562.0,1.0,3.0,736
563.0,1.0,3.0,736
564.0,1.0,3.0,736
565.0,1.0,3.0,736
566.0,1.0,3.0,736
567.0,1.0,3.0,736
568.0,1.0,3.0,736
569.0,1.0,3.0,736
570.0,1.0,3.0,736
571.0,1.0,3.0,736
572.0,1.0,3.0,736
573.0,1.0,3.0,736
574.0,1.0,3.0,736
575.0,1.0,3.0,736
576.0,1.0,3.0,735
577.0,1.0,3.0,735
578.0,1.0,3.0,735
579.0,1.0,3.0,735
580.0,1.0,3.0,735
581.0,1.0,3.0,735
582.0,1.0,3.0,735
583.0,1.0,3.0,735
584.0,1.0,3.0,735
585.0,1.0,3.0,735
586.0,1.0,3.0,735
587.0,1.0,3.0,735
588.0,1.0,3.0,735
589.0,1.0,3.0,735
590.0,1.0,3.0,735
591.0,1.0,3.0,735
592.0,1.0,3.0,735
593.0,1.0,3.0,735
594.0,1.0,3.0,735
595.0,1.0,3.0,735
596.0,1.0,3.0,735
597.0,1.0,3.0,735
598.0,1.0,3.0,735
599.0,1.0,3.0,735
600.0,1.0,3.0,735
601.0,1.0,3.0,735
602.0,1.0,3.0,735
603.0,1.0,3.0,735
604.0,1.0,3.0,735
605.0,1.0,3.0,735
606.0,1.0,3.0,735
607.0,1.0,3.0,735
608.0,1.0,3.0,735
609.0,1.0,3.0,735
610.0,1.0,3.0,735
611.0,1.0,3.0,735
612.0,1.0,3.0,735
613.0,1.0,3.0,735
614.0,1.0,3.0,735
615.0,1.0,3.0,735
616.0,1.0,3.0,735
617.0,1.0,3.0,735
618.0,1.0,3.0,735
619.0,1.0,3.0,735
620.0,1.0,3.0,735
621.0,1.0,3.0,735
622.0,1.0,3.0,735
623.0,1.0,3.0,735
624.0,1.0,3.0,735
625.0,1.0,3.0,735
626.0,1.0,3.0,735
627.0,1.0,3.0,735
628.0,1.0,3.0,735
629.0,1.0,3.0,735
630.0,1.0,3.0,735
631.0,1.0,3.0,735
632.0,1.0,3.0,735
633.0,1.0,3.0,735
634.0,1.0,3.0,735
635.0,1.0,3.0,735
636.0,1.0,3.0,735
637.0,1.0,3.0,735
638.0,1.0,3.0,735
639.0,1.0,3.0,735
640.0,1.0,3.0,735
641.0,1.0,3.0,735
642.0,1.0,3.0,735
643.0,1.0,3.0,735
644.0,1.0,3.0,735
645.0,1.0,3.0,735
646.0,1.0,3.0,735
647.0,1.0,3.0,735
648.0,1.0,3.0,735
649.0,1.0,3.0,735
650.0,1.0,3.0,735
651.0,1.0,3.0,735
652.0,1.0,3.0,735
653.0,1.0,3.0,735
654.0,1.0,3.0,735
655.0,1.0,3.0,735
656.0,1.0,3.0,735
657.0,1.0,3.0,735
658.0,1.0,3.0,735
659.0,1.0,3.0,735
660.0,1.0,3.0,735
661.0,1.0,3.0,735
662.0,1.0,3.0,735
663.0,1.0,3.0,735
664.0,1.0,3.0,735
665.0,1.0,3.0,735
666.0,1.0,3.0,735
667.0,1.0,3.0,735
668.0,1.0,3.0,735
669.0,1.0,3.0,735
670.0,1.0,3.0,735
671.0,1.0,3.0,735
672.0,1.0,3.0,735
673.0,1.0,3.0,735
674.0,1.0,3.0,735
675.0,1.0,3.0,735
676.0,1.0,3.0,735
677.0,1.0,3.0,735
678.0,1.0,3.0,735
679.0,1.0,3.0,735
680.0,1.0,3.0,735
681.0,1.0,3.0,735
682.0,1.0,3.0,735
683.0,1.0,3.0,735
684.0,1.0,3.0,735
685.0,1.0,3.0,735
686.0,1.0,3.0,735
687.0,1.0,3.0,735
688.0,1.0,3.0,735
689.0,1.0,3.0,735
690.0,1.0,3.0,735
691.0,1.0,3.0,735
692.0,1.0,3.0,735
693.0,1.0,3.0,735
694.0,1.0,3.0,735
695.0,1.0,3.0,735
696.0,1.0,3.0,735
697.0,1.0,3.0,735
698.0,1.0,3.0,735
699.0,1.0,3.0,735
700.0,1.0,3.0,735
701.0,1.0,3.0,735
702.0,1.0,3.0,735
703.0,1.0,3.0,735
704.0,1.0,3.0,735
705.0,1.0,3.0,735
706.0,1.0,3.0,735
707.0,1.0,3.0,735
708.0,1.0,3.0,735
709.0,1.0,3.0,735
710.0,1.0,3.0,735
711.0,1.0,3.0,735
712.0,1.0,3.0,735
713.0,1.0,3.0,735
714.0,1.0,3.0,735
715.0,1.0,3.0,735
716.0,1.0,3.0,735
717.0,1.0,3.0,735
718.0,1.0,3.0,735
719.0,1.0,3.0,735
720.0,1.0,3.0,735
721.0,1.0,3.0,735
722.0,1.0,3.0,735
723.0,1.0,3.0,735
724.0,1.0,3.0,735
725.0,1.0,3.0,735
726.0,1.0,3.0,735
727.0,1.0,3.0,735
728.0,1.0,3.0,735
729.0,1.0,3.0,735
730.0,1.0,3.0,735
731.0,1.0,3.0,735
732.0,1.0,3.0,735
733.0,1.0,3.0,735
734.0,1.0,3.0,735
735.0,1.0,3.0,735
736.0,1.0,3.0,735
737.0,1.0,3.0,735
738.0,1.0,3.0,735
739.0,1.0,3.0,735
740.0,1.0,3.0,735
741.0,1.0,3.0,735
742.0,1.0,3.0,735
743.0,1.0,3.0,735
744.0,1.0,3.0,735
745.0,1.0,3.0,735
746.0,1.0,3.0,735
747.0,1.0,3.0,735
748.0,1.0,3.0,735
749.0,1.0,3.0,735
750.0,1.0,3.0,735
751.0,1.0,3.0,735
752.0,1.0,3.0,735
753.0,1.0,3.0,735
754.0,1.0,3.0,735
755.0,1.0,3.0,735
756.0,1.0,3.0,735
757.0,1.0,3.0,735
758.0,1.0,3.0,735
759.0,1.0,3.0,735
760.0,1.0,3.0,735
761.0,1.0,3.0,735
762.0,1.0,3.0,735
763.0,1.0,3.0,735
764.0,1.0,3.0,735
765.0,1.0,3.0,735
766.0,1.0,3.0,735
767.0,1.0,3.0,735
768.0,1.0,3.0,735
769.0,1.0,3.0,735
770.0,1.0,3.0,735
771.0,1.0,3.0,735
772.0,1.0,3.0,735
773.0,1.0,3.0,735
774.0,1.0,3.0,735
775.0,1.0,3.0,735
776.0,1.0,3.0,735
777.0,1.0,3.0,735
778.0,1.0,3.0,735
779.0,1.0,3.0,735
780.0,1.0,3.0,735
781.0,1.0,3.0,734
782.0,1.0,3.0,734
783.0,1.0,3.0,734
784.0,1.0,3.0,734
785.0,1.0,3.0,734
786.0,1.0,3.0,734
787.0,1.0,3.0,734
788.0,1.0,3.0,734
789.0,1.0,3.0,734
790.0,1.0,3.0,734
791.0,1.0,3.0,734
792.0,1.0,3.0,734
793.0,1.0,3.0,734
794.0,1.0,3.0,734
795.0,1.0,3.0,734
796.0,1.0,3.0,734
797.0,1.0,3.0,734
798.0,1.0,3.0,734
799.0,1.0,3.0,734
800.0,1.0,3.0,734
801.0,1.0,3.0,734
802.0,1.0,3.0,734
803.0,1.0,3.0,734
804.0,1.0,3.0,734
805.0,1.0,3.0,734
806.0,1.0,3.0,734
807.0,1.0,3.0,734
808.0,1.0,3.0,734
809.0,1.0,3.0,734
810.0,1.0,3.0,734
811.0,1.0,3.0,734
812.0,1.0,3.0,734
813.0,1.0,3.0,734
814.0,1.0,3.0,734
815.0,1.0,3.0,734
816.0,1.0,3.0,734
817.0,1.0,3.0,734
818.0,1.0,3.0,734
819.0,1.0,3.0,734
820.0,1.0,3.0,734
821.0,1.0,3.0,734
822.0,1.0,3.0,734
823.0,1.0,3.0,734
824.0,1.0,3.0,734
825.0,1.0,3.0,734
826.0,1.0,3.0,734
827.0,1.0,3.0,734
828.0,1.0,3.0,734
829.0,1.0,3.0,734
830.0,1.0,3.0,734
831.0,1.0,3.0,734
832.0,1.0,3.0,734
833.0,1.0,3.0,734
834.0,1.0,3.0,734
835.0,1.0,3.0,734
836.0,1.0,3.0,734
837.0,1.0,3.0,734
838.0,1.0,3.0,734
839.0,1.0,3.0,734
840.0,1.0,3.0,734
841.0,1.0,3.0,734
842.0,1.0,3.0,734
843.0,1.0,3.0,734
844.0,1.0,3.0,734
845.0,1.0,3.0,734
846.0,1.0,3.0,734
847.0,1.0,3.0,734
848.0,1.0,3.0,734
849.0,1.0,3.0,734
850.0,1.0,3.0,734
851.0,1.0,3.0,734
852.0,1.0,3.0,734
853.0,1.0,3.0,734
854.0,1.0,3.0,734
855.0,1.0,3.0,734
856.0,1.0,3.0,734
857.0,1.0,3.0,734
858.0,1.0,3.0,734
859.0,1.0,3.0,734
860.0,1.0,3.0,734
861.0,1.0,3.0,734
862.0,1.0,3.0,734
863.0,1.0,3.0,734
864.0,1.0,3.0,734
865.0,1.0,3.0,734
866.0,1.0,3.0,734
867.0,1.0,3.0,734
868.0,1.0,3.0,734
869.0,1.0,3.0,734
870.0,1.0,3.0,734
871.0,1.0,3.0,734
872.0,1.0,3.0,734
873.0,1.0,3.0,734
874.0,1.0,3.0,734
875.0,1.0,3.0,734
876.0,1.0,3.0,734
877.0,1.0,3.0,734
878.0,1.0,3.0,734
879.0,1.0,3.0,734
880.0,1.0,3.0,734
881.0,1.0,3.0,734
882.0,1.0,3.0,734
883.0,1.0,3.0,734
884.0,1.0,3.0,734
885.0,1.0,3.0,734
886.0,1.0,3.0,734
887.0,1.0,3.0,734
888.0,1.0,3.0,734
889.0,1.0,3.0,734
890.0,1.0,3.0,734
891.0,1.0,3.0,734
892.0,1.0,3.0,734
893.0,1.0,3.0,734
894.0,1.0,3.0,734
895.0,1.0,3.0,734
896.0,1.0,3.0,734
897.0,1.0,3.0,734
898.0,1.0,3.0,734
899.0,1.0,3.0,734
900.0,1.0,3.0,734
901.0,1.0,3.0,734
902.0,1.0,3.0,734
903.0,1.0,3.0,734
904.0,1.0,3.0,734
905.0,1.0,3.0,734
906.0,1.0,3.0,734
907.0,1.0,3.0,734
908.0,1.0,3.0,734
909.0,1.0,3.0,734
910.0,1.0,3.0,734
911.0,1.0,3.0,734
912.0,1.0,3.0,734
913.0,1.0,3.0,734
914.0,1.0,3.0,734
915.0,1.0,3.0,734
916.0,1.0,3.0,734
917.0,1.0,3.0,734
918.0,1.0,3.0,734
919.0,1.0,3.0,734
920.0,1.0,3.0,734
921.0,1.0,3.0,734
922.0,1.0,3.0,734
923.0,1.0,3.0,734
924.0,1.0,3.0,734
925.0,1.0,3.0,734
926.0,1.0,3.0,734
927.0,1.0,3.0,734
928.0,1.0,3.0,734
929.0,1.0,3.0,734
930.0,1.0,3.0,734
931.0,1.0,3.0,734
932.0,1.0,3.0,734
933.0,1.0,3.0,734
934.0,1.0,3.0,734
935.0,1.0,3.0,734
936.0,1.0,3.0,734
937.0,1.0,3.0,734
938.0,1.0,3.0,734
939.0,1.0,3.0,734
940.0,1.0,3.0,734
941.0,1.0,3.0,734
942.0,1.0,3.0,734
943.0,1.0,3.0,734
944.0,1.0,3.0,734
945.0,1.0,3.0,734
946.0,1.0,3.0,734
947.0,1.0,3.0,734
948.0,1.0,3.0,734
949.0,1.0,3.0,734
950.0,1.0,3.0,734
951.0,1.0,3.0,734
952.0,1.0,3.0,734
953.0,1.0,3.0,734
954.0,1.0,3.0,734
955.0,1.0,3.0,734
956.0,1.0,3.0,734
957.0,1.0,3.0,734
958.0,1.0,3.0,734
959.0,1.0,3.0,734
960.0,1.0,3.0,734
961.0,1.0,3.0,734
962.0,1.0,3.0,734
963.0,1.0,3.0,734
964.0,1.0,3.0,734
965.0,1.0,3.0,734
966.0,1.0,3.0,734
967.0,1.0,3.0,734
968.0,1.0,3.0,734
969.0,1.0,3.0,734
970.0,1.0,3.0,734
971.0,1.0,3.0,734
972.0,1.0,3.0,734
973.0,1.0,3.0,734
974.0,1.0,3.0,734
975.0,1.0,3.0,734
976.0,1.0,3.0,734
977.0,1.0,3.0,734
978.0,1.0,3.0,734
979.0,1.0,3.0,734
980.0,1.0,3.0,734
981.0,1.0,3.0,734
982.0,1.0,3.0,734
983.0,1.0,3.0,734
984.0,1.0,3.0,734
985.0,1.0,3.0,734
986.0,1.0,3.0,734
987.0,1.0,3.0,734
988.0,1.0,3.0,734
989.0,1.0,3.0,734
990.0,1.0,3.0,734
991.0,1.0,3.0,733
992.0,1.0,3.0,733
993.0,1.0,3.0,733
994.0,1.0,3.0,733
995.0,1.0,3.0,733
996.0,1.0,3.0,733
997.0,1.0,3.0,733
998.0,1.0,3.0,733
999.0,1.0,3.0,733
1000.0,1.0,3.0,733
1001.0,1.0,3.0,733
1002.0,1.0,3.0,733
1003.0,1.0,3.0,733
1004.0,1.0,3.0,733
1005.0,1.0,3.0,733
1006.0,1.0,3.0,733
1007.0,1.0,3.0,733
1008.0,1.0,3.0,733
1009.0,1.0,3.0,733
1010.0,1.0,3.0,733
1011.0,1.0,3.0,733
1012.0,1.0,3.0,733
1013.0,1.0,3.0,733
1014.0,1.0,3.0,733
1015.0,1.0,3.0,733
1016.0,1.0,3.0,733
1017.0,1.0,3.0,733
1018.0,1.0,3.0,733
1019.0,1.0,3.0,733
1020.0,1.0,3.0,733
1021.0,1.0,3.0,733
1022.0,1.0,3.0,733
1023.0,1.0,3.0,733
1024.0,1.0,3.0,733
1025.0,1.0,3.0,733
1026.0,1.0,3.0,733
1027.0,1.0,3.0,733
1028.0,1.0,3.0,733
1029.0,1.0,3.0,733
1030.0,1.0,3.0,733
1031.0,1.0,3.0,733
1032.0,1.0,3.0,733
1033.0,1.0,3.0,733
1034.0,1.0,3.0,733
1035.0,1.0,3.0,733
1036.0,1.0,3.0,733
1037.0,1.0,3.0,733
1038.0,1.0,3.0,733
1039.0,1.0,3.0,733
1040.0,1.0,3.0,733
1041.0,1.0,3.0,733
1042.0,1.0,3.0,733
1043.0,1.0,3.0,733
1044.0,1.0,3.0,733
1045.0,1.0,3.0,733
1046.0,1.0,3.0,733
1047.0,1.0,3.0,733
1048.0,1.0,3.0,733
1049.0,1.0,3.0,733
1050.0,1.0,3.0,733
1051.0,1.0,3.0,733
1052.0,1.0,3.0,733
1053.0,1.0,3.0,733
1054.0,1.0,3.0,733
1055.0,1.0,3.0,733
1056.0,1.0,3.0,733
1057.0,1.0,3.0,733
1058.0,1.0,3.0,733
1059.0,1.0,3.0,733
1060.0,1.0,3.0,733
1061.0,1.0,3.0,733
1062.0,1.0,3.0,733
1063.0,1.0,3.0,733
1064.0,1.0,3.0,733
1065.0,1.0,3.0,733
1066.0,1.0,3.0,733
1067.0,1.0,3.0,733
1068.0,1.0,3.0,733
1069.0,1.0,3.0,733
1070.0,1.0,3.0,733
1071.0,1.0,3.0,733
1072.0,1.0,3.0,733
1073.0,1.0,3.0,733
1074.0,1.0,3.0,733
1075.0,1.0,3.0,733
1076.0,1.0,3.0,733
1077.0,1.0,3.0,733
1078.0,1.0,3.0,733
1079.0,1.0,3.0,733
1080.0,1.0,3.0,733
1081.0,1.0,3.0,733
1082.0,1.0,3.0,733
1083.0,1.0,3.0,733
1084.0,1.0,3.0,733
1085.0,1.0,3.0,733
1086.0,1.0,3.0,733
1087.0,1.0,3.0,733
1088.0,1.0,3.0,733
1089.0,1.0,3.0,733
1090.0,1.0,3.0,733
1091.0,1.0,3.0,733
1092.0,1.0,3.0,733
1093.0,1.0,3.0,733
1094.0,1.0,3.0,733
1095.0,1.0,3.0,733
1096.0,1.0,3.0,733
1097.0,1.0,3.0,733
1098.0,1.0,3.0,733
1099.0,1.0,3.0,733
1100.0,1.0,3.0,733
1101.0,1.0,3.0,733
1102.0,1.0,3.0,733
1103.0,1.0,3.0,733
1104.0,1.0,3.0,733
1105.0,1.0,3.0,733
1106.0,1.0,3.0,733
1107.0,1.0,3.0,733
1108.0,1.0,3.0,733
1109.0,1.0,3.0,733
1110.0,1.0,3.0,733
1111.0,1.0,3.0,733
1112.0,1.0,3.0,733
1113.0,1.0,3.0,733
1114.0,1.0,3.0,733
1115.0,1.0,3.0,733
1116.0,1.0,3.0,733
1117.0,1.0,3.0,733
1118.0,1.0,3.0,733
1119.0,1.0,3.0,733
1120.0,1.0,3.0,733
1121.0,1.0,3.0,733
1122.0,1.0,3.0,733
1123.0,1.0,3.0,733
1124.0,1.0,3.0,733
1125.0,1.0,3.0,733
1126.0,1.0,3.0,733
1127.0,1.0,3.0,733
1128.0,1.0,3.0,733
1129.0,1.0,3.0,733
1130.0,1.0,3.0,733
1131.0,1.0,3.0,733
1132.0,1.0,3.0,733
1133.0,1.0,3.0,733
1134.0,1.0,3.0,733
1135.0,1.0,3.0,733
1136.0,1.0,3.0,733
1137.0,1.0,3.0,733
1138.0,1.0,3.0,733
1139.0,1.0,3.0,733
1140.0,1.0,3.0,733
1141.0,1.0,3.0,733
1142.0,1.0,3.0,733
1143.0,1.0,3.0,733
1144.0,1.0,3.0,733
1145.0,1.0,3.0,733
1146.0,1.0,3.0,733
1147.0,1.0,3.0,733
1148.0,1.0,3.0,733
1149.0,1.0,3.0,733
1150.0,1.0,3.0,733
1151.0,1.0,3.0,733
1152.0,1.0,3.0,733
1153.0,1.0,3.0,733
1154.0,1.0,3.0,733
1155.0,1.0,3.0,733
1156.0,1.0,3.0,733
1157.0,1.0,3.0,733
1158.0,1.0,3.0,733
1159.0,1.0,3.0,733
1160.0,1.0,3.0,733
1161.0,1.0,3.0,733
1162.0,1.0,3.0,733
1163.0,1.0,3.0,733
1164.0,1.0,3.0,733
1165.0,1.0,3.0,733
1166.0,1.0,3.0,733
1167.0,1.0,3.0,733
1168.0,1.0,3.0,733
1169.0,1.0,3.0,733
1170.0,1.0,3.0,733
1171.0,1.0,3.0,733
1172.0,1.0,3.0,733
1173.0,1.0,3.0,733
1174.0,1.0,3.0,733
1175.0,1.0,3.0,733
1176.0,1.0,3.0,733
1177.0,1.0,3.0,733
1178.0,1.0,3.0,733
1179.0,1.0,3.0,733
1180.0,1.0,3.0,733
1181.0,1.0,3.0,733
1182.0,1.0,3.0,733
1183.0,1.0,3.0,733
1184.0,1.0,3.0,733
1185.0,1.0,3.0,733
1186.0,1.0,3.0,733
1187.0,1.0,3.0,733
1188.0,1.0,3.0,733
1189.0,1.0,3.0,733
1190.0,1.0,3.0,733
1191.0,1.0,3.0,733
1192.0,1.0,3.0,733
1193.0,1.0,3.0,733
1194.0,1.0,3.0,733
1195.0,1.0,3.0,733
1196.0,1.0,3.0,733
1197.0,1.0,3.0,733
1198.0,1.0,3.0,733
1199.0,1.0,3.0,733
1200.0,1.0,3.0,733
1201.0,1.0,3.0,733
1202.0,1.0,3.0,733
1203.0,1.0,3.0,733
1204.0,1.0,3.0,733
1205.0,1.0,3.0,733
1206.0,1.0,3.0,733
1207.0,1.0,3.0,733
1208.0,1.0,3.0,733
1209.0,1.0,3.0,733
1210.0,1.0,3.0,733
1211.0,1.0,3.0,733
1212.0,1.0,3.0,733
1213.0,1.0,3.0,733
1214.0,1.0,3.0,733
1215.0,1.0,3.0,733
1216.0,1.0,3.0,733
1217.0,1.0,3.0,733
1218.0,1.0,3.0,733
1219.0,1.0,3.0,733
1220.0,1.0,3.0,733
1221.0,1.0,3.0,733
1222.0,1.0,3.0,733
1223.0,1.0,3.0,733
1224.0,1.0,3.0,733
1225.0,1.0,3.0,733
1226.0,1.0,3.0,733
1227.0,1.0,3.0,733
1228.0,1.0,3.0,733
1229.0,1.0,3.0,733
1230.0,1.0,3.0,733
1231.0,1.0,3.0,733
1232.0,1.0,3.0,733
1233.0,1.0,3.0,733
1234.0,1.0,3.0,733
1235.0,1.0,3.0,733
1236.0,1.0,3.0,733
1237.0,1.0,3.0,733
1238.0,1.0,3.0,733
1239.0,1.0,3.0,733
1240.0,1.0,3.0,733
1241.0,1.0,3.0,733
1242.0,1.0,3.0,733
1243.0,1.0,3.0,733
1244.0,1.0,3.0,733
1245.0,1.0,3.0,733
1246.0,1.0,3.0,733
1247.0,1.0,3.0,733
1248.0,1.0,3.0,733
1249.0,1.0,3.0,733
1250.0,1.0,3.0,733
1251.0,1.0,3.0,733
1252.0,1.0,3.0,733
1253.0,1.0,3.0,733
1254.0,1.0,3.0,733
1255.0,1.0,3.0,733
1256.0,1.0,3.0,733
1257.0,1.0,3.0,733
1258.0,1.0,3.0,733
1259.0,1.0,3.0,733
1260.0,1.0,3.0,733
1261.0,1.0,3.0,733
1262.0,1.0,3.0,733
1263.0,1.0,3.0,733
1264.0,1.0,3.0,733
1265.0,1.0,3.0,733
1266.0,1.0,3.0,733
1267.0,1.0,3.0,733
1268.0,1.0,3.0,733
1269.0,1.0,3.0,733
1270.0,1.0,3.0,733
1271.0,1.0,3.0,733
1272.0,1.0,3.0,733
1273.0,1.0,3.0,733
1274.0,1.0,3.0,733
1275.0,1.0,3.0,733
1276.0,1.0,3.0,733
1277.0,1.0,3.0,733
1278.0,1.0,3.0,733
1279.0,1.0,3.0,733
1280.0,1.0,3.0,733
1281.0,1.0,3.0,733
1282.0,1.0,3.0,733
1283.0,1.0,3.0,733
1284.0,1.0,3.0,733
1285.0,1.0,3.0,733
1286.0,1.0,3.0,733
1287.0,1.0,3.0,733
1288.0,1.0,3.0,733
1289.0,1.0,3.0,733
1290.0,1.0,3.0,733
1291.0,1.0,3.0,733
1292.0,1.0,3.0,733
1293.0,1.0,3.0,733
1294.0,1.0,3.0,733
1295.0,1.0,3.0,733
1296.0,1.0,3.0,733
1297.0,1.0,3.0,733
1298.0,1.0,3.0,733
1299.0,1.0,3.0,733
1300.0,1.0,3.0,733
1301.0,1.0,3.0,733
1302.0,1.0,3.0,733
1303.0,1.0,3.0,733
1304.0,1.0,3.0,733
1305.0,1.0,3.0,733
1306.0,1.0,3.0,733
1307.0,1.0,3.0,733
1308.0,1.0,3.0,733
1309.0,1.0,3.0,733
1310.0,1.0,3.0,733
1311.0,1.0,3.0,733
1312.0,1.0,3.0,733
1313.0,1.0,3.0,733
1314.0,1.0,3.0,733
1315.0,1.0,3.0,733
1316.0,1.0,3.0,733
1317.0,1.0,3.0,733
1318.0,1.0,3.0,733
1319.0,1.0,3.0,733
1320.0,1.0,3.0,733
1321.0,1.0,3.0,733
1322.0,1.0,3.0,733
1323.0,1.0,3.0,733
1324.0,1.0,3.0,733
1325.0,1.0,3.0,733
1326.0,1.0,3.0,733
1327.0,1.0,3.0,733
1328.0,1.0,3.0,733
1329.0,1.0,3.0,733
1330.0,1.0,3.0,733
1331.0,1.0,3.0,733
1332.0,1.0,3.0,733
1333.0,1.0,3.0,733
1334.0,1.0,3.0,733
1335.0,1.0,3.0,733
1336.0,1.0,3.0,733
1337.0,1.0,3.0,733
1338.0,1.0,3.0,733
1339.0,1.0,3.0,733
1340.0,1.0,3.0,733
1341.0,1.0,3.0,733
1342.0,1.0,3.0,733
1343.0,1.0,3.0,733
1344.0,1.0,3.0,733
1345.0,1.0,3.0,733
1346.0,1.0,3.0,733
1347.0,1.0,3.0,733
1348.0,1.0,3.0,733
1349.0,1.0,3.0,733
1350.0,1.0,3.0,733
1351.0,1.0,3.0,733
1352.0,1.0,3.0,733
1353.0,1.0,3.0,733
1354.0,1.0,3.0,733
1355.0,1.0,3.0,733
1356.0,1.0,3.0,733
1357.0,1.0,3.0,733
1358.0,1.0,3.0,733
1359.0,1.0,3.0,733
1360.0,1.0,3.0,733
1361.0,1.0,3.0,733
1362.0,1.0,3.0,733
1363.0,1.0,3.0,733
1364.0,1.0,3.0,733
1365.0,1.0,3.0,733
1366.0,1.0,3.0,733
1367.0,1.0,3.0,733
1368.0,1.0,3.0,733
1369.0,1.0,3.0,733
1370.0,1.0,3.0,733
1371.0,1.0,3.0,733
1372.0,1.0,3.0,733
1373.0,1.0,3.0,733
1374.0,1.0,3.0,733
1375.0,1.0,3.0,733
1376.0,1.0,3.0,733
1377.0,1.0,3.0,733
1378.0,1.0,3.0,733
1379.0,1.0,3.0,733
1380.0,1.0,3.0,733
1381.0,1.0,3.0,733
1382.0,1.0,3.0,733
1383.0,1.0,3.0,733
1384.0,1.0,3.0,733
1385.0,1.0,3.0,733
1386.0,1.0,3.0,733
1387.0,1.0,3.0,733
1388.0,1.0,3.0,733
1389.0,1.0,3.0,733
1390.0,1.0,3.0,733
1391.0,1.0,3.0,733
1392.0,1.0,3.0,733
1393.0,1.0,3.0,733
1394.0,1.0,3.0,733
1395.0,1.0,3.0,733
1396.0,1.0,3.0,733
1397.0,1.0,3.0,733
1398.0,1.0,3.0,733
1399.0,1.0,3.0,733
1400.0,1.0,3.0,733
1401.0,1.0,3.0,733
1402.0,1.0,3.0,733
1403.0,1.0,3.0,733
1404.0,1.0,3.0,733
1405.0,1.0,3.0,733
1406.0,1.0,3.0,733
1407.0,1.0,3.0,733
1408.0,1.0,3.0,733
1409.0,1.0,3.0,733
1410.0,1.0,3.0,733
1411.0,1.0,3.0,733
1412.0,1.0,3.0,733
1413.0,1.0,3.0,733
1414.0,1.0,3.0,733
1415.0,1.0,3.0,733
1416.0,1.0,3.0,733
1417.0,1.0,3.0,733
1418.0,1.0,3.0,733
1419.0,1.0,3.0,733
1420.0,1.0,3.0,733
1421.0,1.0,3.0,733
1422.0,1.0,3.0,733
1423.0,1.0,3.0,733
1424.0,1.0,3.0,733
1425.0,1.0,3.0,733
1426.0,1.0,3.0,733
1427.0,1.0,3.0,733
1428.0,1.0,3.0,733
1429.0,1.0,3.0,733
1430.0,1.0,3.0,733
1431.0,1.0,3.0,733
1432.0,1.0,3.0,733
1433.0,1.0,3.0,733
1434.0,1.0,3.0,733
1435.0,1.0,3.0,733
1436.0,1.0,3.0,733
1437.0,1.0,3.0,733
1438.0,1.0,3.0,733
1439.0,1.0,3.0,733
1440.0,1.0,3.0,733
1441.0,1.0,3.0,733
1442.0,1.0,3.0,733
1443.0,1.0,3.0,733
1444.0,1.0,3.0,733
1445.0,1.0,3.0,733
1446.0,1.0,3.0,733
1447.0,1.0,3.0,733
1448.0,1.0,3.0,733
1449.0,1.0,3.0,733
1450.0,1.0,3.0,733
1451.0,1.0,3.0,733
1452.0,1.0,3.0,733
1453.0,1.0,3.0,733
1454.0,1.0,3.0,733
1455.0,1.0,3.0,733
1456.0,1.0,3.0,733
1457.0,1.0,3.0,733
1458.0,1.0,3.0,733
1459.0,1.0,3.0,733
1460.0,1.0,3.0,733
1461.0,1.0,3.0,733
1462.0,1.0,3.0,733
1463.0,1.0,3.0,733
1464.0,1.0,3.0,733
1465.0,1.0,3.0,732
1466.0,1.0,3.0,732
1467.0,1.0,3.0,732
1468.0,1.0,3.0,732
1469.0,1.0,3.0,732
1470.0,1.0,3.0,732
1471.0,1.0,3.0,732
1472.0,1.0,3.0,732
1473.0,1.0,3.0,732
1474.0,1.0,3.0,732
1475.0,1.0,3.0,732
1476.0,1.0,3.0,732
1477.0,1.0,3.0,732
1478.0,1.0,3.0,732
1479.0,1.0,3.0,732
1480.0,1.0,3.0,732
1481.0,1.0,3.0,732
1482.0,1.0,3.0,732
1483.0,1.0,3.0,732
1484.0,1.0,3.0,732
1485.0,1.0,3.0,732
1486.0,1.0,3.0,732
1487.0,1.0,3.0,732
1488.0,1.0,3.0,732
1489.0,1.0,3.0,732
1490.0,1.0,3.0,732
1491.0,1.0,3.0,732
1492.0,1.0,3.0,732
1493.0,1.0,3.0,732
1494.0,1.0,3.0,732
1495.0,1.0,3.0,732
1496.0,1.0,3.0,732
1497.0,1.0,3.0,732
1498.0,1.0,3.0,732
1499.0,1.0,3.0,732
1500.0,1.0,3.0,732
1501.0,1.0,3.0,732
1502.0,1.0,3.0,732
1503.0,1.0,3.0,732
1504.0,1.0,3.0,732
1505.0,1.0,3.0,732
1506.0,1.0,3.0,732
1507.0,1.0,3.0,732
1508.0,1.0,3.0,732
1509.0,1.0,3.0,732
1510.0,1.0,3.0,732
1511.0,1.0,3.0,732
1512.0,1.0,3.0,732
1513.0,1.0,3.0,732
1514.0,1.0,3.0,732
1515.0,1.0,3.0,732
1516.0,1.0,3.0,732
1517.0,1.0,3.0,732
1518.0,1.0,3.0,732
1519.0,1.0,3.0,732
1520.0,1.0,3.0,732
1521.0,1.0,3.0,732
1522.0,1.0,3.0,732
1523.0,1.0,3.0,732
1524.0,1.0,3.0,732
1525.0,1.0,3.0,732
1526.0,1.0,3.0,732
1527.0,1.0,3.0,732
1528.0,1.0,3.0,732
1529.0,1.0,3.0,732
1530.0,1.0,3.0,732
1531.0,1.0,3.0,732
1532.0,1.0,3.0,732
1533.0,1.0,3.0,732
1534.0,1.0,3.0,732
1535.0,1.0,3.0,732
1536.0,1.0,3.0,732
1537.0,1.0,3.0,732
1538.0,1.0,3.0,732
1539.0,1.0,3.0,732
1540.0,1.0,3.0,732
1541.0,1.0,3.0,732
1542.0,1.0,3.0,732
1543.0,1.0,3.0,732
1544.0,1.0,3.0,732
1545.0,1.0,3.0,732
1546.0,1.0,3.0,732
1547.0,1.0,3.0,732
1548.0,1.0,3.0,732
1549.0,1.0,3.0,732
1550.0,1.0,3.0,732
1551.0,1.0,3.0,732
1552.0,1.0,3.0,732
1553.0,1.0,3.0,732
1554.0,1.0,3.0,732
1555.0,1.0,3.0,732
1556.0,1.0,3.0,732
1557.0,1.0,3.0,732
1558.0,1.0,3.0,732
1559.0,1.0,3.0,732
1560.0,1.0,3.0,732
1561.0,1.0,3.0,732
1562.0,1.0,3.0,732
1563.0,1.0,3.0,732
1564.0,1.0,3.0,732
1565.0,1.0,3.0,732
1566.0,1.0,3.0,732
1567.0,1.0,3.0,732
1568.0,1.0,3.0,732
1569.0,1.0,3.0,732
1570.0,1.0,3.0,732
1571.0,1.0,3.0,732
1572.0,1.0,3.0,732
1573.0,1.0,3.0,732
1574.0,1.0,3.0,732
1575.0,1.0,3.0,732
1576.0,1.0,3.0,732
1577.0,1.0,3.0,732
1578.0,1.0,3.0,732
1579.0,1.0,3.0,732
1580.0,1.0,3.0,732
1581.0,1.0,3.0,732
1582.0,1.0,3.0,732
1583.0,1.0,3.0,732
1584.0,1.0,3.0,732
1585.0,1.0,3.0,732
1586.0,1.0,3.0,732
1587.0,1.0,3.0,732
1588.0,1.0,3.0,732
1589.0,1.0,3.0,732
1590.0,1.0,3.0,732
1591.0,1.0,3.0,732
1592.0,1.0,3.0,732
1593.0,1.0,3.0,732
1594.0,1.0,3.0,732
1595.0,1.0,3.0,732
1596.0,1.0,3.0,732
1597.0,1.0,3.0,732
1598.0,1.0,3.0,732
1599.0,1.0,3.0,732
1600.0,1.0,3.0,732
1601.0,1.0,3.0,732
1602.0,1.0,3.0,732
1603.0,1.0,3.0,732
1604.0,1.0,3.0,732
1605.0,1.0,3.0,732
1606.0,1.0,3.0,732
1607.0,1.0,3.0,732
1608.0,1.0,3.0,732
1609.0,1.0,3.0,732
1610.0,1.0,3.0,732
1611.0,1.0,3.0,732
1612.0,1.0,3.0,732
1613.0,1.0,3.0,732
1614.0,1.0,3.0,732
1615.0,1.0,3.0,732
1616.0,1.0,3.0,732
1617.0,1.0,3.0,732
1618.0,1.0,3.0,732
1619.0,1.0,3.0,732
1620.0,1.0,3.0,732
1621.0,1.0,3.0,732
1622.0,1.0,3.0,732
1623.0,1.0,3.0,732
1624.0,1.0,3.0,732
1625.0,1.0,3.0,732
1626.0,1.0,3.0,732
1627.0,1.0,3.0,732
1628.0,1.0,3.0,732
1629.0,1.0,3.0,732
1630.0,1.0,3.0,732
1631.0,1.0,3.0,732
1632.0,1.0,3.0,732
1633.0,1.0,3.0,732
1634.0,1.0,3.0,732
1635.0,1.0,3.0,732
1636.0,1.0,3.0,732
1637.0,1.0,3.0,732
1638.0,1.0,3.0,732
1639.0,1.0,3.0,732
1640.0,1.0,3.0,732
1641.0,1.0,3.0,732
1642.0,1.0,3.0,732
1643.0,1.0,3.0,732
1644.0,1.0,3.0,732
1645.0,1.0,3.0,732
