14-Nov-2014 13:49:56
RngSeed: 1415972996587
DistanceWeight: 3.0
Evaporation: 0.5
NumAnts: 400
NumCities: 20
PheromoneAmount: 1.0
PheromoneWeight: 1.0
XSize: 150
YSize: 120

"tick", "Best Path Length", "Avg. Path Length"
1.0, 521.6512170105614, 750.0
2.0, 471.48732970180095, 633.0
3.0, 471.48732970180095, 613.0
4.0, 471.48732970180095, 609.0
5.0, 471.48732970180095, 605.0
6.0, 471.48732970180095, 604.0
7.0, 471.48732970180095, 600.0
8.0, 471.48732970180095, 600.0
9.0, 471.48732970180095, 601.0
10.0, 470.0614563314329, 601.0
11.0, 470.0614563314329, 599.0
12.0, 470.0614563314329, 604.0
13.0, 470.0614563314329, 595.0
14.0, 470.0614563314329, 598.0
15.0, 466.2761279560035, 603.0
16.0, 466.2761279560035, 601.0
17.0, 466.2761279560035, 600.0
18.0, 466.2761279560035, 599.0
19.0, 466.2761279560035, 597.0
20.0, 466.2761279560035, 602.0
21.0, 466.2761279560035, 607.0
22.0, 466.2761279560035, 596.0
23.0, 466.2761279560035, 596.0
24.0, 466.2761279560035, 598.0
25.0, 466.2761279560035, 595.0
26.0, 466.2761279560035, 597.0
27.0, 466.2761279560035, 607.0
28.0, 466.2761279560035, 599.0
29.0, 466.2761279560035, 600.0
30.0, 466.2761279560035, 606.0
31.0, 466.2761279560035, 598.0
32.0, 466.2761279560035, 605.0
33.0, 466.2761279560035, 601.0
34.0, 466.2761279560035, 604.0
35.0, 466.2761279560035, 595.0
36.0, 466.2761279560035, 593.0
37.0, 466.2761279560035, 601.0
38.0, 466.2761279560035, 607.0
39.0, 466.2761279560035, 600.0
40.0, 466.2761279560035, 610.0
41.0, 466.2761279560035, 604.0
42.0, 466.2761279560035, 608.0
43.0, 466.2761279560035, 606.0
44.0, 466.2761279560035, 604.0
45.0, 466.2761279560035, 607.0
46.0, 466.2761279560035, 600.0
47.0, 466.2761279560035, 601.0
48.0, 466.2761279560035, 599.0
49.0, 466.2761279560035, 604.0
50.0, 466.2761279560035, 607.0
51.0, 466.2761279560035, 601.0
52.0, 466.2761279560035, 607.0
53.0, 466.2761279560035, 602.0
54.0, 466.2761279560035, 604.0
55.0, 466.2761279560035, 601.0
56.0, 466.2761279560035, 601.0
57.0, 466.2761279560035, 602.0
58.0, 466.2761279560035, 600.0
59.0, 466.2761279560035, 604.0
60.0, 466.2761279560035, 599.0
61.0, 466.2761279560035, 602.0
62.0, 466.2761279560035, 602.0
63.0, 466.2761279560035, 603.0
64.0, 466.2761279560035, 597.0
65.0, 466.2761279560035, 604.0
66.0, 466.2761279560035, 601.0
67.0, 466.2761279560035, 599.0
68.0, 466.2761279560035, 598.0
69.0, 466.2761279560035, 595.0
70.0, 466.2761279560035, 604.0
71.0, 466.2761279560035, 600.0
72.0, 464.92441878941264, 603.0
73.0, 464.92441878941264, 596.0
74.0, 464.92441878941264, 603.0
75.0, 464.92441878941264, 599.0
76.0, 464.92441878941264, 601.0
77.0, 464.92441878941264, 601.0
78.0, 464.92441878941264, 604.0
79.0, 464.92441878941264, 603.0
80.0, 464.92441878941264, 599.0
81.0, 464.92441878941264, 602.0
82.0, 464.92441878941264, 600.0
83.0, 464.92441878941264, 601.0
84.0, 464.92441878941264, 604.0
85.0, 464.92441878941264, 602.0
86.0, 464.92441878941264, 599.0
87.0, 464.92441878941264, 604.0
88.0, 464.92441878941264, 603.0
89.0, 464.92441878941264, 604.0
90.0, 464.92441878941264, 599.0
91.0, 464.92441878941264, 603.0
92.0, 464.92441878941264, 603.0
93.0, 464.92441878941264, 602.0
94.0, 464.92441878941264, 599.0
95.0, 464.92441878941264, 605.0
96.0, 464.92441878941264, 601.0
97.0, 464.92441878941264, 604.0
98.0, 464.92441878941264, 605.0
99.0, 464.92441878941264, 603.0
100.0, 464.92441878941264, 601.0
101.0, 464.92441878941264, 605.0
102.0, 464.92441878941264, 605.0
103.0, 464.92441878941264, 609.0
104.0, 464.92441878941264, 599.0
105.0, 464.92441878941264, 607.0
106.0, 464.92441878941264, 605.0
107.0, 464.92441878941264, 607.0
108.0, 464.92441878941264, 604.0
109.0, 464.92441878941264, 604.0
110.0, 464.92441878941264, 600.0
111.0, 464.92441878941264, 601.0
112.0, 464.92441878941264, 601.0
113.0, 464.92441878941264, 604.0
114.0, 464.92441878941264, 605.0
115.0, 464.92441878941264, 602.0
116.0, 464.92441878941264, 599.0
117.0, 464.92441878941264, 605.0
118.0, 464.92441878941264, 602.0
119.0, 464.92441878941264, 605.0
120.0, 464.92441878941264, 607.0
121.0, 464.92441878941264, 605.0
122.0, 464.92441878941264, 600.0
123.0, 464.92441878941264, 603.0
124.0, 464.92441878941264, 602.0
125.0, 464.92441878941264, 598.0
126.0, 464.92441878941264, 602.0
127.0, 464.92441878941264, 603.0
128.0, 464.92441878941264, 600.0
129.0, 464.92441878941264, 598.0
130.0, 464.92441878941264, 596.0
131.0, 464.92441878941264, 603.0
132.0, 464.92441878941264, 603.0
133.0, 464.92441878941264, 598.0
134.0, 464.92441878941264, 599.0
135.0, 464.92441878941264, 596.0
136.0, 464.92441878941264, 598.0
137.0, 464.92441878941264, 601.0
138.0, 464.92441878941264, 597.0
139.0, 464.92441878941264, 604.0
140.0, 464.92441878941264, 599.0
141.0, 464.0608526918575, 603.0
142.0, 464.0608526918575, 601.0
143.0, 464.0608526918575, 601.0
144.0, 464.0608526918575, 599.0
145.0, 464.0608526918575, 601.0
146.0, 464.0608526918575, 603.0
147.0, 464.0608526918575, 599.0
148.0, 464.0608526918575, 602.0
149.0, 464.0608526918575, 602.0
150.0, 464.0608526918575, 604.0
151.0, 464.0608526918575, 605.0
152.0, 464.0608526918575, 602.0
153.0, 464.0608526918575, 593.0
154.0, 464.0608526918575, 597.0
155.0, 464.0608526918575, 604.0
156.0, 464.0608526918575, 602.0
157.0, 464.0608526918575, 598.0
158.0, 464.0608526918575, 606.0
159.0, 464.0608526918575, 604.0
160.0, 464.0608526918575, 606.0
161.0, 464.0608526918575, 600.0
162.0, 464.0608526918575, 601.0
163.0, 464.0608526918575, 601.0
164.0, 464.0608526918575, 600.0
165.0, 464.0608526918575, 599.0
166.0, 464.0608526918575, 594.0
167.0, 464.0608526918575, 597.0
168.0, 464.0608526918575, 598.0
169.0, 464.0608526918575, 600.0
170.0, 464.0608526918575, 598.0
171.0, 464.0608526918575, 602.0
172.0, 464.0608526918575, 598.0
173.0, 464.0608526918575, 601.0
174.0, 464.0608526918575, 603.0
175.0, 464.0608526918575, 603.0
176.0, 464.0608526918575, 602.0
177.0, 464.0608526918575, 601.0
178.0, 464.0608526918575, 604.0
179.0, 464.0608526918575, 603.0
180.0, 464.0608526918575, 603.0
181.0, 464.0608526918575, 598.0
182.0, 464.0608526918575, 601.0
183.0, 464.0608526918575, 602.0
184.0, 464.0608526918575, 603.0
185.0, 464.0608526918575, 597.0
186.0, 464.0608526918575, 602.0
187.0, 464.0608526918575, 596.0
188.0, 464.0608526918575, 603.0
189.0, 464.0608526918575, 599.0
190.0, 464.0608526918575, 599.0
191.0, 464.0608526918575, 599.0
192.0, 464.0608526918575, 600.0
193.0, 464.0608526918575, 600.0
194.0, 464.0608526918575, 598.0
195.0, 464.0608526918575, 599.0
196.0, 464.0608526918575, 604.0
197.0, 464.0608526918575, 596.0
198.0, 464.0608526918575, 599.0
199.0, 464.0608526918575, 596.0
200.0, 464.0608526918575, 597.0
201.0, 464.0608526918575, 599.0
202.0, 464.0608526918575, 596.0
203.0, 464.0608526918575, 596.0
204.0, 464.0608526918575, 602.0
205.0, 464.0608526918575, 601.0
206.0, 464.0608526918575, 599.0
207.0, 464.0608526918575, 599.0
208.0, 464.0608526918575, 592.0
209.0, 464.0608526918575, 597.0
210.0, 464.0608526918575, 597.0
211.0, 464.0608526918575, 596.0
212.0, 464.0608526918575, 600.0
213.0, 464.0608526918575, 597.0
214.0, 464.0608526918575, 596.0
215.0, 464.0608526918575, 596.0
216.0, 464.0608526918575, 596.0
217.0, 464.0608526918575, 600.0
218.0, 464.0608526918575, 600.0
219.0, 464.0608526918575, 595.0
220.0, 464.0608526918575, 599.0
221.0, 464.0608526918575, 602.0
222.0, 464.0608526918575, 601.0
223.0, 464.0608526918575, 599.0
224.0, 464.0608526918575, 608.0
225.0, 464.0608526918575, 599.0
226.0, 464.0608526918575, 604.0
227.0, 464.0608526918575, 597.0
228.0, 464.0608526918575, 599.0
229.0, 464.0608526918575, 601.0
230.0, 464.0608526918575, 601.0
231.0, 464.0608526918575, 605.0
232.0, 464.0608526918575, 607.0
233.0, 464.0608526918575, 600.0
234.0, 464.0608526918575, 601.0
235.0, 464.0608526918575, 602.0
236.0, 464.0608526918575, 606.0
237.0, 464.0608526918575, 604.0
238.0, 464.0608526918575, 602.0
239.0, 464.0608526918575, 601.0
240.0, 464.0608526918575, 599.0
241.0, 464.0608526918575, 604.0
242.0, 464.0608526918575, 598.0
243.0, 464.0608526918575, 600.0
244.0, 464.0608526918575, 601.0
245.0, 464.0608526918575, 606.0
246.0, 464.0608526918575, 605.0
247.0, 464.0608526918575, 603.0
248.0, 464.0608526918575, 604.0
249.0, 464.0608526918575, 596.0
250.0, 464.0608526918575, 600.0
251.0, 464.0608526918575, 595.0
252.0, 464.0608526918575, 600.0
253.0, 464.0608526918575, 599.0
254.0, 464.0608526918575, 600.0
255.0, 464.0608526918575, 605.0
256.0, 464.0608526918575, 601.0
257.0, 464.0608526918575, 599.0
258.0, 464.0608526918575, 603.0
259.0, 464.0608526918575, 602.0
260.0, 464.0608526918575, 605.0
261.0, 464.0608526918575, 599.0
262.0, 464.0608526918575, 608.0
263.0, 464.0608526918575, 597.0
264.0, 464.0608526918575, 602.0
265.0, 464.0608526918575, 604.0
266.0, 464.0608526918575, 603.0
267.0, 464.0608526918575, 609.0
268.0, 464.0608526918575, 604.0
269.0, 464.0608526918575, 603.0
270.0, 464.0608526918575, 596.0
271.0, 464.0608526918575, 602.0
272.0, 464.0608526918575, 604.0
273.0, 464.0608526918575, 605.0
274.0, 464.0608526918575, 606.0
275.0, 464.0608526918575, 599.0
276.0, 464.0608526918575, 605.0
277.0, 464.0608526918575, 601.0
278.0, 464.0608526918575, 600.0
279.0, 464.0608526918575, 604.0
280.0, 464.0608526918575, 605.0
281.0, 464.0608526918575, 604.0
282.0, 464.0608526918575, 602.0
283.0, 464.0608526918575, 603.0
284.0, 464.0608526918575, 605.0
285.0, 464.0608526918575, 597.0
286.0, 464.0608526918575, 599.0
287.0, 464.0608526918575, 599.0
288.0, 464.0608526918575, 595.0
289.0, 464.0608526918575, 603.0
290.0, 464.0608526918575, 601.0
291.0, 464.0608526918575, 602.0
292.0, 464.0608526918575, 600.0
293.0, 464.0608526918575, 601.0
294.0, 464.0608526918575, 594.0
295.0, 464.0608526918575, 597.0
296.0, 464.0608526918575, 605.0
297.0, 464.0608526918575, 603.0
298.0, 464.0608526918575, 601.0
299.0, 464.0608526918575, 602.0
300.0, 464.0608526918575, 597.0
301.0, 464.0608526918575, 599.0
302.0, 464.0608526918575, 602.0
303.0, 464.0608526918575, 603.0
304.0, 464.0608526918575, 603.0
305.0, 464.0608526918575, 604.0
306.0, 464.0608526918575, 600.0
307.0, 464.0608526918575, 601.0
308.0, 464.0608526918575, 599.0
309.0, 464.0608526918575, 602.0
310.0, 464.0608526918575, 603.0
311.0, 464.0608526918575, 601.0
312.0, 464.0608526918575, 600.0
313.0, 464.0608526918575, 601.0
314.0, 464.0608526918575, 599.0
315.0, 464.0608526918575, 599.0
316.0, 464.0608526918575, 600.0
317.0, 464.0608526918575, 597.0
318.0, 464.0608526918575, 593.0
319.0, 464.0608526918575, 603.0
320.0, 464.0608526918575, 597.0
321.0, 464.0608526918575, 603.0
322.0, 464.0608526918575, 602.0
323.0, 464.0608526918575, 600.0
324.0, 464.0608526918575, 598.0
325.0, 464.0608526918575, 602.0
326.0, 464.0608526918575, 595.0
327.0, 464.0608526918575, 594.0
328.0, 464.0608526918575, 601.0
329.0, 464.0608526918575, 597.0
330.0, 464.0608526918575, 599.0
331.0, 464.0608526918575, 599.0
332.0, 464.0608526918575, 599.0
333.0, 464.0608526918575, 599.0
334.0, 464.0608526918575, 600.0
335.0, 464.0608526918575, 600.0
336.0, 464.0608526918575, 600.0
337.0, 464.0608526918575, 599.0
338.0, 464.0608526918575, 601.0
339.0, 464.0608526918575, 598.0
340.0, 464.0608526918575, 601.0
341.0, 464.0608526918575, 599.0
342.0, 464.0608526918575, 597.0
343.0, 464.0608526918575, 604.0
344.0, 464.0608526918575, 598.0
345.0, 464.0608526918575, 600.0
346.0, 464.0608526918575, 601.0
347.0, 464.0608526918575, 598.0
348.0, 464.0608526918575, 604.0
349.0, 464.0608526918575, 601.0
350.0, 464.0608526918575, 600.0
351.0, 464.0608526918575, 603.0
352.0, 464.0608526918575, 604.0
353.0, 464.0608526918575, 606.0
354.0, 464.0608526918575, 603.0
355.0, 464.0608526918575, 601.0
356.0, 464.0608526918575, 599.0
357.0, 464.0608526918575, 600.0
358.0, 464.0608526918575, 602.0
359.0, 464.0608526918575, 601.0
360.0, 464.0608526918575, 604.0
361.0, 464.0608526918575, 606.0
362.0, 464.0608526918575, 604.0
363.0, 464.0608526918575, 600.0
364.0, 464.0608526918575, 608.0
365.0, 464.0608526918575, 602.0
366.0, 464.0608526918575, 599.0
367.0, 464.0608526918575, 600.0
368.0, 464.0608526918575, 601.0
369.0, 464.0608526918575, 599.0
370.0, 464.0608526918575, 600.0
371.0, 464.0608526918575, 603.0
372.0, 464.0608526918575, 602.0
373.0, 464.0608526918575, 602.0
374.0, 464.0608526918575, 600.0
375.0, 464.0608526918575, 596.0
376.0, 464.0608526918575, 602.0
377.0, 464.0608526918575, 601.0
378.0, 464.0608526918575, 601.0
379.0, 464.0608526918575, 601.0
380.0, 464.0608526918575, 601.0
381.0, 464.0608526918575, 599.0
382.0, 464.0608526918575, 601.0
383.0, 464.0608526918575, 600.0
384.0, 464.0608526918575, 606.0
385.0, 464.0608526918575, 600.0
386.0, 464.0608526918575, 605.0
387.0, 464.0608526918575, 598.0
388.0, 464.0608526918575, 604.0
389.0, 464.0608526918575, 597.0
390.0, 464.0608526918575, 601.0
391.0, 464.0608526918575, 606.0
392.0, 464.0608526918575, 597.0
393.0, 464.0608526918575, 601.0
394.0, 464.0608526918575, 602.0
395.0, 464.0608526918575, 601.0
396.0, 464.0608526918575, 602.0
397.0, 464.0608526918575, 607.0
398.0, 464.0608526918575, 603.0
399.0, 464.0608526918575, 599.0
400.0, 464.0608526918575, 598.0
401.0, 464.0608526918575, 603.0
402.0, 464.0608526918575, 598.0
403.0, 464.0608526918575, 601.0
404.0, 464.0608526918575, 598.0
405.0, 464.0608526918575, 603.0
406.0, 464.0608526918575, 601.0
407.0, 464.0608526918575, 601.0
408.0, 464.0608526918575, 600.0
409.0, 464.0608526918575, 600.0
410.0, 464.0608526918575, 599.0
411.0, 464.0608526918575, 601.0
412.0, 464.0608526918575, 599.0
413.0, 464.0608526918575, 603.0
414.0, 464.0608526918575, 610.0
415.0, 464.0608526918575, 604.0
416.0, 464.0608526918575, 601.0
417.0, 464.0608526918575, 608.0
418.0, 464.0608526918575, 600.0
419.0, 464.0608526918575, 603.0
420.0, 464.0608526918575, 602.0
421.0, 464.0608526918575, 598.0
422.0, 464.0608526918575, 599.0
423.0, 464.0608526918575, 603.0
424.0, 464.0608526918575, 606.0
425.0, 464.0608526918575, 606.0
426.0, 464.0608526918575, 601.0
427.0, 464.0608526918575, 598.0
428.0, 464.0608526918575, 600.0
429.0, 464.0608526918575, 601.0
430.0, 464.0608526918575, 598.0
431.0, 464.0608526918575, 602.0
432.0, 464.0608526918575, 599.0
433.0, 464.0608526918575, 602.0
434.0, 464.0608526918575, 601.0
435.0, 464.0608526918575, 596.0
436.0, 464.0608526918575, 600.0
437.0, 464.0608526918575, 605.0
438.0, 464.0608526918575, 603.0
439.0, 464.0608526918575, 597.0
440.0, 464.0608526918575, 603.0
441.0, 464.0608526918575, 601.0
442.0, 464.0608526918575, 605.0
443.0, 464.0608526918575, 606.0
444.0, 464.0608526918575, 603.0
445.0, 464.0608526918575, 600.0
446.0, 464.0608526918575, 600.0
447.0, 464.0608526918575, 600.0
448.0, 464.0608526918575, 601.0
449.0, 464.0608526918575, 601.0
450.0, 464.0608526918575, 601.0
451.0, 464.0608526918575, 603.0
452.0, 464.0608526918575, 597.0
453.0, 464.0608526918575, 594.0
454.0, 464.0608526918575, 601.0
455.0, 464.0608526918575, 601.0
456.0, 464.0608526918575, 595.0
457.0, 464.0608526918575, 600.0
458.0, 464.0608526918575, 598.0
459.0, 464.0608526918575, 598.0
460.0, 464.0608526918575, 601.0
461.0, 464.0608526918575, 596.0
462.0, 464.0608526918575, 597.0
463.0, 464.0608526918575, 598.0
464.0, 464.0608526918575, 597.0
465.0, 464.0608526918575, 601.0
466.0, 464.0608526918575, 605.0
467.0, 464.0608526918575, 602.0
468.0, 464.0608526918575, 595.0
469.0, 464.0608526918575, 598.0
470.0, 464.0608526918575, 602.0
471.0, 464.0608526918575, 602.0
472.0, 464.0608526918575, 600.0
473.0, 464.0608526918575, 598.0
474.0, 464.0608526918575, 603.0
475.0, 464.0608526918575, 598.0
476.0, 464.0608526918575, 602.0
477.0, 464.0608526918575, 603.0
478.0, 464.0608526918575, 600.0
479.0, 464.0608526918575, 598.0
480.0, 464.0608526918575, 604.0
481.0, 464.0608526918575, 600.0
482.0, 464.0608526918575, 598.0
483.0, 464.0608526918575, 606.0
484.0, 464.0608526918575, 599.0
485.0, 464.0608526918575, 603.0
486.0, 464.0608526918575, 597.0
487.0, 464.0608526918575, 603.0
488.0, 464.0608526918575, 604.0
489.0, 464.0608526918575, 602.0
490.0, 464.0608526918575, 597.0
491.0, 464.0608526918575, 598.0
492.0, 464.0608526918575, 602.0
493.0, 464.0608526918575, 604.0
494.0, 464.0608526918575, 600.0
495.0, 464.0608526918575, 601.0
496.0, 464.0608526918575, 600.0
497.0, 464.0608526918575, 600.0
498.0, 464.0608526918575, 601.0
499.0, 464.0608526918575, 599.0
500.0, 464.0608526918575, 596.0
501.0, 464.0608526918575, 601.0
502.0, 464.0608526918575, 603.0
503.0, 464.0608526918575, 603.0
504.0, 464.0608526918575, 602.0
505.0, 464.0608526918575, 599.0
506.0, 464.0608526918575, 596.0
507.0, 464.0608526918575, 601.0
508.0, 464.0608526918575, 604.0
509.0, 464.0608526918575, 601.0
510.0, 464.0608526918575, 597.0
511.0, 464.0608526918575, 604.0
512.0, 464.0608526918575, 591.0
513.0, 464.0608526918575, 600.0
514.0, 464.0608526918575, 603.0
515.0, 464.0608526918575, 605.0
516.0, 464.0608526918575, 603.0
517.0, 464.0608526918575, 597.0
518.0, 464.0608526918575, 601.0
519.0, 464.0608526918575, 600.0
520.0, 464.0608526918575, 603.0
521.0, 464.0608526918575, 598.0
522.0, 464.0608526918575, 601.0
523.0, 464.0608526918575, 602.0
524.0, 464.0608526918575, 600.0
525.0, 464.0608526918575, 604.0
526.0, 464.0608526918575, 602.0
527.0, 464.0608526918575, 593.0
528.0, 464.0608526918575, 598.0
529.0, 464.0608526918575, 600.0
530.0, 464.0608526918575, 597.0
531.0, 464.0608526918575, 602.0
532.0, 464.0608526918575, 600.0
533.0, 464.0608526918575, 597.0
534.0, 464.0608526918575, 605.0
535.0, 464.0608526918575, 602.0
536.0, 464.0608526918575, 596.0
537.0, 464.0608526918575, 596.0
538.0, 464.0608526918575, 601.0
539.0, 464.0608526918575, 597.0
540.0, 464.0608526918575, 601.0
541.0, 464.0608526918575, 603.0
542.0, 464.0608526918575, 600.0
543.0, 464.0608526918575, 600.0
544.0, 464.0608526918575, 602.0
545.0, 464.0608526918575, 596.0
546.0, 464.0608526918575, 602.0
547.0, 464.0608526918575, 604.0
548.0, 464.0608526918575, 600.0
549.0, 464.0608526918575, 604.0
550.0, 464.0608526918575, 596.0
551.0, 464.0608526918575, 600.0
552.0, 464.0608526918575, 602.0
553.0, 464.0608526918575, 600.0
554.0, 464.0608526918575, 597.0
555.0, 464.0608526918575, 600.0
556.0, 464.0608526918575, 601.0
557.0, 464.0608526918575, 603.0
558.0, 464.0608526918575, 597.0
559.0, 464.0608526918575, 597.0
560.0, 464.0608526918575, 597.0
561.0, 464.0608526918575, 602.0
562.0, 464.0608526918575, 601.0
563.0, 464.0608526918575, 603.0
564.0, 464.0608526918575, 602.0
565.0, 464.0608526918575, 600.0
566.0, 464.0608526918575, 600.0
567.0, 464.0608526918575, 603.0
568.0, 464.0608526918575, 598.0
569.0, 464.0608526918575, 602.0
570.0, 464.0608526918575, 599.0
571.0, 464.0608526918575, 601.0
572.0, 464.0608526918575, 597.0
573.0, 464.0608526918575, 610.0
574.0, 464.0608526918575, 595.0
575.0, 464.0608526918575, 599.0
576.0, 464.0608526918575, 598.0
577.0, 464.0608526918575, 601.0
578.0, 464.0608526918575, 602.0
579.0, 464.0608526918575, 609.0
580.0, 464.0608526918575, 608.0
581.0, 464.0608526918575, 600.0
582.0, 464.0608526918575, 607.0
583.0, 464.0608526918575, 600.0
584.0, 464.0608526918575, 604.0
585.0, 464.0608526918575, 600.0
586.0, 464.0608526918575, 601.0
587.0, 464.0608526918575, 605.0
588.0, 464.0608526918575, 601.0
589.0, 464.0608526918575, 604.0
590.0, 464.0608526918575, 600.0
591.0, 464.0608526918575, 604.0
592.0, 464.0608526918575, 602.0
593.0, 464.0608526918575, 598.0
594.0, 464.0608526918575, 605.0
595.0, 464.0608526918575, 603.0
596.0, 464.0608526918575, 602.0
597.0, 464.0608526918575, 599.0
598.0, 464.0608526918575, 600.0
599.0, 464.0608526918575, 603.0
600.0, 464.0608526918575, 598.0
601.0, 464.0608526918575, 599.0
602.0, 464.0608526918575, 603.0
603.0, 464.0608526918575, 603.0
604.0, 464.0608526918575, 602.0
605.0, 464.0608526918575, 602.0
606.0, 464.0608526918575, 606.0
607.0, 464.0608526918575, 598.0
608.0, 464.0608526918575, 603.0
609.0, 464.0608526918575, 602.0
610.0, 464.0608526918575, 602.0
611.0, 464.0608526918575, 602.0
612.0, 464.0608526918575, 604.0
613.0, 464.0608526918575, 609.0
614.0, 464.0608526918575, 599.0
615.0, 464.0608526918575, 605.0
616.0, 464.0608526918575, 602.0
617.0, 464.0608526918575, 600.0
618.0, 464.0608526918575, 602.0
619.0, 464.0608526918575, 601.0
620.0, 464.0608526918575, 602.0
621.0, 464.0608526918575, 596.0
622.0, 464.0608526918575, 599.0
623.0, 464.0608526918575, 599.0
624.0, 464.0608526918575, 596.0
625.0, 464.0608526918575, 596.0
626.0, 464.0608526918575, 600.0
627.0, 464.0608526918575, 604.0
628.0, 464.0608526918575, 603.0
629.0, 464.0608526918575, 604.0
630.0, 464.0608526918575, 599.0
631.0, 464.0608526918575, 600.0
632.0, 464.0608526918575, 601.0
633.0, 464.0608526918575, 604.0
634.0, 464.0608526918575, 600.0
635.0, 464.0608526918575, 595.0
636.0, 464.0608526918575, 598.0
637.0, 464.0608526918575, 602.0
638.0, 464.0608526918575, 603.0
639.0, 464.0608526918575, 604.0
640.0, 464.0608526918575, 600.0
641.0, 464.0608526918575, 596.0
642.0, 464.0608526918575, 602.0
643.0, 464.0608526918575, 596.0
644.0, 464.0608526918575, 599.0
645.0, 464.0608526918575, 598.0
646.0, 464.0608526918575, 601.0
647.0, 464.0608526918575, 604.0
648.0, 464.0608526918575, 600.0
649.0, 464.0608526918575, 601.0
650.0, 464.0608526918575, 604.0
651.0, 464.0608526918575, 598.0
652.0, 464.0608526918575, 599.0
653.0, 464.0608526918575, 598.0
654.0, 464.0608526918575, 599.0
655.0, 464.0608526918575, 601.0
656.0, 464.0608526918575, 600.0
657.0, 464.0608526918575, 593.0
658.0, 464.0608526918575, 594.0
659.0, 464.0608526918575, 601.0
660.0, 464.0608526918575, 602.0
661.0, 464.0608526918575, 600.0
662.0, 464.0608526918575, 600.0
663.0, 464.0608526918575, 599.0
664.0, 464.0608526918575, 599.0
665.0, 464.0608526918575, 599.0
666.0, 464.0608526918575, 597.0
667.0, 464.0608526918575, 604.0
668.0, 464.0608526918575, 603.0
669.0, 464.0608526918575, 602.0
670.0, 464.0608526918575, 600.0
671.0, 464.0608526918575, 599.0
672.0, 464.0608526918575, 600.0
673.0, 464.0608526918575, 599.0
674.0, 464.0608526918575, 607.0
675.0, 464.0608526918575, 601.0
676.0, 464.0608526918575, 598.0
677.0, 464.0608526918575, 604.0
678.0, 464.0608526918575, 602.0
679.0, 464.0608526918575, 599.0
680.0, 464.0608526918575, 600.0
681.0, 464.0608526918575, 603.0
682.0, 464.0608526918575, 604.0
683.0, 464.0608526918575, 602.0
684.0, 464.0608526918575, 603.0
685.0, 464.0608526918575, 603.0
686.0, 464.0608526918575, 606.0
687.0, 464.0608526918575, 600.0
688.0, 464.0608526918575, 596.0
689.0, 464.0608526918575, 603.0
690.0, 464.0608526918575, 598.0
691.0, 464.0608526918575, 599.0
692.0, 464.0608526918575, 600.0
693.0, 464.0608526918575, 597.0
694.0, 464.0608526918575, 599.0
695.0, 464.0608526918575, 600.0
696.0, 464.0608526918575, 601.0
697.0, 464.0608526918575, 602.0
698.0, 464.0608526918575, 601.0
699.0, 464.0608526918575, 599.0
700.0, 464.0608526918575, 602.0
701.0, 464.0608526918575, 608.0
702.0, 464.0608526918575, 602.0
703.0, 464.0608526918575, 604.0
704.0, 464.0608526918575, 604.0
705.0, 464.0608526918575, 600.0
706.0, 464.0608526918575, 601.0
707.0, 464.0608526918575, 601.0
708.0, 464.0608526918575, 606.0
709.0, 464.0608526918575, 604.0
710.0, 464.0608526918575, 609.0
711.0, 464.0608526918575, 609.0
712.0, 464.0608526918575, 602.0
713.0, 464.0608526918575, 601.0
714.0, 464.0608526918575, 599.0
715.0, 464.0608526918575, 604.0
716.0, 464.0608526918575, 602.0
717.0, 464.0608526918575, 606.0
718.0, 464.0608526918575, 599.0
719.0, 464.0608526918575, 598.0
720.0, 464.0608526918575, 602.0
721.0, 464.0608526918575, 605.0
722.0, 464.0608526918575, 601.0
723.0, 464.0608526918575, 601.0
724.0, 464.0608526918575, 600.0
725.0, 464.0608526918575, 606.0
726.0, 464.0608526918575, 601.0
727.0, 464.0608526918575, 602.0
728.0, 464.0608526918575, 601.0
729.0, 464.0608526918575, 597.0
730.0, 464.0608526918575, 603.0
731.0, 464.0608526918575, 600.0
732.0, 464.0608526918575, 596.0
733.0, 464.0608526918575, 599.0
734.0, 464.0608526918575, 604.0
735.0, 464.0608526918575, 606.0
736.0, 464.0608526918575, 603.0
737.0, 464.0608526918575, 601.0
738.0, 464.0608526918575, 603.0
739.0, 464.0608526918575, 606.0
740.0, 464.0608526918575, 598.0
741.0, 464.0608526918575, 602.0
742.0, 464.0608526918575, 597.0
743.0, 464.0608526918575, 600.0
744.0, 464.0608526918575, 597.0
745.0, 464.0608526918575, 597.0
746.0, 464.0608526918575, 599.0
747.0, 464.0608526918575, 599.0
748.0, 464.0608526918575, 603.0
749.0, 464.0608526918575, 599.0
750.0, 464.0608526918575, 601.0
751.0, 464.0608526918575, 599.0
752.0, 464.0608526918575, 595.0
753.0, 464.0608526918575, 600.0
754.0, 464.0608526918575, 603.0
755.0, 464.0608526918575, 596.0
756.0, 464.0608526918575, 596.0
757.0, 464.0608526918575, 596.0
758.0, 464.0608526918575, 600.0
759.0, 464.0608526918575, 594.0
760.0, 464.0608526918575, 595.0
761.0, 464.0608526918575, 597.0
762.0, 464.0608526918575, 601.0
763.0, 464.0608526918575, 602.0
764.0, 464.0608526918575, 601.0
765.0, 464.0608526918575, 596.0
766.0, 464.0608526918575, 597.0
767.0, 464.0608526918575, 601.0
768.0, 464.0608526918575, 600.0
769.0, 464.0608526918575, 601.0
770.0, 464.0608526918575, 599.0
771.0, 464.0608526918575, 596.0
772.0, 464.0608526918575, 597.0
773.0, 464.0608526918575, 596.0
774.0, 464.0608526918575, 599.0
775.0, 464.0608526918575, 600.0
776.0, 464.0608526918575, 600.0
777.0, 464.0608526918575, 599.0
778.0, 464.0608526918575, 602.0
779.0, 464.0608526918575, 595.0
780.0, 464.0608526918575, 596.0
781.0, 464.0608526918575, 599.0
782.0, 464.0608526918575, 601.0
783.0, 464.0608526918575, 597.0
784.0, 464.0608526918575, 596.0
785.0, 464.0608526918575, 596.0
786.0, 464.0608526918575, 601.0
787.0, 464.0608526918575, 603.0
788.0, 464.0608526918575, 596.0
789.0, 464.0608526918575, 603.0
790.0, 464.0608526918575, 602.0
791.0, 464.0608526918575, 600.0
792.0, 464.0608526918575, 609.0
793.0, 464.0608526918575, 602.0
794.0, 464.0608526918575, 600.0
795.0, 464.0608526918575, 601.0
796.0, 464.0608526918575, 600.0
797.0, 464.0608526918575, 600.0
798.0, 464.0608526918575, 602.0
799.0, 464.0608526918575, 603.0
800.0, 464.0608526918575, 603.0
801.0, 464.0608526918575, 602.0
802.0, 464.0608526918575, 606.0
803.0, 464.0608526918575, 603.0
804.0, 464.0608526918575, 603.0
805.0, 464.0608526918575, 602.0
806.0, 464.0608526918575, 602.0
807.0, 464.0608526918575, 607.0
808.0, 464.0608526918575, 603.0
809.0, 464.0608526918575, 601.0
810.0, 464.0608526918575, 602.0
811.0, 464.0608526918575, 603.0
812.0, 464.0608526918575, 603.0
813.0, 464.0608526918575, 603.0
814.0, 464.0608526918575, 605.0
815.0, 464.0608526918575, 602.0
816.0, 464.0608526918575, 602.0
817.0, 464.0608526918575, 604.0
818.0, 464.0608526918575, 598.0
819.0, 464.0608526918575, 602.0
820.0, 464.0608526918575, 595.0
821.0, 464.0608526918575, 598.0
822.0, 464.0608526918575, 600.0
823.0, 464.0608526918575, 605.0
824.0, 464.0608526918575, 597.0
825.0, 464.0608526918575, 604.0
826.0, 464.0608526918575, 606.0
827.0, 464.0608526918575, 601.0
828.0, 464.0608526918575, 596.0
829.0, 464.0608526918575, 597.0
830.0, 464.0608526918575, 599.0
831.0, 464.0608526918575, 606.0
832.0, 464.0608526918575, 600.0
833.0, 464.0608526918575, 603.0
834.0, 464.0608526918575, 598.0
835.0, 464.0608526918575, 601.0
836.0, 464.0608526918575, 601.0
837.0, 464.0608526918575, 605.0
838.0, 464.0608526918575, 599.0
839.0, 464.0608526918575, 602.0
840.0, 464.0608526918575, 604.0
841.0, 464.0608526918575, 606.0
842.0, 464.0608526918575, 603.0
843.0, 464.0608526918575, 602.0
844.0, 464.0608526918575, 599.0
845.0, 464.0608526918575, 602.0
846.0, 464.0608526918575, 605.0
847.0, 464.0608526918575, 599.0
848.0, 464.0608526918575, 598.0
849.0, 464.0608526918575, 602.0
850.0, 464.0608526918575, 603.0
851.0, 464.0608526918575, 606.0
852.0, 464.0608526918575, 606.0
853.0, 464.0608526918575, 605.0
854.0, 464.0608526918575, 599.0
855.0, 464.0608526918575, 604.0
856.0, 464.0608526918575, 604.0
857.0, 464.0608526918575, 608.0
858.0, 464.0608526918575, 605.0
859.0, 464.0608526918575, 602.0
860.0, 464.0608526918575, 604.0
861.0, 464.0608526918575, 607.0
862.0, 464.0608526918575, 599.0
863.0, 464.0608526918575, 602.0
864.0, 464.0608526918575, 601.0
865.0, 464.0608526918575, 603.0
866.0, 464.0608526918575, 603.0
867.0, 464.0608526918575, 599.0
868.0, 464.0608526918575, 604.0
869.0, 464.0608526918575, 606.0
870.0, 464.0608526918575, 603.0
871.0, 464.0608526918575, 605.0
872.0, 464.0608526918575, 603.0
873.0, 464.0608526918575, 601.0
874.0, 464.0608526918575, 607.0
875.0, 464.0608526918575, 602.0
876.0, 464.0608526918575, 601.0
877.0, 464.0608526918575, 604.0
878.0, 464.0608526918575, 598.0
879.0, 464.0608526918575, 604.0
880.0, 464.0608526918575, 600.0
881.0, 464.0608526918575, 601.0
882.0, 464.0608526918575, 601.0
883.0, 464.0608526918575, 599.0
884.0, 464.0608526918575, 602.0
885.0, 464.0608526918575, 602.0
886.0, 464.0608526918575, 601.0
887.0, 464.0608526918575, 598.0
888.0, 464.0608526918575, 599.0
889.0, 464.0608526918575, 603.0
890.0, 464.0608526918575, 603.0
891.0, 464.0608526918575, 604.0
892.0, 464.0608526918575, 606.0
893.0, 464.0608526918575, 604.0
894.0, 464.0608526918575, 598.0
895.0, 464.0608526918575, 606.0
896.0, 464.0608526918575, 599.0
897.0, 464.0608526918575, 598.0
898.0, 464.0608526918575, 602.0
899.0, 464.0608526918575, 598.0
900.0, 464.0608526918575, 601.0
901.0, 464.0608526918575, 594.0
902.0, 464.0608526918575, 601.0
903.0, 464.0608526918575, 600.0
904.0, 464.0608526918575, 598.0
905.0, 464.0608526918575, 605.0
906.0, 464.0608526918575, 601.0
907.0, 464.0608526918575, 603.0
908.0, 464.0608526918575, 604.0
909.0, 464.0608526918575, 604.0
910.0, 464.0608526918575, 602.0
911.0, 464.0608526918575, 599.0
912.0, 464.0608526918575, 605.0
913.0, 464.0608526918575, 602.0
914.0, 464.0608526918575, 601.0
915.0, 464.0608526918575, 599.0
916.0, 464.0608526918575, 604.0
917.0, 464.0608526918575, 601.0
918.0, 464.0608526918575, 599.0
