14-Nov-2014 22:55:10
RngSeed: 1416005709421
DelayedPheromone: false
DistanceWeight: 3.0
Evaporation: 0.5
NumAnts: 40
NumCities: 10
PheromoneAmount: 1.0
PheromoneWeight: 1.0
XSize: 150
YSize: 120

"tick", "Best Path Length", "Avg. Path Length"
1.0, 931.850688724427, 1277.0
2.0, 857.7419372586571, 973.0
3.0, 847.1627485894758, 965.0
4.0, 779.0109346143249, 964.0
5.0, 779.0109346143249, 972.0
6.0, 779.0109346143249, 958.0
7.0, 779.0109346143249, 955.0
8.0, 779.0109346143249, 920.0
9.0, 779.0109346143249, 972.0
10.0, 779.0109346143249, 946.0
11.0, 779.0109346143249, 928.0
12.0, 779.0109346143249, 962.0
13.0, 779.0109346143249, 956.0
14.0, 779.0109346143249, 948.0
15.0, 779.0109346143249, 946.0
16.0, 779.0109346143249, 932.0
17.0, 779.0109346143249, 956.0
18.0, 779.0109346143249, 935.0
19.0, 779.0109346143249, 942.0
20.0, 779.0109346143249, 950.0
21.0, 779.0109346143249, 942.0
22.0, 779.0109346143249, 940.0
23.0, 779.0109346143249, 932.0
24.0, 779.0109346143249, 969.0
25.0, 779.0109346143249, 965.0
26.0, 779.0109346143249, 939.0
27.0, 779.0109346143249, 938.0
28.0, 779.0109346143249, 944.0
29.0, 760.9909548320525, 935.0
30.0, 760.9909548320525, 951.0
31.0, 760.9909548320525, 925.0
32.0, 760.9909548320525, 947.0
33.0, 760.9909548320525, 929.0
34.0, 760.9909548320525, 936.0
35.0, 760.9909548320525, 959.0
36.0, 760.9909548320525, 935.0
37.0, 760.9909548320525, 943.0
38.0, 760.9909548320525, 938.0
39.0, 760.9909548320525, 940.0
40.0, 760.9909548320525, 936.0
41.0, 760.9909548320525, 913.0
42.0, 760.9909548320525, 921.0
43.0, 760.9909548320525, 941.0
44.0, 760.9909548320525, 938.0
45.0, 760.9909548320525, 925.0
46.0, 760.9909548320525, 934.0
47.0, 760.9909548320525, 951.0
48.0, 760.9909548320525, 954.0
49.0, 760.9909548320525, 932.0
50.0, 760.9909548320525, 945.0
51.0, 760.9909548320525, 946.0
52.0, 760.9909548320525, 937.0
53.0, 760.9909548320525, 935.0
54.0, 760.9909548320525, 944.0
55.0, 760.9909548320525, 944.0
56.0, 760.9909548320525, 936.0
57.0, 760.9909548320525, 948.0
58.0, 760.9909548320525, 942.0
59.0, 760.9909548320525, 944.0
60.0, 760.9909548320525, 946.0
61.0, 747.1257915433357, 932.0
62.0, 747.1257915433357, 934.0
63.0, 747.1257915433357, 941.0
64.0, 747.1257915433357, 928.0
65.0, 747.1257915433357, 948.0
66.0, 747.1257915433357, 922.0
67.0, 747.1257915433357, 933.0
68.0, 747.1257915433357, 939.0
69.0, 747.1257915433357, 935.0
70.0, 747.1257915433357, 942.0
71.0, 747.1257915433357, 936.0
72.0, 747.10997259567, 938.0
73.0, 747.10997259567, 922.0
74.0, 747.10997259567, 924.0
75.0, 747.10997259567, 934.0
76.0, 747.10997259567, 921.0
77.0, 747.10997259567, 929.0
78.0, 747.10997259567, 918.0
79.0, 747.10997259567, 933.0
80.0, 747.10997259567, 953.0
81.0, 747.10997259567, 948.0
82.0, 747.10997259567, 923.0
83.0, 747.10997259567, 916.0
84.0, 747.10997259567, 926.0
85.0, 747.10997259567, 931.0
86.0, 747.10997259567, 942.0
87.0, 747.10997259567, 939.0
88.0, 747.10997259567, 932.0
89.0, 747.10997259567, 951.0
90.0, 747.10997259567, 922.0
91.0, 747.10997259567, 939.0
92.0, 747.10997259567, 917.0
93.0, 747.10997259567, 931.0
94.0, 747.10997259567, 952.0
95.0, 747.10997259567, 934.0
96.0, 747.10997259567, 946.0
97.0, 747.10997259567, 947.0
98.0, 747.10997259567, 937.0
99.0, 747.10997259567, 950.0
100.0, 747.10997259567, 936.0
101.0, 747.10997259567, 946.0
102.0, 747.10997259567, 933.0
103.0, 747.10997259567, 922.0
104.0, 747.10997259567, 952.0
105.0, 747.10997259567, 930.0
106.0, 747.10997259567, 930.0
107.0, 747.10997259567, 935.0
108.0, 747.10997259567, 947.0
109.0, 747.10997259567, 938.0
110.0, 747.10997259567, 927.0
111.0, 747.10997259567, 938.0
112.0, 747.10997259567, 912.0
113.0, 747.10997259567, 924.0
114.0, 747.10997259567, 934.0
115.0, 747.10997259567, 934.0
116.0, 747.10997259567, 932.0
117.0, 747.10997259567, 956.0
118.0, 747.10997259567, 907.0
119.0, 747.10997259567, 926.0
120.0, 747.10997259567, 909.0
121.0, 747.10997259567, 934.0
122.0, 747.10997259567, 933.0
123.0, 747.10997259567, 930.0
124.0, 747.10997259567, 939.0
125.0, 747.10997259567, 941.0
126.0, 747.10997259567, 938.0
127.0, 747.10997259567, 943.0
128.0, 747.10997259567, 931.0
129.0, 747.10997259567, 942.0
130.0, 747.10997259567, 919.0
131.0, 747.10997259567, 946.0
132.0, 747.10997259567, 931.0
133.0, 747.10997259567, 945.0
134.0, 747.10997259567, 930.0
135.0, 747.10997259567, 939.0
136.0, 747.10997259567, 951.0
137.0, 747.10997259567, 928.0
138.0, 747.10997259567, 931.0
139.0, 747.10997259567, 934.0
140.0, 747.10997259567, 943.0
141.0, 747.10997259567, 931.0
142.0, 747.10997259567, 922.0
143.0, 747.10997259567, 928.0
144.0, 747.10997259567, 933.0
145.0, 747.10997259567, 947.0
146.0, 747.10997259567, 931.0
147.0, 747.10997259567, 934.0
148.0, 747.10997259567, 954.0
149.0, 747.10997259567, 925.0
150.0, 747.10997259567, 916.0
151.0, 747.10997259567, 938.0
152.0, 747.10997259567, 944.0
153.0, 747.10997259567, 926.0
154.0, 747.10997259567, 950.0
155.0, 747.10997259567, 928.0
156.0, 747.10997259567, 923.0
157.0, 747.10997259567, 931.0
158.0, 747.10997259567, 912.0
159.0, 747.10997259567, 963.0
160.0, 747.10997259567, 939.0
161.0, 747.10997259567, 926.0
162.0, 747.10997259567, 934.0
163.0, 747.10997259567, 934.0
164.0, 747.10997259567, 919.0
165.0, 747.10997259567, 936.0
166.0, 747.10997259567, 910.0
167.0, 747.10997259567, 925.0
168.0, 747.10997259567, 940.0
169.0, 747.10997259567, 930.0
170.0, 747.10997259567, 956.0
171.0, 747.10997259567, 948.0
172.0, 747.10997259567, 926.0
173.0, 747.10997259567, 920.0
174.0, 747.10997259567, 927.0
175.0, 747.10997259567, 935.0
176.0, 747.10997259567, 930.0
177.0, 747.10997259567, 940.0
178.0, 747.10997259567, 931.0
179.0, 747.10997259567, 934.0
180.0, 747.10997259567, 954.0
181.0, 747.10997259567, 936.0
182.0, 747.10997259567, 941.0
183.0, 747.10997259567, 944.0
184.0, 747.10997259567, 924.0
185.0, 747.10997259567, 922.0
186.0, 747.10997259567, 955.0
187.0, 747.10997259567, 939.0
188.0, 747.10997259567, 916.0
189.0, 747.10997259567, 922.0
190.0, 747.10997259567, 915.0
191.0, 747.10997259567, 930.0
192.0, 747.10997259567, 942.0
193.0, 747.10997259567, 960.0
194.0, 747.10997259567, 947.0
195.0, 747.10997259567, 933.0
196.0, 743.8761490835029, 925.0
197.0, 743.8761490835029, 928.0
198.0, 743.8761490835029, 945.0
199.0, 743.8761490835029, 934.0
200.0, 743.8761490835029, 916.0
201.0, 743.8761490835029, 944.0
202.0, 743.8761490835029, 932.0
203.0, 743.8761490835029, 939.0
204.0, 743.8761490835029, 936.0
205.0, 743.8761490835029, 940.0
206.0, 743.8761490835029, 934.0
207.0, 743.8761490835029, 939.0
208.0, 743.8761490835029, 942.0
209.0, 743.8761490835029, 931.0
210.0, 743.8761490835029, 924.0
211.0, 743.8761490835029, 931.0
212.0, 743.8761490835029, 919.0
213.0, 743.8761490835029, 931.0
214.0, 743.8761490835029, 931.0
215.0, 743.8761490835029, 931.0
216.0, 743.8761490835029, 930.0
217.0, 743.8761490835029, 919.0
218.0, 743.8761490835029, 941.0
219.0, 743.8761490835029, 936.0
220.0, 743.8761490835029, 940.0
221.0, 743.8761490835029, 924.0
222.0, 743.8761490835029, 930.0
223.0, 743.8761490835029, 919.0
224.0, 743.8761490835029, 941.0
225.0, 743.8761490835029, 949.0
226.0, 743.8761490835029, 945.0
227.0, 743.8761490835029, 917.0
228.0, 743.8761490835029, 941.0
229.0, 743.8761490835029, 943.0
230.0, 743.8761490835029, 924.0
231.0, 743.8761490835029, 948.0
232.0, 743.8761490835029, 930.0
233.0, 743.8761490835029, 913.0
234.0, 743.8761490835029, 938.0
235.0, 743.8761490835029, 939.0
236.0, 743.8761490835029, 943.0
237.0, 743.8761490835029, 940.0
238.0, 743.8761490835029, 928.0
239.0, 743.8761490835029, 925.0
240.0, 733.2676764962289, 926.0
241.0, 733.2676764962289, 935.0
242.0, 733.2676764962289, 941.0
243.0, 733.2676764962289, 932.0
244.0, 733.2676764962289, 933.0
245.0, 733.2676764962289, 925.0
246.0, 733.2676764962289, 953.0
247.0, 733.2676764962289, 943.0
248.0, 733.2676764962289, 925.0
249.0, 733.2676764962289, 908.0
250.0, 733.2676764962289, 940.0
251.0, 733.2676764962289, 932.0
252.0, 733.2676764962289, 941.0
253.0, 733.2676764962289, 930.0
254.0, 733.2676764962289, 931.0
255.0, 733.2676764962289, 945.0
256.0, 733.2676764962289, 927.0
257.0, 733.2676764962289, 937.0
258.0, 733.2676764962289, 939.0
259.0, 733.2676764962289, 942.0
260.0, 733.2676764962289, 929.0
261.0, 733.2676764962289, 952.0
262.0, 733.2676764962289, 941.0
263.0, 733.2676764962289, 963.0
264.0, 733.2676764962289, 938.0
265.0, 733.2676764962289, 951.0
266.0, 733.2676764962289, 946.0
267.0, 733.2676764962289, 926.0
268.0, 733.2676764962289, 936.0
269.0, 733.2676764962289, 923.0
270.0, 733.2676764962289, 937.0
271.0, 733.2676764962289, 928.0
272.0, 733.2676764962289, 927.0
273.0, 733.2676764962289, 927.0
274.0, 733.2676764962289, 931.0
275.0, 733.2676764962289, 912.0
276.0, 733.2676764962289, 920.0
277.0, 733.2676764962289, 923.0
278.0, 733.2676764962289, 944.0
279.0, 733.2676764962289, 932.0
280.0, 733.2676764962289, 929.0
281.0, 733.2676764962289, 944.0
282.0, 733.2676764962289, 929.0
283.0, 733.2676764962289, 922.0
284.0, 733.2676764962289, 948.0
285.0, 733.2676764962289, 922.0
286.0, 733.2676764962289, 947.0
287.0, 733.2676764962289, 920.0
288.0, 733.2676764962289, 921.0
289.0, 733.2676764962289, 939.0
290.0, 733.2676764962289, 945.0
291.0, 733.2676764962289, 956.0
292.0, 733.2676764962289, 929.0
293.0, 733.2676764962289, 932.0
294.0, 733.2676764962289, 943.0
295.0, 733.2676764962289, 924.0
296.0, 733.2676764962289, 937.0
297.0, 733.2676764962289, 933.0
298.0, 733.2676764962289, 934.0
299.0, 733.2676764962289, 935.0
300.0, 733.2676764962289, 932.0
301.0, 733.2676764962289, 941.0
302.0, 733.2676764962289, 953.0
303.0, 733.2676764962289, 917.0
304.0, 733.2676764962289, 907.0
305.0, 733.2676764962289, 933.0
306.0, 733.2676764962289, 944.0
307.0, 733.2676764962289, 951.0
308.0, 733.2676764962289, 946.0
309.0, 733.2676764962289, 934.0
310.0, 733.2676764962289, 918.0
311.0, 733.2676764962289, 935.0
312.0, 733.2676764962289, 938.0
313.0, 733.2676764962289, 918.0
314.0, 733.2676764962289, 916.0
315.0, 733.2676764962289, 928.0
316.0, 733.2676764962289, 939.0
317.0, 733.2676764962289, 928.0
318.0, 733.2676764962289, 924.0
319.0, 733.2676764962289, 935.0
320.0, 733.2676764962289, 942.0
321.0, 733.2676764962289, 943.0
322.0, 733.2676764962289, 945.0
323.0, 733.2676764962289, 948.0
324.0, 733.2676764962289, 952.0
325.0, 733.2676764962289, 937.0
326.0, 733.2676764962289, 917.0
327.0, 733.2676764962289, 934.0
328.0, 733.2676764962289, 932.0
329.0, 733.2676764962289, 922.0
330.0, 733.2676764962289, 939.0
331.0, 733.2676764962289, 919.0
332.0, 733.2676764962289, 946.0
333.0, 733.2676764962289, 930.0
334.0, 733.2676764962289, 933.0
335.0, 733.2676764962289, 926.0
336.0, 733.2676764962289, 922.0
337.0, 733.2676764962289, 925.0
338.0, 733.2676764962289, 936.0
339.0, 733.2676764962289, 934.0
340.0, 733.2676764962289, 946.0
341.0, 733.2676764962289, 954.0
342.0, 733.2676764962289, 928.0
343.0, 733.2676764962289, 941.0
344.0, 733.2676764962289, 948.0
345.0, 733.2676764962289, 954.0
346.0, 733.2676764962289, 913.0
347.0, 733.2676764962289, 928.0
348.0, 733.2676764962289, 934.0
349.0, 733.2676764962289, 939.0
350.0, 733.2676764962289, 950.0
351.0, 733.2676764962289, 925.0
352.0, 733.2676764962289, 932.0
353.0, 733.2676764962289, 924.0
354.0, 733.2676764962289, 931.0
355.0, 733.2676764962289, 930.0
356.0, 733.2676764962289, 939.0
357.0, 733.2676764962289, 937.0
358.0, 733.2676764962289, 941.0
359.0, 733.2676764962289, 927.0
360.0, 733.2676764962289, 931.0
361.0, 733.2676764962289, 952.0
362.0, 733.2676764962289, 942.0
363.0, 733.2676764962289, 945.0
364.0, 733.2676764962289, 934.0
365.0, 733.2676764962289, 923.0
366.0, 733.2676764962289, 940.0
367.0, 733.2676764962289, 926.0
368.0, 733.2676764962289, 941.0
369.0, 733.2676764962289, 930.0
370.0, 733.2676764962289, 942.0
371.0, 733.2676764962289, 951.0
372.0, 733.2676764962289, 947.0
373.0, 733.2676764962289, 929.0
374.0, 733.2676764962289, 928.0
375.0, 733.2676764962289, 928.0
376.0, 733.2676764962289, 911.0
377.0, 733.2676764962289, 952.0
378.0, 733.2676764962289, 939.0
379.0, 733.2676764962289, 904.0
380.0, 733.2676764962289, 912.0
381.0, 733.2676764962289, 916.0
382.0, 733.2676764962289, 930.0
383.0, 733.2676764962289, 931.0
384.0, 733.2676764962289, 926.0
385.0, 733.2676764962289, 929.0
386.0, 733.2676764962289, 924.0
387.0, 733.2676764962289, 937.0
388.0, 733.2676764962289, 922.0
389.0, 733.2676764962289, 952.0
390.0, 733.2676764962289, 942.0
391.0, 733.2676764962289, 942.0
392.0, 733.2676764962289, 931.0
393.0, 733.2676764962289, 925.0
394.0, 733.2676764962289, 949.0
395.0, 733.2676764962289, 936.0
396.0, 733.2676764962289, 940.0
397.0, 733.2676764962289, 924.0
398.0, 733.2676764962289, 947.0
399.0, 733.2676764962289, 932.0
400.0, 733.2676764962289, 934.0
401.0, 733.2676764962289, 946.0
402.0, 733.2676764962289, 936.0
403.0, 733.2676764962289, 930.0
404.0, 733.2676764962289, 919.0
405.0, 733.2676764962289, 938.0
406.0, 733.2676764962289, 939.0
407.0, 733.2676764962289, 948.0
408.0, 733.2676764962289, 941.0
409.0, 733.2676764962289, 910.0
410.0, 733.2676764962289, 933.0
411.0, 733.2676764962289, 943.0
412.0, 733.2676764962289, 930.0
413.0, 733.2676764962289, 942.0
414.0, 733.2676764962289, 916.0
415.0, 733.2676764962289, 940.0
416.0, 733.2676764962289, 930.0
417.0, 733.2676764962289, 922.0
418.0, 733.2676764962289, 926.0
419.0, 733.2676764962289, 945.0
420.0, 733.2676764962289, 930.0
421.0, 733.2676764962289, 935.0
422.0, 733.2676764962289, 936.0
423.0, 733.2676764962289, 956.0
424.0, 733.2676764962289, 922.0
425.0, 733.2676764962289, 940.0
426.0, 733.2676764962289, 952.0
427.0, 733.2676764962289, 940.0
428.0, 733.2676764962289, 927.0
429.0, 733.2676764962289, 922.0
430.0, 733.2676764962289, 927.0
431.0, 733.2676764962289, 925.0
432.0, 733.2676764962289, 951.0
433.0, 733.2676764962289, 937.0
434.0, 733.2676764962289, 935.0
435.0, 733.2676764962289, 923.0
436.0, 733.2676764962289, 935.0
437.0, 733.2676764962289, 928.0
438.0, 733.2676764962289, 949.0
439.0, 733.2676764962289, 941.0
440.0, 733.2676764962289, 957.0
441.0, 733.2676764962289, 942.0
442.0, 733.2676764962289, 937.0
443.0, 733.2676764962289, 937.0
444.0, 733.2676764962289, 918.0
445.0, 733.2676764962289, 936.0
446.0, 733.2676764962289, 924.0
447.0, 733.2676764962289, 947.0
448.0, 733.2676764962289, 919.0
449.0, 733.2676764962289, 936.0
450.0, 733.2676764962289, 938.0
451.0, 733.2676764962289, 935.0
452.0, 726.0403852270767, 940.0
453.0, 726.0403852270767, 939.0
454.0, 726.0403852270767, 959.0
455.0, 726.0403852270767, 939.0
456.0, 726.0403852270767, 931.0
457.0, 726.0403852270767, 924.0
458.0, 726.0403852270767, 904.0
459.0, 726.0403852270767, 930.0
460.0, 726.0403852270767, 934.0
461.0, 726.0403852270767, 952.0
462.0, 726.0403852270767, 928.0
463.0, 726.0403852270767, 936.0
464.0, 726.0403852270767, 952.0
465.0, 726.0403852270767, 945.0
466.0, 726.0403852270767, 944.0
467.0, 726.0403852270767, 928.0
468.0, 726.0403852270767, 923.0
469.0, 726.0403852270767, 948.0
470.0, 726.0403852270767, 910.0
471.0, 726.0403852270767, 915.0
472.0, 726.0403852270767, 938.0
473.0, 726.0403852270767, 936.0
474.0, 726.0403852270767, 948.0
475.0, 726.0403852270767, 925.0
476.0, 726.0403852270767, 940.0
477.0, 726.0403852270767, 948.0
478.0, 726.0403852270767, 926.0
479.0, 726.0403852270767, 925.0
480.0, 726.0403852270767, 945.0
481.0, 726.0403852270767, 943.0
482.0, 726.0403852270767, 928.0
483.0, 726.0403852270767, 942.0
484.0, 726.0403852270767, 929.0
485.0, 726.0403852270767, 919.0
486.0, 726.0403852270767, 952.0
487.0, 726.0403852270767, 922.0
488.0, 726.0403852270767, 927.0
489.0, 726.0403852270767, 944.0
490.0, 726.0403852270767, 932.0
491.0, 726.0403852270767, 922.0
492.0, 726.0403852270767, 938.0
493.0, 726.0403852270767, 939.0
494.0, 726.0403852270767, 943.0
495.0, 726.0403852270767, 939.0
496.0, 726.0403852270767, 910.0
497.0, 726.0403852270767, 934.0
498.0, 726.0403852270767, 944.0
499.0, 726.0403852270767, 916.0
500.0, 726.0403852270767, 921.0
501.0, 726.0403852270767, 918.0
502.0, 726.0403852270767, 952.0
503.0, 726.0403852270767, 923.0
504.0, 726.0403852270767, 946.0
505.0, 726.0403852270767, 929.0
506.0, 726.0403852270767, 920.0
507.0, 726.0403852270767, 920.0
508.0, 726.0403852270767, 942.0
509.0, 726.0403852270767, 922.0
510.0, 726.0403852270767, 939.0
511.0, 726.0403852270767, 925.0
512.0, 726.0403852270767, 932.0
513.0, 726.0403852270767, 944.0
514.0, 726.0403852270767, 935.0
515.0, 726.0403852270767, 926.0
516.0, 726.0403852270767, 927.0
517.0, 726.0403852270767, 929.0
518.0, 726.0403852270767, 934.0
519.0, 726.0403852270767, 925.0
520.0, 726.0403852270767, 954.0
521.0, 726.0403852270767, 939.0
522.0, 726.0403852270767, 925.0
523.0, 726.0403852270767, 919.0
524.0, 726.0403852270767, 947.0
525.0, 726.0403852270767, 925.0
526.0, 726.0403852270767, 945.0
527.0, 726.0403852270767, 948.0
528.0, 726.0403852270767, 927.0
529.0, 726.0403852270767, 939.0
530.0, 726.0403852270767, 930.0
531.0, 726.0403852270767, 906.0
532.0, 726.0403852270767, 936.0
533.0, 726.0403852270767, 947.0
534.0, 726.0403852270767, 932.0
535.0, 726.0403852270767, 939.0
536.0, 726.0403852270767, 915.0
537.0, 726.0403852270767, 928.0
538.0, 726.0403852270767, 937.0
539.0, 726.0403852270767, 932.0
540.0, 726.0403852270767, 943.0
541.0, 726.0403852270767, 948.0
542.0, 726.0403852270767, 937.0
543.0, 726.0403852270767, 932.0
544.0, 726.0403852270767, 928.0
545.0, 726.0403852270767, 916.0
546.0, 726.0403852270767, 937.0
547.0, 726.0403852270767, 929.0
548.0, 726.0403852270767, 923.0
549.0, 726.0403852270767, 942.0
550.0, 726.0403852270767, 942.0
551.0, 726.0403852270767, 937.0
552.0, 726.0403852270767, 922.0
553.0, 726.0403852270767, 925.0
554.0, 726.0403852270767, 934.0
555.0, 726.0403852270767, 971.0
556.0, 726.0403852270767, 953.0
557.0, 726.0403852270767, 927.0
558.0, 726.0403852270767, 947.0
559.0, 726.0403852270767, 935.0
560.0, 726.0403852270767, 924.0
561.0, 726.0403852270767, 935.0
562.0, 726.0403852270767, 928.0
563.0, 726.0403852270767, 923.0
564.0, 726.0403852270767, 931.0
565.0, 726.0403852270767, 951.0
566.0, 726.0403852270767, 935.0
567.0, 726.0403852270767, 948.0
568.0, 726.0403852270767, 926.0
569.0, 726.0403852270767, 946.0
570.0, 726.0403852270767, 944.0
571.0, 726.0403852270767, 929.0
572.0, 726.0403852270767, 935.0
573.0, 726.0403852270767, 930.0
574.0, 726.0403852270767, 943.0
575.0, 726.0403852270767, 926.0
576.0, 726.0403852270767, 951.0
577.0, 726.0403852270767, 934.0
578.0, 726.0403852270767, 927.0
579.0, 726.0403852270767, 937.0
580.0, 726.0403852270767, 929.0
581.0, 726.0403852270767, 927.0
582.0, 726.0403852270767, 933.0
583.0, 726.0403852270767, 944.0
584.0, 726.0403852270767, 928.0
585.0, 726.0403852270767, 933.0
586.0, 726.0403852270767, 931.0
587.0, 726.0403852270767, 937.0
588.0, 726.0403852270767, 932.0
589.0, 726.0403852270767, 936.0
590.0, 726.0403852270767, 938.0
591.0, 726.0403852270767, 937.0
592.0, 726.0403852270767, 950.0
593.0, 726.0403852270767, 927.0
594.0, 726.0403852270767, 932.0
595.0, 726.0403852270767, 936.0
596.0, 726.0403852270767, 925.0
597.0, 726.0403852270767, 935.0
598.0, 726.0403852270767, 941.0
599.0, 726.0403852270767, 917.0
600.0, 726.0403852270767, 920.0
601.0, 726.0403852270767, 951.0
602.0, 726.0403852270767, 942.0
603.0, 726.0403852270767, 927.0
604.0, 726.0403852270767, 928.0
605.0, 726.0403852270767, 937.0
606.0, 726.0403852270767, 940.0
607.0, 726.0403852270767, 925.0
608.0, 726.0403852270767, 939.0
609.0, 726.0403852270767, 927.0
610.0, 726.0403852270767, 936.0
611.0, 726.0403852270767, 922.0
612.0, 726.0403852270767, 928.0
613.0, 726.0403852270767, 934.0
614.0, 726.0403852270767, 934.0
615.0, 726.0403852270767, 942.0
616.0, 726.0403852270767, 948.0
617.0, 726.0403852270767, 948.0
618.0, 726.0403852270767, 956.0
619.0, 726.0403852270767, 951.0
620.0, 726.0403852270767, 926.0
621.0, 726.0403852270767, 924.0
622.0, 726.0403852270767, 942.0
623.0, 726.0403852270767, 927.0
624.0, 726.0403852270767, 930.0
625.0, 726.0403852270767, 929.0
626.0, 726.0403852270767, 937.0
627.0, 726.0403852270767, 937.0
628.0, 726.0403852270767, 920.0
629.0, 726.0403852270767, 934.0
630.0, 726.0403852270767, 925.0
631.0, 726.0403852270767, 917.0
632.0, 726.0403852270767, 910.0
633.0, 726.0403852270767, 937.0
634.0, 726.0403852270767, 927.0
635.0, 726.0403852270767, 935.0
636.0, 726.0403852270767, 935.0
637.0, 726.0403852270767, 926.0
638.0, 726.0403852270767, 931.0
639.0, 726.0403852270767, 944.0
640.0, 726.0403852270767, 927.0
641.0, 726.0403852270767, 920.0
642.0, 726.0403852270767, 948.0
643.0, 726.0403852270767, 951.0
644.0, 726.0403852270767, 931.0
645.0, 726.0403852270767, 945.0
646.0, 726.0403852270767, 954.0
647.0, 726.0403852270767, 921.0
648.0, 726.0403852270767, 939.0
649.0, 726.0403852270767, 928.0
650.0, 726.0403852270767, 928.0
651.0, 726.0403852270767, 929.0
652.0, 726.0403852270767, 935.0
653.0, 726.0403852270767, 915.0
654.0, 726.0403852270767, 936.0
655.0, 726.0403852270767, 943.0
656.0, 726.0403852270767, 930.0
657.0, 726.0403852270767, 913.0
658.0, 726.0403852270767, 942.0
659.0, 726.0403852270767, 937.0
660.0, 726.0403852270767, 955.0
661.0, 726.0403852270767, 939.0
662.0, 726.0403852270767, 922.0
663.0, 726.0403852270767, 937.0
664.0, 726.0403852270767, 927.0
665.0, 726.0403852270767, 917.0
666.0, 726.0403852270767, 940.0
667.0, 726.0403852270767, 927.0
668.0, 726.0403852270767, 945.0
669.0, 726.0403852270767, 928.0
670.0, 726.0403852270767, 938.0
671.0, 726.0403852270767, 949.0
672.0, 726.0403852270767, 940.0
673.0, 726.0403852270767, 948.0
674.0, 726.0403852270767, 920.0
675.0, 726.0403852270767, 933.0
676.0, 726.0403852270767, 940.0
677.0, 726.0403852270767, 940.0
678.0, 726.0403852270767, 934.0
679.0, 726.0403852270767, 938.0
680.0, 726.0403852270767, 939.0
681.0, 726.0403852270767, 932.0
682.0, 726.0403852270767, 941.0
683.0, 726.0403852270767, 943.0
684.0, 726.0403852270767, 929.0
685.0, 726.0403852270767, 937.0
686.0, 726.0403852270767, 941.0
687.0, 726.0403852270767, 926.0
688.0, 726.0403852270767, 918.0
689.0, 726.0403852270767, 942.0
690.0, 726.0403852270767, 934.0
691.0, 726.0403852270767, 934.0
692.0, 726.0403852270767, 933.0
693.0, 726.0403852270767, 953.0
694.0, 726.0403852270767, 941.0
695.0, 726.0403852270767, 941.0
696.0, 726.0403852270767, 938.0
697.0, 726.0403852270767, 934.0
698.0, 726.0403852270767, 921.0
699.0, 726.0403852270767, 928.0
700.0, 726.0403852270767, 936.0
701.0, 726.0403852270767, 932.0
702.0, 726.0403852270767, 925.0
703.0, 726.0403852270767, 947.0
704.0, 726.0403852270767, 922.0
705.0, 726.0403852270767, 936.0
706.0, 726.0403852270767, 927.0
707.0, 726.0403852270767, 932.0
708.0, 726.0403852270767, 921.0
709.0, 726.0403852270767, 947.0
710.0, 726.0403852270767, 940.0
711.0, 726.0403852270767, 935.0
712.0, 726.0403852270767, 939.0
713.0, 726.0403852270767, 919.0
714.0, 726.0403852270767, 922.0
715.0, 726.0403852270767, 942.0
716.0, 726.0403852270767, 939.0
717.0, 726.0403852270767, 928.0
718.0, 726.0403852270767, 947.0
719.0, 726.0403852270767, 946.0
720.0, 726.0403852270767, 952.0
721.0, 726.0403852270767, 910.0
722.0, 726.0403852270767, 955.0
723.0, 726.0403852270767, 939.0
724.0, 726.0403852270767, 940.0
725.0, 726.0403852270767, 925.0
726.0, 726.0403852270767, 939.0
727.0, 726.0403852270767, 953.0
728.0, 726.0403852270767, 917.0
729.0, 726.0403852270767, 934.0
730.0, 726.0403852270767, 949.0
731.0, 726.0403852270767, 917.0
732.0, 726.0403852270767, 935.0
733.0, 726.0403852270767, 933.0
734.0, 726.0403852270767, 929.0
735.0, 726.0403852270767, 929.0
736.0, 726.0403852270767, 936.0
737.0, 726.0403852270767, 943.0
738.0, 726.0403852270767, 945.0
739.0, 726.0403852270767, 930.0
740.0, 726.0403852270767, 929.0
741.0, 726.0403852270767, 903.0
742.0, 726.0403852270767, 947.0
743.0, 726.0403852270767, 932.0
744.0, 726.0403852270767, 947.0
745.0, 726.0403852270767, 940.0
746.0, 726.0403852270767, 949.0
747.0, 726.0403852270767, 935.0
748.0, 726.0403852270767, 937.0
749.0, 726.0403852270767, 926.0
750.0, 726.0403852270767, 921.0
751.0, 726.0403852270767, 920.0
752.0, 726.0403852270767, 939.0
753.0, 726.0403852270767, 934.0
754.0, 726.0403852270767, 923.0
755.0, 726.0403852270767, 944.0
756.0, 726.0403852270767, 917.0
757.0, 726.0403852270767, 931.0
758.0, 726.0403852270767, 942.0
759.0, 726.0403852270767, 936.0
760.0, 726.0403852270767, 925.0
761.0, 726.0403852270767, 930.0
762.0, 726.0403852270767, 944.0
763.0, 726.0403852270767, 942.0
764.0, 726.0403852270767, 926.0
765.0, 726.0403852270767, 940.0
766.0, 726.0403852270767, 939.0
767.0, 726.0403852270767, 930.0
768.0, 726.0403852270767, 947.0
769.0, 726.0403852270767, 938.0
770.0, 726.0403852270767, 940.0
771.0, 726.0403852270767, 929.0
772.0, 726.0403852270767, 929.0
773.0, 726.0403852270767, 929.0
774.0, 726.0403852270767, 924.0
775.0, 726.0403852270767, 917.0
776.0, 726.0403852270767, 925.0
777.0, 726.0403852270767, 933.0
778.0, 726.0403852270767, 949.0
779.0, 726.0403852270767, 922.0
780.0, 726.0403852270767, 918.0
781.0, 726.0403852270767, 941.0
782.0, 726.0403852270767, 942.0
783.0, 726.0403852270767, 943.0
784.0, 726.0403852270767, 936.0
785.0, 726.0403852270767, 932.0
786.0, 726.0403852270767, 929.0
787.0, 726.0403852270767, 936.0
788.0, 726.0403852270767, 921.0
789.0, 726.0403852270767, 940.0
790.0, 726.0403852270767, 926.0
791.0, 726.0403852270767, 928.0
792.0, 726.0403852270767, 933.0
793.0, 726.0403852270767, 926.0
794.0, 726.0403852270767, 944.0
795.0, 726.0403852270767, 930.0
796.0, 726.0403852270767, 922.0
797.0, 726.0403852270767, 942.0
798.0, 726.0403852270767, 937.0
799.0, 726.0403852270767, 939.0
800.0, 726.0403852270767, 925.0
801.0, 726.0403852270767, 932.0
802.0, 726.0403852270767, 921.0
803.0, 726.0403852270767, 941.0
804.0, 726.0403852270767, 935.0
805.0, 726.0403852270767, 939.0
806.0, 726.0403852270767, 933.0
807.0, 726.0403852270767, 925.0
808.0, 726.0403852270767, 919.0
809.0, 726.0403852270767, 929.0
810.0, 726.0403852270767, 929.0
811.0, 726.0403852270767, 930.0
812.0, 726.0403852270767, 935.0
813.0, 726.0403852270767, 949.0
814.0, 726.0403852270767, 921.0
815.0, 726.0403852270767, 929.0
816.0, 726.0403852270767, 958.0
817.0, 726.0403852270767, 939.0
818.0, 726.0403852270767, 941.0
819.0, 726.0403852270767, 931.0
820.0, 726.0403852270767, 946.0
821.0, 726.0403852270767, 935.0
822.0, 726.0403852270767, 937.0
823.0, 726.0403852270767, 920.0
824.0, 726.0403852270767, 946.0
825.0, 726.0403852270767, 936.0
826.0, 726.0403852270767, 933.0
827.0, 726.0403852270767, 932.0
828.0, 726.0403852270767, 937.0
829.0, 726.0403852270767, 936.0
830.0, 726.0403852270767, 925.0
831.0, 726.0403852270767, 945.0
832.0, 726.0403852270767, 928.0
833.0, 726.0403852270767, 939.0
834.0, 726.0403852270767, 920.0
835.0, 726.0403852270767, 922.0
836.0, 726.0403852270767, 941.0
837.0, 726.0403852270767, 940.0
838.0, 726.0403852270767, 932.0
839.0, 726.0403852270767, 930.0
840.0, 726.0403852270767, 939.0
841.0, 726.0403852270767, 918.0
842.0, 726.0403852270767, 946.0
843.0, 726.0403852270767, 924.0
844.0, 726.0403852270767, 938.0
845.0, 726.0403852270767, 919.0
846.0, 726.0403852270767, 914.0
847.0, 726.0403852270767, 917.0
848.0, 726.0403852270767, 933.0
849.0, 726.0403852270767, 943.0
850.0, 726.0403852270767, 946.0
851.0, 726.0403852270767, 904.0
852.0, 726.0403852270767, 952.0
853.0, 726.0403852270767, 912.0
854.0, 726.0403852270767, 928.0
855.0, 726.0403852270767, 932.0
856.0, 726.0403852270767, 926.0
857.0, 726.0403852270767, 899.0
858.0, 726.0403852270767, 948.0
859.0, 726.0403852270767, 924.0
860.0, 726.0403852270767, 933.0
861.0, 726.0403852270767, 919.0
862.0, 726.0403852270767, 930.0
863.0, 726.0403852270767, 938.0
864.0, 726.0403852270767, 930.0
865.0, 726.0403852270767, 937.0
866.0, 726.0403852270767, 936.0
867.0, 726.0403852270767, 930.0
868.0, 726.0403852270767, 939.0
869.0, 726.0403852270767, 937.0
870.0, 726.0403852270767, 940.0
871.0, 726.0403852270767, 937.0
872.0, 726.0403852270767, 909.0
873.0, 726.0403852270767, 940.0
874.0, 726.0403852270767, 939.0
875.0, 726.0403852270767, 941.0
876.0, 726.0403852270767, 942.0
877.0, 726.0403852270767, 922.0
878.0, 726.0403852270767, 930.0
879.0, 726.0403852270767, 949.0
880.0, 726.0403852270767, 954.0
881.0, 726.0403852270767, 933.0
882.0, 726.0403852270767, 937.0
883.0, 726.0403852270767, 941.0
884.0, 726.0403852270767, 933.0
885.0, 726.0403852270767, 916.0
886.0, 726.0403852270767, 928.0
887.0, 726.0403852270767, 940.0
888.0, 726.0403852270767, 949.0
889.0, 726.0403852270767, 918.0
890.0, 726.0403852270767, 929.0
891.0, 726.0403852270767, 939.0
892.0, 726.0403852270767, 930.0
893.0, 726.0403852270767, 929.0
894.0, 726.0403852270767, 936.0
895.0, 726.0403852270767, 925.0
896.0, 726.0403852270767, 925.0
897.0, 726.0403852270767, 928.0
898.0, 726.0403852270767, 923.0
899.0, 726.0403852270767, 946.0
900.0, 726.0403852270767, 925.0
901.0, 726.0403852270767, 929.0
902.0, 726.0403852270767, 937.0
903.0, 726.0403852270767, 951.0
904.0, 726.0403852270767, 927.0
905.0, 726.0403852270767, 939.0
906.0, 726.0403852270767, 946.0
907.0, 726.0403852270767, 924.0
908.0, 726.0403852270767, 920.0
909.0, 726.0403852270767, 942.0
910.0, 726.0403852270767, 944.0
911.0, 726.0403852270767, 907.0
912.0, 726.0403852270767, 942.0
913.0, 726.0403852270767, 936.0
914.0, 726.0403852270767, 930.0
915.0, 726.0403852270767, 912.0
916.0, 726.0403852270767, 935.0
917.0, 726.0403852270767, 927.0
918.0, 726.0403852270767, 926.0
919.0, 726.0403852270767, 949.0
920.0, 726.0403852270767, 940.0
921.0, 726.0403852270767, 939.0
922.0, 726.0403852270767, 931.0
923.0, 726.0403852270767, 921.0
924.0, 726.0403852270767, 944.0
925.0, 726.0403852270767, 941.0
926.0, 726.0403852270767, 939.0
927.0, 726.0403852270767, 920.0
928.0, 726.0403852270767, 936.0
929.0, 726.0403852270767, 941.0
930.0, 726.0403852270767, 948.0
931.0, 726.0403852270767, 922.0
932.0, 726.0403852270767, 934.0
933.0, 726.0403852270767, 932.0
934.0, 726.0403852270767, 941.0
935.0, 726.0403852270767, 932.0
936.0, 726.0403852270767, 940.0
937.0, 726.0403852270767, 924.0
938.0, 726.0403852270767, 930.0
939.0, 726.0403852270767, 946.0
940.0, 726.0403852270767, 959.0
941.0, 726.0403852270767, 923.0
942.0, 726.0403852270767, 932.0
943.0, 726.0403852270767, 928.0
944.0, 726.0403852270767, 931.0
945.0, 726.0403852270767, 944.0
946.0, 726.0403852270767, 923.0
947.0, 726.0403852270767, 919.0
948.0, 726.0403852270767, 935.0
949.0, 726.0403852270767, 933.0
950.0, 726.0403852270767, 934.0
951.0, 726.0403852270767, 920.0
952.0, 726.0403852270767, 938.0
953.0, 726.0403852270767, 921.0
954.0, 726.0403852270767, 931.0
955.0, 726.0403852270767, 939.0
956.0, 726.0403852270767, 927.0
957.0, 726.0403852270767, 946.0
958.0, 726.0403852270767, 914.0
959.0, 726.0403852270767, 927.0
960.0, 726.0403852270767, 917.0
961.0, 726.0403852270767, 935.0
962.0, 726.0403852270767, 936.0
963.0, 726.0403852270767, 930.0
964.0, 726.0403852270767, 954.0
965.0, 726.0403852270767, 922.0
966.0, 726.0403852270767, 931.0
967.0, 726.0403852270767, 929.0
968.0, 726.0403852270767, 915.0
969.0, 726.0403852270767, 935.0
970.0, 726.0403852270767, 923.0
971.0, 726.0403852270767, 948.0
972.0, 726.0403852270767, 938.0
973.0, 726.0403852270767, 942.0
974.0, 726.0403852270767, 931.0
975.0, 726.0403852270767, 934.0
976.0, 726.0403852270767, 930.0
977.0, 726.0403852270767, 924.0
978.0, 726.0403852270767, 927.0
979.0, 726.0403852270767, 915.0
980.0, 726.0403852270767, 912.0
981.0, 726.0403852270767, 931.0
982.0, 726.0403852270767, 936.0
983.0, 726.0403852270767, 931.0
984.0, 726.0403852270767, 932.0
985.0, 726.0403852270767, 938.0
986.0, 726.0403852270767, 934.0
987.0, 726.0403852270767, 934.0
988.0, 726.0403852270767, 931.0
989.0, 726.0403852270767, 949.0
990.0, 726.0403852270767, 945.0
991.0, 726.0403852270767, 937.0
992.0, 726.0403852270767, 930.0
993.0, 726.0403852270767, 929.0
994.0, 726.0403852270767, 928.0
995.0, 726.0403852270767, 925.0
996.0, 726.0403852270767, 935.0
997.0, 726.0403852270767, 932.0
998.0, 726.0403852270767, 920.0
999.0, 726.0403852270767, 945.0
1000.0, 726.0403852270767, 925.0
1001.0, 726.0403852270767, 941.0
1002.0, 726.0403852270767, 912.0
1003.0, 726.0403852270767, 921.0
1004.0, 726.0403852270767, 930.0
1005.0, 726.0403852270767, 948.0
1006.0, 726.0403852270767, 913.0
1007.0, 726.0403852270767, 943.0
1008.0, 726.0403852270767, 940.0
1009.0, 726.0403852270767, 951.0
1010.0, 726.0403852270767, 944.0
1011.0, 726.0403852270767, 941.0
1012.0, 726.0403852270767, 924.0
1013.0, 726.0403852270767, 929.0
1014.0, 726.0403852270767, 936.0
1015.0, 726.0403852270767, 957.0
1016.0, 726.0403852270767, 946.0
1017.0, 726.0403852270767, 923.0
1018.0, 726.0403852270767, 919.0
1019.0, 726.0403852270767, 933.0
1020.0, 726.0403852270767, 941.0
1021.0, 726.0403852270767, 930.0
1022.0, 726.0403852270767, 936.0
1023.0, 726.0403852270767, 948.0
1024.0, 726.0403852270767, 926.0
1025.0, 726.0403852270767, 927.0
1026.0, 726.0403852270767, 934.0
1027.0, 726.0403852270767, 936.0
1028.0, 726.0403852270767, 921.0
1029.0, 726.0403852270767, 924.0
1030.0, 726.0403852270767, 935.0
1031.0, 726.0403852270767, 933.0
1032.0, 726.0403852270767, 937.0
1033.0, 726.0403852270767, 909.0
1034.0, 726.0403852270767, 939.0
1035.0, 726.0403852270767, 939.0
1036.0, 726.0403852270767, 934.0
1037.0, 726.0403852270767, 948.0
1038.0, 726.0403852270767, 935.0
1039.0, 726.0403852270767, 913.0
1040.0, 726.0403852270767, 923.0
1041.0, 726.0403852270767, 936.0
1042.0, 726.0403852270767, 923.0
1043.0, 726.0403852270767, 925.0
1044.0, 726.0403852270767, 921.0
1045.0, 726.0403852270767, 953.0
1046.0, 726.0403852270767, 930.0
1047.0, 726.0403852270767, 926.0
1048.0, 726.0403852270767, 924.0
1049.0, 726.0403852270767, 946.0
1050.0, 726.0403852270767, 945.0
1051.0, 726.0403852270767, 936.0
1052.0, 726.0403852270767, 943.0
1053.0, 726.0403852270767, 935.0
1054.0, 726.0403852270767, 935.0
1055.0, 726.0403852270767, 920.0
1056.0, 726.0403852270767, 938.0
1057.0, 726.0403852270767, 928.0
1058.0, 726.0403852270767, 959.0
1059.0, 726.0403852270767, 921.0
1060.0, 726.0403852270767, 917.0
1061.0, 726.0403852270767, 920.0
1062.0, 726.0403852270767, 903.0
1063.0, 726.0403852270767, 941.0
1064.0, 726.0403852270767, 929.0
1065.0, 726.0403852270767, 924.0
1066.0, 726.0403852270767, 933.0
1067.0, 726.0403852270767, 928.0
1068.0, 726.0403852270767, 926.0
1069.0, 726.0403852270767, 936.0
1070.0, 726.0403852270767, 941.0
1071.0, 726.0403852270767, 931.0
1072.0, 726.0403852270767, 928.0
1073.0, 726.0403852270767, 928.0
1074.0, 726.0403852270767, 951.0
1075.0, 726.0403852270767, 942.0
1076.0, 726.0403852270767, 915.0
1077.0, 726.0403852270767, 941.0
1078.0, 726.0403852270767, 912.0
1079.0, 726.0403852270767, 940.0
1080.0, 726.0403852270767, 925.0
1081.0, 726.0403852270767, 961.0
1082.0, 726.0403852270767, 928.0
1083.0, 726.0403852270767, 943.0
1084.0, 726.0403852270767, 933.0
1085.0, 726.0403852270767, 927.0
1086.0, 726.0403852270767, 929.0
1087.0, 726.0403852270767, 955.0
1088.0, 726.0403852270767, 941.0
1089.0, 726.0403852270767, 928.0
1090.0, 726.0403852270767, 933.0
1091.0, 726.0403852270767, 931.0
1092.0, 726.0403852270767, 946.0
1093.0, 726.0403852270767, 938.0
1094.0, 726.0403852270767, 946.0
1095.0, 726.0403852270767, 926.0
1096.0, 726.0403852270767, 939.0
1097.0, 726.0403852270767, 921.0
1098.0, 726.0403852270767, 944.0
1099.0, 726.0403852270767, 931.0
1100.0, 726.0403852270767, 939.0
1101.0, 726.0403852270767, 921.0
1102.0, 726.0403852270767, 918.0
1103.0, 726.0403852270767, 936.0
1104.0, 726.0403852270767, 912.0
1105.0, 726.0403852270767, 928.0
1106.0, 726.0403852270767, 925.0
1107.0, 726.0403852270767, 937.0
1108.0, 726.0403852270767, 933.0
1109.0, 726.0403852270767, 935.0
1110.0, 726.0403852270767, 939.0
1111.0, 726.0403852270767, 922.0
1112.0, 726.0403852270767, 938.0
1113.0, 726.0403852270767, 928.0
1114.0, 726.0403852270767, 916.0
1115.0, 726.0403852270767, 943.0
1116.0, 726.0403852270767, 948.0
1117.0, 726.0403852270767, 932.0
1118.0, 726.0403852270767, 928.0
1119.0, 726.0403852270767, 928.0
1120.0, 726.0403852270767, 929.0
1121.0, 726.0403852270767, 935.0
1122.0, 726.0403852270767, 937.0
1123.0, 726.0403852270767, 927.0
1124.0, 726.0403852270767, 942.0
1125.0, 726.0403852270767, 939.0
1126.0, 726.0403852270767, 917.0
1127.0, 726.0403852270767, 905.0
1128.0, 726.0403852270767, 941.0
1129.0, 726.0403852270767, 941.0
1130.0, 726.0403852270767, 940.0
1131.0, 726.0403852270767, 956.0
1132.0, 726.0403852270767, 933.0
1133.0, 726.0403852270767, 933.0
1134.0, 726.0403852270767, 948.0
1135.0, 726.0403852270767, 927.0
1136.0, 726.0403852270767, 945.0
1137.0, 726.0403852270767, 929.0
1138.0, 726.0403852270767, 922.0
1139.0, 726.0403852270767, 944.0
1140.0, 726.0403852270767, 936.0
1141.0, 726.0403852270767, 926.0
1142.0, 726.0403852270767, 932.0
1143.0, 726.0403852270767, 929.0
1144.0, 726.0403852270767, 938.0
1145.0, 726.0403852270767, 920.0
1146.0, 726.0403852270767, 925.0
1147.0, 726.0403852270767, 927.0
1148.0, 726.0403852270767, 927.0
1149.0, 726.0403852270767, 929.0
1150.0, 726.0403852270767, 936.0
1151.0, 726.0403852270767, 944.0
1152.0, 726.0403852270767, 932.0
1153.0, 726.0403852270767, 941.0
1154.0, 726.0403852270767, 922.0
1155.0, 726.0403852270767, 945.0
1156.0, 726.0403852270767, 940.0
1157.0, 726.0403852270767, 944.0
1158.0, 726.0403852270767, 923.0
1159.0, 726.0403852270767, 929.0
1160.0, 726.0403852270767, 928.0
1161.0, 726.0403852270767, 934.0
1162.0, 726.0403852270767, 918.0
1163.0, 726.0403852270767, 935.0
1164.0, 726.0403852270767, 936.0
1165.0, 726.0403852270767, 903.0
1166.0, 726.0403852270767, 940.0
1167.0, 726.0403852270767, 940.0
1168.0, 726.0403852270767, 937.0
1169.0, 726.0403852270767, 950.0
1170.0, 726.0403852270767, 940.0
1171.0, 726.0403852270767, 920.0
1172.0, 726.0403852270767, 928.0
1173.0, 726.0403852270767, 929.0
1174.0, 726.0403852270767, 935.0
1175.0, 726.0403852270767, 928.0
1176.0, 726.0403852270767, 920.0
1177.0, 726.0403852270767, 920.0
1178.0, 726.0403852270767, 929.0
1179.0, 726.0403852270767, 930.0
1180.0, 726.0403852270767, 927.0
1181.0, 726.0403852270767, 921.0
1182.0, 726.0403852270767, 948.0
1183.0, 726.0403852270767, 926.0
1184.0, 726.0403852270767, 939.0
1185.0, 726.0403852270767, 928.0
1186.0, 726.0403852270767, 920.0
1187.0, 726.0403852270767, 927.0
1188.0, 726.0403852270767, 946.0
1189.0, 726.0403852270767, 925.0
1190.0, 726.0403852270767, 932.0
1191.0, 726.0403852270767, 925.0
1192.0, 726.0403852270767, 925.0
1193.0, 726.0403852270767, 938.0
1194.0, 726.0403852270767, 937.0
1195.0, 726.0403852270767, 933.0
1196.0, 726.0403852270767, 942.0
1197.0, 726.0403852270767, 906.0
1198.0, 726.0403852270767, 931.0
1199.0, 726.0403852270767, 936.0
1200.0, 726.0403852270767, 920.0
1201.0, 726.0403852270767, 919.0
1202.0, 726.0403852270767, 912.0
1203.0, 726.0403852270767, 916.0
1204.0, 726.0403852270767, 930.0
1205.0, 726.0403852270767, 940.0
1206.0, 726.0403852270767, 929.0
1207.0, 726.0403852270767, 939.0
1208.0, 726.0403852270767, 941.0
1209.0, 726.0403852270767, 941.0
1210.0, 726.0403852270767, 955.0
1211.0, 726.0403852270767, 905.0
1212.0, 726.0403852270767, 947.0
1213.0, 726.0403852270767, 922.0
1214.0, 726.0403852270767, 927.0
1215.0, 726.0403852270767, 943.0
1216.0, 726.0403852270767, 936.0
1217.0, 726.0403852270767, 960.0
1218.0, 726.0403852270767, 950.0
1219.0, 726.0403852270767, 936.0
1220.0, 726.0403852270767, 935.0
1221.0, 726.0403852270767, 951.0
1222.0, 726.0403852270767, 917.0
1223.0, 726.0403852270767, 936.0
1224.0, 726.0403852270767, 944.0
1225.0, 726.0403852270767, 948.0
1226.0, 726.0403852270767, 920.0
1227.0, 726.0403852270767, 940.0
1228.0, 726.0403852270767, 949.0
1229.0, 726.0403852270767, 939.0
1230.0, 726.0403852270767, 938.0
1231.0, 726.0403852270767, 938.0
1232.0, 726.0403852270767, 932.0
1233.0, 726.0403852270767, 934.0
1234.0, 726.0403852270767, 923.0
1235.0, 726.0403852270767, 936.0
1236.0, 726.0403852270767, 941.0
1237.0, 726.0403852270767, 911.0
1238.0, 726.0403852270767, 917.0
1239.0, 726.0403852270767, 926.0
1240.0, 726.0403852270767, 934.0
1241.0, 726.0403852270767, 919.0
1242.0, 726.0403852270767, 930.0
1243.0, 726.0403852270767, 933.0
1244.0, 726.0403852270767, 931.0
1245.0, 726.0403852270767, 940.0
1246.0, 726.0403852270767, 929.0
1247.0, 726.0403852270767, 945.0
1248.0, 726.0403852270767, 928.0
1249.0, 726.0403852270767, 928.0
1250.0, 726.0403852270767, 929.0
1251.0, 726.0403852270767, 929.0
1252.0, 726.0403852270767, 928.0
1253.0, 726.0403852270767, 939.0
1254.0, 726.0403852270767, 934.0
1255.0, 726.0403852270767, 938.0
1256.0, 726.0403852270767, 923.0
1257.0, 726.0403852270767, 931.0
1258.0, 726.0403852270767, 935.0
1259.0, 726.0403852270767, 938.0
1260.0, 726.0403852270767, 945.0
1261.0, 726.0403852270767, 923.0
1262.0, 726.0403852270767, 944.0
1263.0, 726.0403852270767, 949.0
1264.0, 726.0403852270767, 931.0
1265.0, 726.0403852270767, 941.0
1266.0, 726.0403852270767, 921.0
1267.0, 726.0403852270767, 937.0
1268.0, 726.0403852270767, 926.0
1269.0, 726.0403852270767, 926.0
1270.0, 726.0403852270767, 941.0
1271.0, 726.0403852270767, 943.0
1272.0, 726.0403852270767, 940.0
1273.0, 726.0403852270767, 938.0
1274.0, 726.0403852270767, 947.0
1275.0, 726.0403852270767, 941.0
1276.0, 726.0403852270767, 918.0
1277.0, 726.0403852270767, 938.0
1278.0, 726.0403852270767, 937.0
1279.0, 726.0403852270767, 930.0
1280.0, 726.0403852270767, 928.0
1281.0, 726.0403852270767, 929.0
1282.0, 726.0403852270767, 934.0
1283.0, 726.0403852270767, 938.0
1284.0, 726.0403852270767, 927.0
1285.0, 726.0403852270767, 937.0
1286.0, 726.0403852270767, 918.0
1287.0, 726.0403852270767, 938.0
1288.0, 726.0403852270767, 949.0
1289.0, 726.0403852270767, 931.0
1290.0, 726.0403852270767, 944.0
1291.0, 726.0403852270767, 921.0
1292.0, 726.0403852270767, 932.0
1293.0, 726.0403852270767, 926.0
1294.0, 726.0403852270767, 928.0
1295.0, 726.0403852270767, 915.0
1296.0, 726.0403852270767, 936.0
1297.0, 726.0403852270767, 935.0
1298.0, 726.0403852270767, 926.0
1299.0, 726.0403852270767, 935.0
1300.0, 726.0403852270767, 942.0
1301.0, 726.0403852270767, 923.0
1302.0, 726.0403852270767, 926.0
1303.0, 726.0403852270767, 942.0
1304.0, 726.0403852270767, 934.0
1305.0, 726.0403852270767, 929.0
1306.0, 726.0403852270767, 921.0
1307.0, 726.0403852270767, 938.0
1308.0, 726.0403852270767, 926.0
1309.0, 726.0403852270767, 937.0
1310.0, 726.0403852270767, 938.0
1311.0, 726.0403852270767, 927.0
1312.0, 726.0403852270767, 911.0
1313.0, 726.0403852270767, 903.0
1314.0, 726.0403852270767, 936.0
1315.0, 726.0403852270767, 949.0
1316.0, 726.0403852270767, 938.0
1317.0, 726.0403852270767, 950.0
1318.0, 726.0403852270767, 935.0
1319.0, 726.0403852270767, 936.0
1320.0, 726.0403852270767, 917.0
1321.0, 726.0403852270767, 927.0
1322.0, 726.0403852270767, 920.0
1323.0, 726.0403852270767, 934.0
1324.0, 726.0403852270767, 930.0
1325.0, 726.0403852270767, 917.0
1326.0, 726.0403852270767, 921.0
1327.0, 726.0403852270767, 923.0
1328.0, 726.0403852270767, 937.0
1329.0, 726.0403852270767, 948.0
1330.0, 726.0403852270767, 933.0
1331.0, 726.0403852270767, 945.0
1332.0, 726.0403852270767, 932.0
1333.0, 726.0403852270767, 939.0
1334.0, 726.0403852270767, 945.0
1335.0, 726.0403852270767, 932.0
1336.0, 726.0403852270767, 920.0
1337.0, 726.0403852270767, 927.0
1338.0, 726.0403852270767, 927.0
1339.0, 726.0403852270767, 930.0
