14-Nov-2014 12:37:37
RngSeed: 1415968656909
DistanceWeight: 3.0
Evaporation: 0.5
NumAnts: 40
NumCities: 20
PheromoneAmount: 1.0
PheromoneWeight: 1.0
XSize: 150
YSize: 150

"tick", "Best Path Length", "Avg. Path Length"
1.0, 617.0752163936605, 767.0
2.0, 614.4795568449681, 706.0
3.0, 594.0173228608284, 688.0
4.0, 556.4207134062331, 676.0
5.0, 556.4207134062331, 685.0
6.0, 556.4207134062331, 670.0
7.0, 556.4207134062331, 674.0
8.0, 556.4207134062331, 690.0
9.0, 556.4207134062331, 667.0
10.0, 556.4207134062331, 672.0
11.0, 556.4207134062331, 672.0
12.0, 552.1466535044839, 662.0
13.0, 552.1466535044839, 661.0
14.0, 552.1466535044839, 661.0
15.0, 552.1466535044839, 667.0
16.0, 552.1466535044839, 664.0
17.0, 552.1466535044839, 662.0
18.0, 552.1466535044839, 663.0
19.0, 552.1466535044839, 673.0
20.0, 552.1466535044839, 648.0
21.0, 552.1466535044839, 670.0
22.0, 552.1466535044839, 663.0
23.0, 552.1466535044839, 653.0
24.0, 552.1466535044839, 665.0
25.0, 552.1466535044839, 648.0
26.0, 552.1466535044839, 655.0
27.0, 552.1466535044839, 666.0
28.0, 552.1466535044839, 651.0
29.0, 552.1466535044839, 661.0
30.0, 552.1466535044839, 654.0
31.0, 552.1466535044839, 648.0
32.0, 552.1466535044839, 656.0
33.0, 552.1466535044839, 664.0
34.0, 552.1466535044839, 660.0
35.0, 552.1466535044839, 656.0
36.0, 552.1466535044839, 665.0
37.0, 552.1466535044839, 661.0
38.0, 552.1466535044839, 656.0
39.0, 552.1466535044839, 646.0
40.0, 545.9123028125201, 654.0
41.0, 545.9123028125201, 677.0
42.0, 545.9123028125201, 656.0
43.0, 545.9123028125201, 672.0
44.0, 545.9123028125201, 671.0
45.0, 545.9123028125201, 659.0
46.0, 545.9123028125201, 654.0
47.0, 545.9123028125201, 657.0
48.0, 545.9123028125201, 650.0
49.0, 545.9123028125201, 654.0
50.0, 545.9123028125201, 676.0
51.0, 545.9123028125201, 652.0
52.0, 545.9123028125201, 650.0
53.0, 545.9123028125201, 668.0
54.0, 545.9123028125201, 660.0
55.0, 545.9123028125201, 668.0
56.0, 545.9123028125201, 654.0
57.0, 545.9123028125201, 654.0
58.0, 545.9123028125201, 658.0
59.0, 545.9123028125201, 664.0
60.0, 545.9123028125201, 658.0
61.0, 545.9123028125201, 653.0
62.0, 545.9123028125201, 660.0
63.0, 545.9123028125201, 666.0
64.0, 545.9123028125201, 662.0
65.0, 545.9123028125201, 665.0
66.0, 545.9123028125201, 654.0
67.0, 545.9123028125201, 671.0
68.0, 545.9123028125201, 653.0
69.0, 545.9123028125201, 663.0
70.0, 545.9123028125201, 666.0
71.0, 545.9123028125201, 668.0
72.0, 545.9123028125201, 669.0
73.0, 545.9123028125201, 672.0
74.0, 545.9123028125201, 667.0
75.0, 545.9123028125201, 671.0
76.0, 545.9123028125201, 665.0
77.0, 545.9123028125201, 670.0
78.0, 545.9123028125201, 654.0
79.0, 545.9123028125201, 665.0
80.0, 545.9123028125201, 670.0
81.0, 545.9123028125201, 661.0
82.0, 545.9123028125201, 652.0
83.0, 545.9123028125201, 664.0
84.0, 545.9123028125201, 659.0
85.0, 545.9123028125201, 662.0
86.0, 545.9123028125201, 656.0
87.0, 545.9123028125201, 653.0
88.0, 545.9123028125201, 660.0
89.0, 545.9123028125201, 648.0
90.0, 545.9123028125201, 658.0
91.0, 545.9123028125201, 671.0
92.0, 545.9123028125201, 659.0
93.0, 545.9123028125201, 668.0
94.0, 545.9123028125201, 675.0
95.0, 545.9123028125201, 663.0
96.0, 545.9123028125201, 665.0
97.0, 545.9123028125201, 664.0
98.0, 545.9123028125201, 669.0
99.0, 545.9123028125201, 650.0
100.0, 545.9123028125201, 667.0
101.0, 545.9123028125201, 659.0
102.0, 545.9123028125201, 662.0
103.0, 545.9123028125201, 666.0
104.0, 545.9123028125201, 657.0
105.0, 545.9123028125201, 659.0
106.0, 545.9123028125201, 659.0
107.0, 545.9123028125201, 649.0
108.0, 545.9123028125201, 668.0
109.0, 545.9123028125201, 657.0
110.0, 545.9123028125201, 666.0
111.0, 545.9123028125201, 668.0
112.0, 545.9123028125201, 654.0
113.0, 545.9123028125201, 662.0
114.0, 545.9123028125201, 663.0
115.0, 545.9123028125201, 663.0
116.0, 545.9123028125201, 679.0
117.0, 545.9123028125201, 668.0
118.0, 545.9123028125201, 652.0
119.0, 545.9123028125201, 656.0
120.0, 545.9123028125201, 652.0
121.0, 545.9123028125201, 650.0
122.0, 545.9123028125201, 653.0
123.0, 545.9123028125201, 680.0
124.0, 545.9123028125201, 673.0
125.0, 545.9123028125201, 656.0
126.0, 545.9123028125201, 662.0
127.0, 545.9123028125201, 649.0
128.0, 545.9123028125201, 663.0
129.0, 545.9123028125201, 648.0
130.0, 545.9123028125201, 653.0
131.0, 545.9123028125201, 661.0
132.0, 545.9123028125201, 649.0
133.0, 545.9123028125201, 652.0
134.0, 545.9123028125201, 661.0
135.0, 545.9123028125201, 664.0
136.0, 545.9123028125201, 660.0
137.0, 545.9123028125201, 661.0
138.0, 545.9123028125201, 665.0
139.0, 545.9123028125201, 660.0
140.0, 545.9123028125201, 668.0
141.0, 545.9123028125201, 662.0
142.0, 545.9123028125201, 665.0
143.0, 545.9123028125201, 669.0
144.0, 545.9123028125201, 663.0
145.0, 545.9123028125201, 662.0
146.0, 545.9123028125201, 656.0
147.0, 545.9123028125201, 661.0
148.0, 545.9123028125201, 646.0
149.0, 545.9123028125201, 657.0
150.0, 545.9123028125201, 654.0
151.0, 545.9123028125201, 652.0
152.0, 545.9123028125201, 650.0
153.0, 545.9123028125201, 651.0
154.0, 545.9123028125201, 649.0
155.0, 545.9123028125201, 673.0
156.0, 545.9123028125201, 667.0
157.0, 545.9123028125201, 662.0
158.0, 545.9123028125201, 662.0
159.0, 545.9123028125201, 656.0
160.0, 545.9123028125201, 656.0
161.0, 545.9123028125201, 684.0
162.0, 545.9123028125201, 665.0
163.0, 545.9123028125201, 663.0
164.0, 545.9123028125201, 672.0
165.0, 545.9123028125201, 647.0
166.0, 545.9123028125201, 667.0
167.0, 545.9123028125201, 662.0
168.0, 545.9123028125201, 660.0
169.0, 545.9123028125201, 674.0
170.0, 545.9123028125201, 667.0
171.0, 545.9123028125201, 669.0
172.0, 545.9123028125201, 658.0
173.0, 545.9123028125201, 660.0
174.0, 545.9123028125201, 666.0
175.0, 545.9123028125201, 664.0
176.0, 545.9123028125201, 661.0
177.0, 545.9123028125201, 644.0
178.0, 545.9123028125201, 650.0
179.0, 545.9123028125201, 652.0
180.0, 545.9123028125201, 640.0
181.0, 545.9123028125201, 649.0
182.0, 545.9123028125201, 651.0
183.0, 545.9123028125201, 659.0
184.0, 545.9123028125201, 670.0
185.0, 545.9123028125201, 655.0
186.0, 545.9123028125201, 666.0
187.0, 545.9123028125201, 673.0
188.0, 545.9123028125201, 660.0
189.0, 545.9123028125201, 648.0
190.0, 545.9123028125201, 670.0
191.0, 545.9123028125201, 666.0
192.0, 545.9123028125201, 665.0
193.0, 545.9123028125201, 669.0
194.0, 545.9123028125201, 666.0
195.0, 545.9123028125201, 660.0
196.0, 545.9123028125201, 666.0
197.0, 545.9123028125201, 653.0
198.0, 545.9123028125201, 682.0
199.0, 545.9123028125201, 672.0
200.0, 545.9123028125201, 656.0
201.0, 545.9123028125201, 656.0
202.0, 545.9123028125201, 655.0
203.0, 545.9123028125201, 668.0
204.0, 545.9123028125201, 662.0
205.0, 545.9123028125201, 654.0
206.0, 545.9123028125201, 668.0
207.0, 545.9123028125201, 659.0
208.0, 545.9123028125201, 674.0
209.0, 545.9123028125201, 669.0
210.0, 545.9123028125201, 672.0
211.0, 545.9123028125201, 666.0
212.0, 545.9123028125201, 678.0
213.0, 545.9123028125201, 662.0
214.0, 545.9123028125201, 667.0
215.0, 545.9123028125201, 661.0
216.0, 545.9123028125201, 656.0
217.0, 545.9123028125201, 659.0
218.0, 545.9123028125201, 651.0
219.0, 545.9123028125201, 645.0
220.0, 545.9123028125201, 655.0
221.0, 545.9123028125201, 645.0
222.0, 545.9123028125201, 662.0
223.0, 545.9123028125201, 650.0
224.0, 545.9123028125201, 651.0
225.0, 545.9123028125201, 655.0
226.0, 545.9123028125201, 660.0
227.0, 545.9123028125201, 662.0
228.0, 545.9123028125201, 660.0
229.0, 545.9123028125201, 665.0
230.0, 545.9123028125201, 653.0
231.0, 545.9123028125201, 651.0
232.0, 545.9123028125201, 657.0
233.0, 545.9123028125201, 672.0
234.0, 545.9123028125201, 665.0
235.0, 545.9123028125201, 682.0
236.0, 545.9123028125201, 671.0
237.0, 545.9123028125201, 668.0
238.0, 545.9123028125201, 664.0
239.0, 545.9123028125201, 660.0
240.0, 545.9123028125201, 666.0
241.0, 545.9123028125201, 658.0
242.0, 545.9123028125201, 660.0
243.0, 545.9123028125201, 647.0
244.0, 545.9123028125201, 657.0
245.0, 545.9123028125201, 664.0
246.0, 545.9123028125201, 666.0
247.0, 545.9123028125201, 673.0
248.0, 545.9123028125201, 667.0
249.0, 545.9123028125201, 692.0
250.0, 545.9123028125201, 652.0
251.0, 545.9123028125201, 663.0
252.0, 545.9123028125201, 664.0
253.0, 545.9123028125201, 660.0
254.0, 545.9123028125201, 667.0
255.0, 545.9123028125201, 665.0
256.0, 545.9123028125201, 675.0
257.0, 545.9123028125201, 666.0
258.0, 545.9123028125201, 667.0
259.0, 545.9123028125201, 656.0
260.0, 545.9123028125201, 661.0
261.0, 545.9123028125201, 653.0
262.0, 545.9123028125201, 661.0
263.0, 545.9123028125201, 674.0
264.0, 545.9123028125201, 654.0
265.0, 545.9123028125201, 653.0
266.0, 545.9123028125201, 665.0
267.0, 545.9123028125201, 656.0
268.0, 545.9123028125201, 649.0
269.0, 545.9123028125201, 653.0
270.0, 545.9123028125201, 668.0
271.0, 545.9123028125201, 669.0
272.0, 545.9123028125201, 647.0
273.0, 545.9123028125201, 658.0
274.0, 545.9123028125201, 668.0
275.0, 545.9123028125201, 669.0
276.0, 545.9123028125201, 667.0
277.0, 545.9123028125201, 667.0
278.0, 545.9123028125201, 660.0
279.0, 545.9123028125201, 667.0
280.0, 545.9123028125201, 668.0
281.0, 545.9123028125201, 674.0
282.0, 545.9123028125201, 667.0
283.0, 545.9123028125201, 678.0
284.0, 545.9123028125201, 673.0
285.0, 545.9123028125201, 656.0
286.0, 545.9123028125201, 663.0
287.0, 545.9123028125201, 671.0
288.0, 545.9123028125201, 665.0
289.0, 545.9123028125201, 663.0
290.0, 545.9123028125201, 680.0
291.0, 545.9123028125201, 654.0
292.0, 545.9123028125201, 656.0
293.0, 545.9123028125201, 654.0
294.0, 545.9123028125201, 653.0
295.0, 545.9123028125201, 656.0
296.0, 545.9123028125201, 669.0
297.0, 545.9123028125201, 648.0
298.0, 545.9123028125201, 661.0
299.0, 545.9123028125201, 656.0
300.0, 545.9123028125201, 662.0
301.0, 545.9123028125201, 663.0
302.0, 545.9123028125201, 666.0
303.0, 545.9123028125201, 649.0
304.0, 545.9123028125201, 656.0
305.0, 545.9123028125201, 671.0
306.0, 545.9123028125201, 659.0
307.0, 545.9123028125201, 661.0
308.0, 545.9123028125201, 673.0
309.0, 545.9123028125201, 649.0
310.0, 545.9123028125201, 666.0
311.0, 545.9123028125201, 669.0
312.0, 545.9123028125201, 668.0
313.0, 545.9123028125201, 678.0
314.0, 545.9123028125201, 661.0
315.0, 545.9123028125201, 646.0
316.0, 545.9123028125201, 674.0
317.0, 545.9123028125201, 661.0
318.0, 545.9123028125201, 663.0
319.0, 545.9123028125201, 665.0
320.0, 545.9123028125201, 655.0
321.0, 545.9123028125201, 668.0
322.0, 545.9123028125201, 647.0
323.0, 545.9123028125201, 663.0
324.0, 545.9123028125201, 685.0
325.0, 545.9123028125201, 665.0
326.0, 545.9123028125201, 645.0
327.0, 545.9123028125201, 656.0
328.0, 545.9123028125201, 662.0
329.0, 545.9123028125201, 670.0
330.0, 545.9123028125201, 667.0
331.0, 545.9123028125201, 662.0
332.0, 545.9123028125201, 667.0
333.0, 545.9123028125201, 672.0
334.0, 545.9123028125201, 665.0
335.0, 545.9123028125201, 666.0
336.0, 545.9123028125201, 661.0
337.0, 545.9123028125201, 680.0
338.0, 545.9123028125201, 665.0
339.0, 545.9123028125201, 673.0
340.0, 539.1689829120622, 659.0
341.0, 539.1689829120622, 663.0
342.0, 539.1689829120622, 677.0
343.0, 539.1689829120622, 672.0
344.0, 539.1689829120622, 679.0
345.0, 539.1689829120622, 670.0
346.0, 539.1689829120622, 659.0
347.0, 539.1689829120622, 668.0
348.0, 539.1689829120622, 669.0
349.0, 539.1689829120622, 663.0
350.0, 539.1689829120622, 660.0
351.0, 539.1689829120622, 664.0
352.0, 539.1689829120622, 670.0
353.0, 539.1689829120622, 669.0
354.0, 539.1689829120622, 655.0
355.0, 539.1689829120622, 663.0
356.0, 539.1689829120622, 655.0
357.0, 539.1689829120622, 660.0
358.0, 539.1689829120622, 662.0
359.0, 539.1689829120622, 661.0
360.0, 539.1689829120622, 672.0
361.0, 539.1689829120622, 671.0
362.0, 539.1689829120622, 669.0
363.0, 539.1689829120622, 673.0
364.0, 539.1689829120622, 672.0
365.0, 539.1689829120622, 661.0
366.0, 539.1689829120622, 671.0
367.0, 539.1689829120622, 665.0
368.0, 539.1689829120622, 660.0
369.0, 539.1689829120622, 662.0
370.0, 539.1689829120622, 668.0
371.0, 539.1689829120622, 677.0
372.0, 539.1689829120622, 673.0
373.0, 539.1689829120622, 680.0
374.0, 539.1689829120622, 672.0
375.0, 539.1689829120622, 673.0
376.0, 539.1689829120622, 665.0
377.0, 539.1689829120622, 671.0
378.0, 539.1689829120622, 667.0
379.0, 539.1689829120622, 671.0
380.0, 539.1689829120622, 664.0
381.0, 539.1689829120622, 674.0
382.0, 539.1689829120622, 676.0
383.0, 539.1689829120622, 670.0
384.0, 539.1689829120622, 663.0
385.0, 539.1689829120622, 656.0
386.0, 539.1689829120622, 666.0
387.0, 539.1689829120622, 665.0
388.0, 539.1689829120622, 663.0
389.0, 539.1689829120622, 650.0
390.0, 539.1689829120622, 666.0
391.0, 539.1689829120622, 676.0
392.0, 539.1689829120622, 670.0
393.0, 539.1689829120622, 663.0
394.0, 539.1689829120622, 665.0
395.0, 539.1689829120622, 662.0
396.0, 539.1689829120622, 666.0
397.0, 539.1689829120622, 655.0
398.0, 539.1689829120622, 666.0
399.0, 539.1689829120622, 645.0
400.0, 539.1689829120622, 658.0
401.0, 539.1689829120622, 656.0
402.0, 539.1689829120622, 663.0
403.0, 539.1689829120622, 661.0
404.0, 539.1689829120622, 666.0
405.0, 539.1689829120622, 666.0
406.0, 539.1689829120622, 672.0
407.0, 539.1689829120622, 668.0
408.0, 539.1689829120622, 671.0
409.0, 539.1689829120622, 654.0
410.0, 539.1689829120622, 660.0
411.0, 539.1689829120622, 653.0
412.0, 539.1689829120622, 667.0
413.0, 539.1689829120622, 658.0
414.0, 539.1689829120622, 653.0
415.0, 539.1689829120622, 645.0
416.0, 539.1689829120622, 668.0
417.0, 539.1689829120622, 665.0
418.0, 539.1689829120622, 658.0
419.0, 539.1689829120622, 661.0
420.0, 539.1689829120622, 660.0
421.0, 539.1689829120622, 666.0
422.0, 539.1689829120622, 675.0
423.0, 539.1689829120622, 665.0
424.0, 539.1689829120622, 679.0
425.0, 539.1689829120622, 679.0
426.0, 539.1689829120622, 677.0
427.0, 539.1689829120622, 665.0
428.0, 539.1689829120622, 668.0
429.0, 539.1689829120622, 662.0
430.0, 539.1689829120622, 664.0
431.0, 539.1689829120622, 657.0
432.0, 539.1689829120622, 651.0
433.0, 539.1689829120622, 661.0
434.0, 539.1689829120622, 671.0
435.0, 539.1689829120622, 655.0
436.0, 539.1689829120622, 672.0
437.0, 539.1689829120622, 658.0
438.0, 539.1689829120622, 668.0
439.0, 539.1689829120622, 648.0
440.0, 539.1689829120622, 661.0
441.0, 539.1689829120622, 664.0
442.0, 539.1689829120622, 654.0
443.0, 539.1689829120622, 662.0
444.0, 539.1689829120622, 653.0
445.0, 539.1689829120622, 662.0
446.0, 539.1689829120622, 658.0
447.0, 539.1689829120622, 668.0
448.0, 539.1689829120622, 666.0
449.0, 539.1689829120622, 665.0
450.0, 539.1689829120622, 663.0
451.0, 539.1689829120622, 664.0
452.0, 539.1689829120622, 683.0
453.0, 539.1689829120622, 647.0
454.0, 539.1689829120622, 656.0
455.0, 539.1689829120622, 659.0
456.0, 539.1689829120622, 665.0
457.0, 539.1689829120622, 662.0
458.0, 539.1689829120622, 660.0
459.0, 539.1689829120622, 660.0
460.0, 539.1689829120622, 647.0
461.0, 539.1689829120622, 660.0
462.0, 539.1689829120622, 679.0
463.0, 539.1689829120622, 663.0
464.0, 539.1689829120622, 657.0
465.0, 539.1689829120622, 663.0
466.0, 539.1689829120622, 674.0
467.0, 539.1689829120622, 653.0
468.0, 539.1689829120622, 661.0
469.0, 539.1689829120622, 658.0
470.0, 539.1689829120622, 650.0
471.0, 539.1689829120622, 672.0
472.0, 539.1689829120622, 653.0
473.0, 539.1689829120622, 671.0
474.0, 539.1689829120622, 668.0
475.0, 539.1689829120622, 661.0
476.0, 539.1689829120622, 659.0
477.0, 539.1689829120622, 671.0
478.0, 539.1689829120622, 671.0
479.0, 539.1689829120622, 660.0
480.0, 539.1689829120622, 676.0
481.0, 539.1689829120622, 668.0
482.0, 539.1689829120622, 669.0
483.0, 539.1689829120622, 669.0
484.0, 539.1689829120622, 658.0
485.0, 539.1689829120622, 663.0
486.0, 539.1689829120622, 667.0
487.0, 539.1689829120622, 668.0
488.0, 539.1689829120622, 667.0
489.0, 539.1689829120622, 653.0
490.0, 539.1689829120622, 657.0
491.0, 539.1689829120622, 649.0
492.0, 539.1689829120622, 669.0
493.0, 539.1689829120622, 679.0
494.0, 539.1689829120622, 664.0
495.0, 539.1689829120622, 679.0
496.0, 539.1689829120622, 668.0
497.0, 539.1689829120622, 653.0
498.0, 539.1689829120622, 663.0
499.0, 539.1689829120622, 672.0
500.0, 539.1689829120622, 670.0
501.0, 539.1689829120622, 658.0
502.0, 539.1689829120622, 678.0
503.0, 539.1689829120622, 665.0
504.0, 539.1689829120622, 654.0
505.0, 539.1689829120622, 676.0
506.0, 539.1689829120622, 663.0
507.0, 539.1689829120622, 652.0
508.0, 539.1689829120622, 661.0
509.0, 539.1689829120622, 665.0
510.0, 539.1689829120622, 666.0
511.0, 539.1689829120622, 674.0
512.0, 539.1689829120622, 672.0
513.0, 539.1689829120622, 673.0
514.0, 539.1689829120622, 666.0
515.0, 539.1689829120622, 670.0
516.0, 539.1689829120622, 658.0
517.0, 539.1689829120622, 672.0
518.0, 539.1689829120622, 678.0
519.0, 539.1689829120622, 665.0
520.0, 539.1689829120622, 667.0
521.0, 539.1689829120622, 676.0
522.0, 539.1689829120622, 669.0
523.0, 539.1689829120622, 680.0
524.0, 539.1689829120622, 679.0
525.0, 539.1689829120622, 672.0
526.0, 539.1689829120622, 659.0
527.0, 539.1689829120622, 673.0
528.0, 539.1689829120622, 673.0
529.0, 539.1689829120622, 659.0
530.0, 539.1689829120622, 663.0
531.0, 539.1689829120622, 665.0
532.0, 539.1689829120622, 667.0
533.0, 539.1689829120622, 666.0
534.0, 539.1689829120622, 657.0
535.0, 539.1689829120622, 648.0
536.0, 539.1689829120622, 659.0
537.0, 539.1689829120622, 661.0
538.0, 539.1689829120622, 655.0
539.0, 539.1689829120622, 665.0
540.0, 539.1689829120622, 661.0
541.0, 539.1689829120622, 663.0
542.0, 539.1689829120622, 652.0
543.0, 539.1689829120622, 668.0
544.0, 539.1689829120622, 654.0
545.0, 539.1689829120622, 667.0
546.0, 539.1689829120622, 656.0
547.0, 539.1689829120622, 662.0
548.0, 539.1689829120622, 658.0
549.0, 539.1689829120622, 660.0
550.0, 539.1689829120622, 651.0
551.0, 539.1689829120622, 668.0
552.0, 539.1689829120622, 671.0
553.0, 539.1689829120622, 664.0
554.0, 539.1689829120622, 647.0
555.0, 539.1689829120622, 658.0
556.0, 539.1689829120622, 644.0
557.0, 539.1689829120622, 660.0
558.0, 539.1689829120622, 673.0
559.0, 539.1689829120622, 662.0
560.0, 539.1689829120622, 669.0
561.0, 539.1689829120622, 651.0
562.0, 539.1689829120622, 664.0
563.0, 539.1689829120622, 663.0
564.0, 539.1689829120622, 661.0
565.0, 539.1689829120622, 653.0
566.0, 539.1689829120622, 656.0
567.0, 539.1689829120622, 671.0
568.0, 539.1689829120622, 669.0
569.0, 539.1689829120622, 669.0
570.0, 539.1689829120622, 676.0
571.0, 539.1689829120622, 650.0
572.0, 539.1689829120622, 660.0
573.0, 539.1689829120622, 672.0
574.0, 539.1689829120622, 668.0
575.0, 539.1689829120622, 662.0
576.0, 539.1689829120622, 668.0
577.0, 539.1689829120622, 675.0
578.0, 539.1689829120622, 673.0
579.0, 539.1689829120622, 675.0
580.0, 539.1689829120622, 682.0
581.0, 539.1689829120622, 664.0
582.0, 539.1689829120622, 674.0
583.0, 539.1689829120622, 668.0
584.0, 539.1689829120622, 672.0
585.0, 539.1689829120622, 659.0
586.0, 539.1689829120622, 678.0
587.0, 539.1689829120622, 670.0
588.0, 539.1689829120622, 661.0
589.0, 539.1689829120622, 669.0
590.0, 539.1689829120622, 679.0
591.0, 539.1689829120622, 661.0
592.0, 539.1689829120622, 663.0
593.0, 539.1689829120622, 672.0
594.0, 539.1689829120622, 667.0
595.0, 539.1689829120622, 680.0
596.0, 539.1689829120622, 660.0
597.0, 539.1689829120622, 674.0
598.0, 539.1689829120622, 657.0
599.0, 539.1689829120622, 667.0
600.0, 539.1689829120622, 668.0
601.0, 539.1689829120622, 675.0
602.0, 539.1689829120622, 674.0
603.0, 539.1689829120622, 670.0
604.0, 539.1689829120622, 671.0
605.0, 539.1689829120622, 678.0
606.0, 539.1689829120622, 664.0
607.0, 539.1689829120622, 656.0
608.0, 539.1689829120622, 671.0
609.0, 539.1689829120622, 668.0
610.0, 539.1689829120622, 663.0
611.0, 539.1689829120622, 668.0
612.0, 539.1689829120622, 679.0
613.0, 539.1689829120622, 667.0
614.0, 539.1689829120622, 647.0
615.0, 539.1689829120622, 674.0
616.0, 539.1689829120622, 686.0
617.0, 539.1689829120622, 672.0
618.0, 539.1689829120622, 674.0
619.0, 539.1689829120622, 664.0
620.0, 539.1689829120622, 652.0
621.0, 539.1689829120622, 669.0
622.0, 539.1689829120622, 665.0
623.0, 539.1689829120622, 673.0
624.0, 539.1689829120622, 660.0
625.0, 539.1689829120622, 666.0
626.0, 539.1689829120622, 651.0
627.0, 539.1689829120622, 668.0
628.0, 539.1689829120622, 664.0
629.0, 539.1689829120622, 646.0
630.0, 539.1689829120622, 664.0
631.0, 539.1689829120622, 652.0
632.0, 539.1689829120622, 666.0
633.0, 539.1689829120622, 672.0
634.0, 539.1689829120622, 681.0
635.0, 539.1689829120622, 665.0
636.0, 539.1689829120622, 666.0
637.0, 539.1689829120622, 644.0
638.0, 539.1689829120622, 658.0
639.0, 539.1689829120622, 670.0
640.0, 539.1689829120622, 665.0
641.0, 539.1689829120622, 653.0
642.0, 539.1689829120622, 652.0
643.0, 539.1689829120622, 665.0
644.0, 539.1689829120622, 660.0
645.0, 539.1689829120622, 666.0
646.0, 539.1689829120622, 662.0
647.0, 539.1689829120622, 666.0
648.0, 539.1689829120622, 663.0
649.0, 539.1689829120622, 651.0
650.0, 539.1689829120622, 662.0
651.0, 539.1689829120622, 684.0
652.0, 539.1689829120622, 669.0
653.0, 539.1689829120622, 660.0
654.0, 539.1689829120622, 665.0
655.0, 539.1689829120622, 662.0
656.0, 539.1689829120622, 648.0
657.0, 539.1689829120622, 657.0
658.0, 539.1689829120622, 657.0
659.0, 539.1689829120622, 652.0
660.0, 539.1689829120622, 658.0
661.0, 539.1689829120622, 660.0
662.0, 539.1689829120622, 655.0
663.0, 539.1689829120622, 661.0
664.0, 539.1689829120622, 669.0
665.0, 539.1689829120622, 660.0
666.0, 539.1689829120622, 676.0
667.0, 539.1689829120622, 656.0
668.0, 539.1689829120622, 658.0
669.0, 539.1689829120622, 660.0
670.0, 539.1689829120622, 678.0
671.0, 539.1689829120622, 668.0
672.0, 539.1689829120622, 656.0
673.0, 539.1689829120622, 648.0
674.0, 539.1689829120622, 664.0
675.0, 539.1689829120622, 671.0
676.0, 539.1689829120622, 668.0
677.0, 539.1689829120622, 651.0
678.0, 539.1689829120622, 669.0
679.0, 539.1689829120622, 678.0
680.0, 539.1689829120622, 653.0
681.0, 539.1689829120622, 663.0
682.0, 539.1689829120622, 655.0
683.0, 539.1689829120622, 659.0
684.0, 539.1689829120622, 650.0
685.0, 539.1689829120622, 673.0
686.0, 539.1689829120622, 676.0
687.0, 539.1689829120622, 662.0
688.0, 539.1689829120622, 683.0
689.0, 539.1689829120622, 670.0
690.0, 539.1689829120622, 686.0
691.0, 539.1689829120622, 664.0
692.0, 539.1689829120622, 672.0
693.0, 539.1689829120622, 679.0
694.0, 539.1689829120622, 671.0
695.0, 539.1689829120622, 666.0
696.0, 539.1689829120622, 661.0
697.0, 539.1689829120622, 657.0
698.0, 539.1689829120622, 655.0
699.0, 539.1689829120622, 674.0
700.0, 539.1689829120622, 656.0
701.0, 539.1689829120622, 670.0
702.0, 539.1689829120622, 665.0
703.0, 539.1689829120622, 665.0
704.0, 539.1689829120622, 659.0
705.0, 539.1689829120622, 663.0
706.0, 539.1689829120622, 656.0
707.0, 539.1689829120622, 665.0
708.0, 539.1689829120622, 667.0
709.0, 539.1689829120622, 657.0
710.0, 539.1689829120622, 657.0
711.0, 539.1689829120622, 657.0
712.0, 539.1689829120622, 661.0
713.0, 539.1689829120622, 662.0
714.0, 539.1689829120622, 673.0
715.0, 539.1689829120622, 656.0
716.0, 539.1689829120622, 658.0
717.0, 539.1689829120622, 653.0
718.0, 539.1689829120622, 660.0
719.0, 539.1689829120622, 664.0
720.0, 539.1689829120622, 662.0
721.0, 539.1689829120622, 670.0
722.0, 539.1689829120622, 667.0
723.0, 539.1689829120622, 660.0
724.0, 539.1689829120622, 669.0
725.0, 539.1689829120622, 669.0
726.0, 539.1689829120622, 665.0
727.0, 539.1689829120622, 675.0
728.0, 539.1689829120622, 665.0
729.0, 539.1689829120622, 662.0
730.0, 539.1689829120622, 666.0
731.0, 539.1689829120622, 667.0
732.0, 539.1689829120622, 667.0
733.0, 539.1689829120622, 666.0
734.0, 539.1689829120622, 661.0
735.0, 539.1689829120622, 669.0
736.0, 539.1689829120622, 678.0
737.0, 539.1689829120622, 668.0
738.0, 539.1689829120622, 667.0
739.0, 539.1689829120622, 671.0
740.0, 539.1689829120622, 657.0
741.0, 539.1689829120622, 660.0
742.0, 539.1689829120622, 679.0
743.0, 539.1689829120622, 658.0
744.0, 539.1689829120622, 664.0
745.0, 539.1689829120622, 670.0
746.0, 539.1689829120622, 658.0
747.0, 539.1689829120622, 672.0
748.0, 539.1689829120622, 648.0
749.0, 539.1689829120622, 646.0
750.0, 539.1689829120622, 671.0
751.0, 539.1689829120622, 669.0
752.0, 539.1689829120622, 661.0
753.0, 539.1689829120622, 665.0
754.0, 539.1689829120622, 668.0
755.0, 539.1689829120622, 651.0
756.0, 539.1689829120622, 654.0
757.0, 539.1689829120622, 664.0
758.0, 539.1689829120622, 657.0
759.0, 539.1689829120622, 647.0
760.0, 539.1689829120622, 647.0
761.0, 539.1689829120622, 665.0
762.0, 539.1689829120622, 652.0
763.0, 539.1689829120622, 659.0
764.0, 539.1689829120622, 654.0
765.0, 539.1689829120622, 668.0
766.0, 539.1689829120622, 655.0
767.0, 539.1689829120622, 664.0
768.0, 539.1689829120622, 664.0
769.0, 539.1689829120622, 664.0
770.0, 539.1689829120622, 663.0
771.0, 539.1689829120622, 680.0
772.0, 539.1689829120622, 653.0
773.0, 539.1689829120622, 659.0
774.0, 539.1689829120622, 665.0
775.0, 539.1689829120622, 676.0
776.0, 539.1689829120622, 666.0
777.0, 539.1689829120622, 663.0
778.0, 539.1689829120622, 652.0
779.0, 539.1689829120622, 665.0
780.0, 539.1689829120622, 657.0
781.0, 539.1689829120622, 657.0
782.0, 539.1689829120622, 650.0
783.0, 539.1689829120622, 660.0
784.0, 539.1689829120622, 667.0
785.0, 539.1689829120622, 669.0
786.0, 539.1689829120622, 672.0
787.0, 539.1689829120622, 663.0
788.0, 539.1689829120622, 666.0
789.0, 539.1689829120622, 662.0
790.0, 539.1689829120622, 674.0
791.0, 539.1689829120622, 657.0
792.0, 539.1689829120622, 681.0
793.0, 539.1689829120622, 665.0
794.0, 539.1689829120622, 663.0
795.0, 539.1689829120622, 662.0
796.0, 539.1689829120622, 662.0
797.0, 539.1689829120622, 662.0
798.0, 539.1689829120622, 668.0
799.0, 539.1689829120622, 653.0
800.0, 539.1689829120622, 665.0
801.0, 539.1689829120622, 664.0
802.0, 539.1689829120622, 659.0
803.0, 539.1689829120622, 672.0
804.0, 539.1689829120622, 661.0
805.0, 539.1689829120622, 663.0
806.0, 539.1689829120622, 670.0
807.0, 539.1689829120622, 670.0
808.0, 539.1689829120622, 676.0
809.0, 539.1689829120622, 666.0
810.0, 539.1689829120622, 669.0
811.0, 539.1689829120622, 667.0
812.0, 539.1689829120622, 653.0
813.0, 539.1689829120622, 656.0
814.0, 539.1689829120622, 662.0
815.0, 539.1689829120622, 651.0
816.0, 539.1689829120622, 654.0
817.0, 539.1689829120622, 662.0
818.0, 539.1689829120622, 654.0
819.0, 539.1689829120622, 676.0
820.0, 539.1689829120622, 654.0
821.0, 539.1689829120622, 662.0
822.0, 539.1689829120622, 660.0
823.0, 539.1689829120622, 673.0
824.0, 539.1689829120622, 666.0
825.0, 539.1689829120622, 663.0
826.0, 539.1689829120622, 663.0
827.0, 539.1689829120622, 652.0
828.0, 539.1689829120622, 670.0
829.0, 539.1689829120622, 673.0
830.0, 539.1689829120622, 678.0
831.0, 539.1689829120622, 668.0
832.0, 539.1689829120622, 664.0
833.0, 539.1689829120622, 662.0
834.0, 539.1689829120622, 670.0
835.0, 539.1689829120622, 670.0
836.0, 539.1689829120622, 673.0
837.0, 539.1689829120622, 666.0
838.0, 539.1689829120622, 665.0
839.0, 539.1689829120622, 656.0
840.0, 539.1689829120622, 655.0
841.0, 539.1689829120622, 662.0
842.0, 539.1689829120622, 673.0
843.0, 539.1689829120622, 670.0
844.0, 539.1689829120622, 670.0
845.0, 539.1689829120622, 664.0
846.0, 539.1689829120622, 667.0
847.0, 539.1689829120622, 679.0
848.0, 539.1689829120622, 666.0
849.0, 539.1689829120622, 670.0
850.0, 539.1689829120622, 661.0
851.0, 539.1689829120622, 659.0
852.0, 539.1689829120622, 666.0
853.0, 539.1689829120622, 664.0
854.0, 539.1689829120622, 667.0
855.0, 539.1689829120622, 658.0
856.0, 539.1689829120622, 662.0
857.0, 539.1689829120622, 660.0
858.0, 539.1689829120622, 663.0
859.0, 539.1689829120622, 672.0
860.0, 539.1689829120622, 658.0
861.0, 539.1689829120622, 644.0
862.0, 539.1689829120622, 660.0
863.0, 539.1689829120622, 668.0
864.0, 539.1689829120622, 663.0
865.0, 539.1689829120622, 661.0
866.0, 539.1689829120622, 659.0
867.0, 539.1689829120622, 655.0
868.0, 539.1689829120622, 653.0
869.0, 539.1689829120622, 664.0
870.0, 539.1689829120622, 650.0
871.0, 539.1689829120622, 657.0
872.0, 539.1689829120622, 667.0
873.0, 539.1689829120622, 662.0
874.0, 539.1689829120622, 669.0
875.0, 539.1689829120622, 666.0
876.0, 539.1689829120622, 646.0
877.0, 539.1689829120622, 671.0
878.0, 539.1689829120622, 663.0
879.0, 539.1689829120622, 667.0
880.0, 539.1689829120622, 667.0
881.0, 539.1689829120622, 660.0
882.0, 539.1689829120622, 648.0
883.0, 539.1689829120622, 649.0
884.0, 539.1689829120622, 673.0
885.0, 539.1689829120622, 669.0
886.0, 539.1689829120622, 653.0
887.0, 539.1689829120622, 655.0
888.0, 539.1689829120622, 662.0
889.0, 539.1689829120622, 660.0
890.0, 539.1689829120622, 653.0
891.0, 539.1689829120622, 653.0
892.0, 539.1689829120622, 642.0
893.0, 539.1689829120622, 666.0
894.0, 539.1689829120622, 662.0
895.0, 539.1689829120622, 647.0
896.0, 539.1689829120622, 658.0
897.0, 539.1689829120622, 657.0
898.0, 539.1689829120622, 663.0
899.0, 539.1689829120622, 663.0
900.0, 539.1689829120622, 660.0
901.0, 539.1689829120622, 648.0
902.0, 539.1689829120622, 665.0
903.0, 539.1689829120622, 653.0
904.0, 539.1689829120622, 645.0
905.0, 539.1689829120622, 659.0
906.0, 539.1689829120622, 663.0
907.0, 539.1689829120622, 648.0
908.0, 539.1689829120622, 667.0
909.0, 539.1689829120622, 659.0
910.0, 539.1689829120622, 657.0
911.0, 539.1689829120622, 655.0
912.0, 539.1689829120622, 670.0
913.0, 539.1689829120622, 662.0
914.0, 539.1689829120622, 661.0
915.0, 539.1689829120622, 662.0
916.0, 539.1689829120622, 650.0
917.0, 539.1689829120622, 662.0
918.0, 539.1689829120622, 656.0
919.0, 539.1689829120622, 661.0
920.0, 539.1689829120622, 655.0
921.0, 539.1689829120622, 669.0
922.0, 539.1689829120622, 672.0
923.0, 539.1689829120622, 648.0
924.0, 539.1689829120622, 668.0
925.0, 539.1689829120622, 656.0
926.0, 539.1689829120622, 640.0
927.0, 539.1689829120622, 651.0
928.0, 539.1689829120622, 674.0
929.0, 539.1689829120622, 656.0
930.0, 539.1689829120622, 637.0
931.0, 539.1689829120622, 657.0
932.0, 539.1689829120622, 643.0
933.0, 539.1689829120622, 659.0
934.0, 539.1689829120622, 667.0
935.0, 539.1689829120622, 653.0
936.0, 539.1689829120622, 659.0
937.0, 539.1689829120622, 666.0
938.0, 539.1689829120622, 666.0
939.0, 539.1689829120622, 664.0
940.0, 539.1689829120622, 666.0
941.0, 539.1689829120622, 667.0
942.0, 539.1689829120622, 663.0
943.0, 539.1689829120622, 652.0
944.0, 539.1689829120622, 660.0
945.0, 539.1689829120622, 647.0
946.0, 539.1689829120622, 655.0
947.0, 539.1689829120622, 669.0
948.0, 539.1689829120622, 664.0
949.0, 539.1689829120622, 660.0
950.0, 539.1689829120622, 665.0
951.0, 539.1689829120622, 643.0
952.0, 539.1689829120622, 667.0
953.0, 539.1689829120622, 661.0
954.0, 539.1689829120622, 659.0
955.0, 539.1689829120622, 667.0
956.0, 539.1689829120622, 685.0
957.0, 539.1689829120622, 675.0
958.0, 539.1689829120622, 668.0
959.0, 539.1689829120622, 666.0
960.0, 539.1689829120622, 662.0
961.0, 539.1689829120622, 675.0
962.0, 539.1689829120622, 652.0
963.0, 539.1689829120622, 676.0
964.0, 539.1689829120622, 651.0
965.0, 539.1689829120622, 669.0
966.0, 539.1689829120622, 646.0
967.0, 539.1689829120622, 658.0
968.0, 539.1689829120622, 661.0
969.0, 539.1689829120622, 667.0
970.0, 539.1689829120622, 658.0
971.0, 539.1689829120622, 660.0
972.0, 539.1689829120622, 645.0
973.0, 539.1689829120622, 669.0
974.0, 539.1689829120622, 669.0
975.0, 539.1689829120622, 658.0
976.0, 539.1689829120622, 668.0
977.0, 539.1689829120622, 668.0
978.0, 539.1689829120622, 667.0
979.0, 539.1689829120622, 663.0
980.0, 539.1689829120622, 657.0
981.0, 539.1689829120622, 653.0
982.0, 539.1689829120622, 673.0
983.0, 539.1689829120622, 655.0
984.0, 539.1689829120622, 663.0
985.0, 539.1689829120622, 667.0
986.0, 539.1689829120622, 658.0
987.0, 539.1689829120622, 652.0
988.0, 539.1689829120622, 654.0
989.0, 539.1689829120622, 646.0
990.0, 539.1689829120622, 653.0
991.0, 539.1689829120622, 673.0
992.0, 539.1689829120622, 662.0
993.0, 539.1689829120622, 663.0
994.0, 539.1689829120622, 669.0
995.0, 539.1689829120622, 670.0
996.0, 539.1689829120622, 680.0
997.0, 539.1689829120622, 664.0
998.0, 539.1689829120622, 667.0
999.0, 539.1689829120622, 653.0
1000.0, 539.1689829120622, 662.0
1001.0, 539.1689829120622, 665.0
1002.0, 539.1689829120622, 650.0
1003.0, 539.1689829120622, 661.0
1004.0, 539.1689829120622, 658.0
1005.0, 539.1689829120622, 656.0
1006.0, 539.1689829120622, 666.0
1007.0, 539.1689829120622, 655.0
1008.0, 539.1689829120622, 672.0
1009.0, 539.1689829120622, 657.0
1010.0, 539.1689829120622, 685.0
1011.0, 539.1689829120622, 672.0
1012.0, 539.1689829120622, 671.0
1013.0, 539.1689829120622, 665.0
1014.0, 539.1689829120622, 660.0
1015.0, 539.1689829120622, 662.0
1016.0, 539.1689829120622, 662.0
1017.0, 539.1689829120622, 676.0
1018.0, 539.1689829120622, 662.0
1019.0, 539.1689829120622, 670.0
1020.0, 539.1689829120622, 665.0
1021.0, 539.1689829120622, 659.0
1022.0, 539.1689829120622, 663.0
1023.0, 539.1689829120622, 680.0
1024.0, 539.1689829120622, 665.0
1025.0, 539.1689829120622, 667.0
1026.0, 539.1689829120622, 662.0
1027.0, 539.1689829120622, 661.0
1028.0, 539.1689829120622, 671.0
1029.0, 539.1689829120622, 669.0
1030.0, 539.1689829120622, 671.0
1031.0, 539.1689829120622, 664.0
1032.0, 539.1689829120622, 670.0
1033.0, 539.1689829120622, 675.0
1034.0, 539.1689829120622, 668.0
1035.0, 539.1689829120622, 671.0
1036.0, 539.1689829120622, 665.0
1037.0, 539.1689829120622, 671.0
1038.0, 539.1689829120622, 668.0
1039.0, 539.1689829120622, 675.0
1040.0, 539.1689829120622, 663.0
1041.0, 539.1689829120622, 685.0
1042.0, 539.1689829120622, 670.0
1043.0, 539.1689829120622, 659.0
1044.0, 539.1689829120622, 662.0
1045.0, 539.1689829120622, 653.0
1046.0, 539.1689829120622, 661.0
1047.0, 539.1689829120622, 670.0
1048.0, 539.1689829120622, 680.0
1049.0, 539.1689829120622, 666.0
1050.0, 539.1689829120622, 655.0
1051.0, 539.1689829120622, 659.0
1052.0, 539.1689829120622, 667.0
1053.0, 539.1689829120622, 664.0
1054.0, 539.1689829120622, 663.0
1055.0, 539.1689829120622, 677.0
1056.0, 539.1689829120622, 665.0
1057.0, 539.1689829120622, 664.0
1058.0, 539.1689829120622, 663.0
1059.0, 539.1689829120622, 659.0
1060.0, 539.1689829120622, 670.0
1061.0, 539.1689829120622, 661.0
1062.0, 539.1689829120622, 676.0
1063.0, 539.1689829120622, 677.0
1064.0, 539.1689829120622, 661.0
1065.0, 539.1689829120622, 658.0
1066.0, 539.1689829120622, 663.0
1067.0, 539.1689829120622, 654.0
1068.0, 539.1689829120622, 668.0
1069.0, 539.1689829120622, 652.0
1070.0, 539.1689829120622, 653.0
1071.0, 539.1689829120622, 650.0
1072.0, 539.1689829120622, 657.0
1073.0, 539.1689829120622, 659.0
1074.0, 539.1689829120622, 662.0
1075.0, 539.1689829120622, 669.0
1076.0, 539.1689829120622, 657.0
1077.0, 539.1689829120622, 666.0
1078.0, 539.1689829120622, 665.0
1079.0, 539.1689829120622, 656.0
1080.0, 539.1689829120622, 666.0
1081.0, 539.1689829120622, 660.0
1082.0, 539.1689829120622, 655.0
1083.0, 539.1689829120622, 661.0
1084.0, 539.1689829120622, 662.0
1085.0, 539.1689829120622, 666.0
1086.0, 539.1689829120622, 668.0
1087.0, 539.1689829120622, 663.0
1088.0, 539.1689829120622, 670.0
1089.0, 539.1689829120622, 664.0
1090.0, 539.1689829120622, 659.0
1091.0, 539.1689829120622, 665.0
1092.0, 539.1689829120622, 663.0
1093.0, 539.1689829120622, 663.0
1094.0, 539.1689829120622, 669.0
1095.0, 539.1689829120622, 666.0
1096.0, 539.1689829120622, 664.0
1097.0, 539.1689829120622, 663.0
1098.0, 539.1689829120622, 652.0
1099.0, 539.1689829120622, 652.0
1100.0, 539.1689829120622, 664.0
1101.0, 539.1689829120622, 669.0
1102.0, 539.1689829120622, 651.0
1103.0, 539.1689829120622, 653.0
1104.0, 539.1689829120622, 674.0
1105.0, 539.1689829120622, 657.0
1106.0, 539.1689829120622, 655.0
1107.0, 539.1689829120622, 648.0
1108.0, 539.1689829120622, 660.0
1109.0, 539.1689829120622, 667.0
1110.0, 539.1689829120622, 661.0
1111.0, 539.1689829120622, 665.0
1112.0, 539.1689829120622, 663.0
1113.0, 539.1689829120622, 661.0
1114.0, 539.1689829120622, 661.0
1115.0, 539.1689829120622, 648.0
1116.0, 539.1689829120622, 658.0
1117.0, 539.1689829120622, 669.0
1118.0, 539.1689829120622, 649.0
1119.0, 539.1689829120622, 656.0
1120.0, 539.1689829120622, 665.0
1121.0, 539.1689829120622, 653.0
1122.0, 539.1689829120622, 668.0
1123.0, 539.1689829120622, 655.0
1124.0, 539.1689829120622, 655.0
1125.0, 539.1689829120622, 653.0
1126.0, 539.1689829120622, 661.0
1127.0, 539.1689829120622, 661.0
1128.0, 539.1689829120622, 657.0
1129.0, 539.1689829120622, 676.0
1130.0, 539.1689829120622, 675.0
1131.0, 539.1689829120622, 667.0
1132.0, 539.1689829120622, 668.0
1133.0, 539.1689829120622, 674.0
1134.0, 539.1689829120622, 664.0
1135.0, 539.1689829120622, 666.0
1136.0, 539.1689829120622, 671.0
1137.0, 539.1689829120622, 658.0
1138.0, 539.1689829120622, 669.0
1139.0, 539.1689829120622, 662.0
1140.0, 539.1689829120622, 654.0
1141.0, 539.1689829120622, 665.0
1142.0, 539.1689829120622, 679.0
1143.0, 539.1689829120622, 667.0
1144.0, 539.1689829120622, 665.0
1145.0, 539.1689829120622, 660.0
1146.0, 539.1689829120622, 653.0
1147.0, 539.1689829120622, 647.0
1148.0, 539.1689829120622, 667.0
1149.0, 539.1689829120622, 654.0
1150.0, 539.1689829120622, 668.0
1151.0, 539.1689829120622, 658.0
1152.0, 539.1689829120622, 656.0
1153.0, 539.1689829120622, 652.0
1154.0, 539.1689829120622, 660.0
1155.0, 539.1689829120622, 641.0
1156.0, 539.1689829120622, 663.0
1157.0, 539.1689829120622, 641.0
1158.0, 539.1689829120622, 673.0
1159.0, 539.1689829120622, 663.0
1160.0, 539.1689829120622, 672.0
1161.0, 539.1689829120622, 657.0
1162.0, 539.1689829120622, 656.0
1163.0, 539.1689829120622, 667.0
1164.0, 539.1689829120622, 664.0
1165.0, 539.1689829120622, 659.0
1166.0, 539.1689829120622, 660.0
1167.0, 539.1689829120622, 659.0
1168.0, 539.1689829120622, 675.0
1169.0, 539.1689829120622, 682.0
1170.0, 539.1689829120622, 654.0
1171.0, 539.1689829120622, 666.0
1172.0, 539.1689829120622, 656.0
1173.0, 539.1689829120622, 667.0
1174.0, 539.1689829120622, 658.0
1175.0, 539.1689829120622, 673.0
1176.0, 539.1689829120622, 660.0
1177.0, 539.1689829120622, 657.0
1178.0, 539.1689829120622, 668.0
1179.0, 539.1689829120622, 661.0
1180.0, 539.1689829120622, 677.0
1181.0, 539.1689829120622, 672.0
1182.0, 539.1689829120622, 660.0
1183.0, 539.1689829120622, 656.0
1184.0, 539.1689829120622, 672.0
1185.0, 539.1689829120622, 666.0
1186.0, 539.1689829120622, 650.0
1187.0, 539.1689829120622, 651.0
1188.0, 539.1689829120622, 656.0
1189.0, 539.1689829120622, 665.0
1190.0, 539.1689829120622, 666.0
1191.0, 539.1689829120622, 663.0
1192.0, 539.1689829120622, 659.0
1193.0, 539.1689829120622, 673.0
1194.0, 539.1689829120622, 655.0
1195.0, 539.1689829120622, 665.0
1196.0, 539.1689829120622, 661.0
1197.0, 539.1689829120622, 652.0
1198.0, 539.1689829120622, 668.0
1199.0, 539.1689829120622, 681.0
1200.0, 539.1689829120622, 661.0
1201.0, 539.1689829120622, 656.0
1202.0, 539.1689829120622, 654.0
1203.0, 539.1689829120622, 661.0
1204.0, 539.1689829120622, 676.0
1205.0, 539.1689829120622, 664.0
1206.0, 539.1689829120622, 662.0
1207.0, 539.1689829120622, 667.0
1208.0, 539.1689829120622, 668.0
1209.0, 539.1689829120622, 676.0
1210.0, 539.1689829120622, 670.0
1211.0, 539.1689829120622, 675.0
1212.0, 539.1689829120622, 660.0
1213.0, 539.1689829120622, 655.0
1214.0, 539.1689829120622, 639.0
1215.0, 539.1689829120622, 652.0
1216.0, 539.1689829120622, 672.0
1217.0, 539.1689829120622, 664.0
1218.0, 539.1689829120622, 663.0
1219.0, 539.1689829120622, 669.0
1220.0, 539.1689829120622, 652.0
1221.0, 539.1689829120622, 664.0
1222.0, 539.1689829120622, 652.0
1223.0, 539.1689829120622, 659.0
1224.0, 539.1689829120622, 679.0
1225.0, 539.1689829120622, 663.0
1226.0, 539.1689829120622, 665.0
1227.0, 539.1689829120622, 667.0
1228.0, 539.1689829120622, 659.0
1229.0, 539.1689829120622, 665.0
1230.0, 539.1689829120622, 658.0
1231.0, 539.1689829120622, 652.0
1232.0, 539.1689829120622, 669.0
1233.0, 539.1689829120622, 649.0
1234.0, 539.1689829120622, 646.0
1235.0, 539.1689829120622, 656.0
1236.0, 539.1689829120622, 663.0
1237.0, 539.1689829120622, 648.0
1238.0, 539.1689829120622, 674.0
1239.0, 539.1689829120622, 679.0
1240.0, 539.1689829120622, 673.0
1241.0, 539.1689829120622, 668.0
1242.0, 539.1689829120622, 656.0
1243.0, 539.1689829120622, 664.0
1244.0, 539.1689829120622, 678.0
1245.0, 539.1689829120622, 656.0
1246.0, 539.1689829120622, 652.0
1247.0, 539.1689829120622, 677.0
1248.0, 539.1689829120622, 663.0
1249.0, 539.1689829120622, 663.0
1250.0, 539.1689829120622, 659.0
1251.0, 539.1689829120622, 659.0
1252.0, 539.1689829120622, 663.0
1253.0, 539.1689829120622, 664.0
1254.0, 539.1689829120622, 660.0
1255.0, 539.1689829120622, 657.0
1256.0, 539.1689829120622, 656.0
1257.0, 539.1689829120622, 657.0
1258.0, 539.1689829120622, 661.0
1259.0, 539.1689829120622, 662.0
1260.0, 539.1689829120622, 661.0
1261.0, 539.1689829120622, 667.0
1262.0, 539.1689829120622, 659.0
1263.0, 539.1689829120622, 657.0
1264.0, 539.1689829120622, 653.0
1265.0, 539.1689829120622, 668.0
1266.0, 539.1689829120622, 645.0
1267.0, 539.1689829120622, 666.0
1268.0, 539.1689829120622, 660.0
1269.0, 539.1689829120622, 654.0
1270.0, 539.1689829120622, 665.0
1271.0, 539.1689829120622, 672.0
1272.0, 539.1689829120622, 646.0
1273.0, 539.1689829120622, 670.0
1274.0, 539.1689829120622, 670.0
1275.0, 539.1689829120622, 661.0
1276.0, 539.1689829120622, 659.0
1277.0, 539.1689829120622, 654.0
1278.0, 539.1689829120622, 666.0
1279.0, 539.1689829120622, 660.0
1280.0, 539.1689829120622, 661.0
1281.0, 539.1689829120622, 666.0
1282.0, 539.1689829120622, 663.0
1283.0, 539.1689829120622, 656.0
1284.0, 539.1689829120622, 661.0
1285.0, 539.1689829120622, 663.0
1286.0, 539.1689829120622, 671.0
1287.0, 539.1689829120622, 660.0
1288.0, 539.1689829120622, 663.0
1289.0, 539.1689829120622, 668.0
1290.0, 539.1689829120622, 675.0
1291.0, 539.1689829120622, 666.0
1292.0, 539.1689829120622, 665.0
1293.0, 539.1689829120622, 664.0
1294.0, 539.1689829120622, 665.0
1295.0, 539.1689829120622, 661.0
1296.0, 539.1689829120622, 655.0
1297.0, 539.1689829120622, 657.0
1298.0, 539.1689829120622, 665.0
1299.0, 539.1689829120622, 657.0
1300.0, 539.1689829120622, 658.0
1301.0, 539.1689829120622, 682.0
1302.0, 539.1689829120622, 658.0
1303.0, 539.1689829120622, 662.0
1304.0, 539.1689829120622, 661.0
1305.0, 539.1689829120622, 667.0
1306.0, 539.1689829120622, 666.0
1307.0, 539.1689829120622, 666.0
1308.0, 539.1689829120622, 664.0
1309.0, 539.1689829120622, 664.0
1310.0, 539.1689829120622, 678.0
1311.0, 539.1689829120622, 668.0
1312.0, 539.1689829120622, 658.0
1313.0, 539.1689829120622, 664.0
1314.0, 539.1689829120622, 674.0
1315.0, 539.1689829120622, 677.0
1316.0, 539.1689829120622, 666.0
1317.0, 539.1689829120622, 657.0
1318.0, 539.1689829120622, 652.0
1319.0, 539.1689829120622, 663.0
1320.0, 539.1689829120622, 656.0
1321.0, 539.1689829120622, 657.0
1322.0, 539.1689829120622, 657.0
1323.0, 539.1689829120622, 646.0
1324.0, 539.1689829120622, 662.0
1325.0, 539.1689829120622, 645.0
1326.0, 539.1689829120622, 660.0
1327.0, 539.1689829120622, 667.0
1328.0, 539.1689829120622, 674.0
1329.0, 539.1689829120622, 658.0
1330.0, 539.1689829120622, 646.0
1331.0, 539.1689829120622, 664.0
1332.0, 539.1689829120622, 658.0
1333.0, 539.1689829120622, 655.0
1334.0, 539.1689829120622, 662.0
1335.0, 539.1689829120622, 661.0
1336.0, 539.1689829120622, 662.0
1337.0, 539.1689829120622, 647.0
1338.0, 539.1689829120622, 657.0
1339.0, 539.1689829120622, 653.0
1340.0, 539.1689829120622, 656.0
1341.0, 539.1689829120622, 662.0
1342.0, 539.1689829120622, 658.0
1343.0, 539.1689829120622, 668.0
1344.0, 539.1689829120622, 651.0
1345.0, 539.1689829120622, 646.0
1346.0, 539.1689829120622, 667.0
1347.0, 539.1689829120622, 655.0
1348.0, 539.1689829120622, 671.0
1349.0, 539.1689829120622, 670.0
1350.0, 539.1689829120622, 668.0
1351.0, 539.1689829120622, 668.0
1352.0, 539.1689829120622, 650.0
1353.0, 539.1689829120622, 664.0
1354.0, 539.1689829120622, 675.0
1355.0, 539.1689829120622, 680.0
1356.0, 539.1689829120622, 669.0
1357.0, 539.1689829120622, 662.0
1358.0, 539.1689829120622, 680.0
1359.0, 539.1689829120622, 659.0
1360.0, 539.1689829120622, 652.0
1361.0, 539.1689829120622, 666.0
1362.0, 539.1689829120622, 666.0
1363.0, 539.1689829120622, 647.0
1364.0, 539.1689829120622, 648.0
1365.0, 539.1689829120622, 660.0
1366.0, 539.1689829120622, 662.0
1367.0, 539.1689829120622, 646.0
1368.0, 539.1689829120622, 666.0
1369.0, 539.1689829120622, 661.0
1370.0, 539.1689829120622, 655.0
1371.0, 539.1689829120622, 658.0
1372.0, 539.1689829120622, 662.0
1373.0, 539.1689829120622, 662.0
1374.0, 539.1689829120622, 668.0
1375.0, 539.1689829120622, 658.0
1376.0, 539.1689829120622, 672.0
1377.0, 539.1689829120622, 660.0
1378.0, 539.1689829120622, 671.0
1379.0, 539.1689829120622, 660.0
1380.0, 539.1689829120622, 665.0
1381.0, 539.1689829120622, 666.0
1382.0, 539.1689829120622, 655.0
1383.0, 539.1689829120622, 664.0
1384.0, 539.1689829120622, 649.0
1385.0, 539.1689829120622, 663.0
1386.0, 539.1689829120622, 657.0
1387.0, 539.1689829120622, 660.0
1388.0, 539.1689829120622, 652.0
1389.0, 539.1689829120622, 664.0
1390.0, 539.1689829120622, 662.0
1391.0, 539.1689829120622, 662.0
1392.0, 539.1689829120622, 658.0
1393.0, 539.1689829120622, 666.0
1394.0, 539.1689829120622, 670.0
1395.0, 539.1689829120622, 670.0
1396.0, 539.1689829120622, 666.0
1397.0, 539.1689829120622, 676.0
1398.0, 539.1689829120622, 666.0
1399.0, 539.1689829120622, 675.0
1400.0, 539.1689829120622, 671.0
1401.0, 539.1689829120622, 656.0
1402.0, 539.1689829120622, 664.0
1403.0, 539.1689829120622, 675.0
1404.0, 539.1689829120622, 671.0
1405.0, 539.1689829120622, 655.0
1406.0, 539.1689829120622, 668.0
1407.0, 539.1689829120622, 673.0
1408.0, 539.1689829120622, 675.0
1409.0, 539.1689829120622, 675.0
1410.0, 539.1689829120622, 661.0
1411.0, 539.1689829120622, 658.0
1412.0, 539.1689829120622, 649.0
1413.0, 539.1689829120622, 661.0
1414.0, 539.1689829120622, 671.0
1415.0, 539.1689829120622, 654.0
1416.0, 539.1689829120622, 663.0
1417.0, 539.1689829120622, 663.0
1418.0, 539.1689829120622, 661.0
1419.0, 539.1689829120622, 671.0
1420.0, 539.1689829120622, 651.0
1421.0, 539.1689829120622, 678.0
1422.0, 539.1689829120622, 677.0
1423.0, 539.1689829120622, 665.0
1424.0, 539.1689829120622, 655.0
1425.0, 539.1689829120622, 676.0
1426.0, 539.1689829120622, 639.0
1427.0, 539.1689829120622, 662.0
1428.0, 539.1689829120622, 666.0
1429.0, 539.1689829120622, 664.0
1430.0, 539.1689829120622, 655.0
1431.0, 539.1689829120622, 669.0
1432.0, 539.1689829120622, 666.0
1433.0, 539.1689829120622, 661.0
1434.0, 539.1689829120622, 661.0
1435.0, 539.1689829120622, 664.0
1436.0, 539.1689829120622, 673.0
1437.0, 539.1689829120622, 667.0
1438.0, 539.1689829120622, 662.0
1439.0, 539.1689829120622, 670.0
1440.0, 539.1689829120622, 672.0
1441.0, 539.1689829120622, 655.0
1442.0, 539.1689829120622, 666.0
1443.0, 539.1689829120622, 668.0
1444.0, 539.1689829120622, 660.0
1445.0, 539.1689829120622, 673.0
1446.0, 539.1689829120622, 678.0
1447.0, 539.1689829120622, 663.0
1448.0, 539.1689829120622, 663.0
1449.0, 539.1689829120622, 664.0
1450.0, 539.1689829120622, 661.0
1451.0, 539.1689829120622, 663.0
1452.0, 539.1689829120622, 667.0
1453.0, 539.1689829120622, 671.0
1454.0, 539.1689829120622, 660.0
1455.0, 539.1689829120622, 676.0
1456.0, 539.1689829120622, 665.0
1457.0, 539.1689829120622, 674.0
1458.0, 539.1689829120622, 662.0
1459.0, 539.1689829120622, 673.0
1460.0, 539.1689829120622, 669.0
1461.0, 539.1689829120622, 664.0
1462.0, 539.1689829120622, 655.0
1463.0, 539.1689829120622, 676.0
1464.0, 539.1689829120622, 664.0
1465.0, 539.1689829120622, 656.0
1466.0, 539.1689829120622, 659.0
1467.0, 539.1689829120622, 656.0
1468.0, 539.1689829120622, 679.0
1469.0, 539.1689829120622, 657.0
1470.0, 539.1689829120622, 657.0
1471.0, 539.1689829120622, 657.0
1472.0, 539.1689829120622, 672.0
1473.0, 539.1689829120622, 649.0
1474.0, 539.1689829120622, 659.0
1475.0, 539.1689829120622, 653.0
1476.0, 539.1689829120622, 646.0
1477.0, 539.1689829120622, 663.0
1478.0, 539.1689829120622, 667.0
1479.0, 539.1689829120622, 667.0
1480.0, 539.1689829120622, 677.0
1481.0, 539.1689829120622, 670.0
1482.0, 539.1689829120622, 658.0
1483.0, 539.1689829120622, 667.0
1484.0, 539.1689829120622, 663.0
1485.0, 539.1689829120622, 652.0
1486.0, 539.1689829120622, 663.0
1487.0, 539.1689829120622, 665.0
1488.0, 539.1689829120622, 657.0
1489.0, 539.1689829120622, 683.0
1490.0, 539.1689829120622, 668.0
1491.0, 539.1689829120622, 658.0
1492.0, 539.1689829120622, 659.0
1493.0, 539.1689829120622, 675.0
1494.0, 539.1689829120622, 651.0
1495.0, 539.1689829120622, 668.0
1496.0, 539.1689829120622, 644.0
1497.0, 539.1689829120622, 658.0
1498.0, 539.1689829120622, 653.0
1499.0, 539.1689829120622, 665.0
1500.0, 539.1689829120622, 665.0
1501.0, 539.1689829120622, 653.0
1502.0, 539.1689829120622, 655.0
1503.0, 539.1689829120622, 649.0
1504.0, 539.1689829120622, 664.0
1505.0, 539.1689829120622, 652.0
1506.0, 539.1689829120622, 644.0
1507.0, 539.1689829120622, 671.0
1508.0, 539.1689829120622, 660.0
1509.0, 539.1689829120622, 657.0
1510.0, 539.1689829120622, 679.0
1511.0, 539.1689829120622, 665.0
1512.0, 539.1689829120622, 648.0
1513.0, 539.1689829120622, 648.0
1514.0, 539.1689829120622, 677.0
1515.0, 539.1689829120622, 663.0
1516.0, 539.1689829120622, 662.0
1517.0, 539.1689829120622, 646.0
