Timestamp: 14-Nov-2014 23:10:52
DelayedPheromone: false
DistanceWeight: 3.0
Evaporation: 0.5
NumAnts: 50
NumCities: 10
PheromoneAmount: 1.0
PheromoneWeight: 1.0
XSize: 150
YSize: 120


"tick","Avg. Path Lengh"
1.0,1083.0
2.0,1000.0
3.0,975.0
4.0,975.0
5.0,949.0
6.0,960.0
7.0,947.0
8.0,948.0
9.0,945.0
10.0,960.0
11.0,953.0
12.0,954.0
13.0,954.0
14.0,949.0
15.0,949.0
16.0,960.0
17.0,956.0
18.0,957.0
19.0,932.0
20.0,946.0
21.0,951.0
22.0,969.0
23.0,968.0
24.0,940.0
25.0,979.0
26.0,963.0
27.0,962.0
28.0,961.0
29.0,970.0
30.0,959.0
31.0,963.0
32.0,993.0
33.0,957.0
34.0,958.0
35.0,960.0
36.0,970.0
37.0,951.0
38.0,954.0
39.0,947.0
40.0,953.0
41.0,945.0
42.0,954.0
43.0,943.0
44.0,957.0
45.0,941.0
46.0,951.0
47.0,962.0
48.0,949.0
49.0,944.0
50.0,950.0
51.0,967.0
52.0,955.0
53.0,961.0
54.0,948.0
55.0,951.0
56.0,946.0
57.0,951.0
58.0,960.0
59.0,956.0
60.0,945.0
61.0,949.0
62.0,954.0
63.0,948.0
64.0,955.0
65.0,951.0
66.0,945.0
67.0,959.0
68.0,964.0
69.0,951.0
70.0,951.0
71.0,946.0
72.0,953.0
73.0,943.0
74.0,950.0
75.0,963.0
76.0,950.0
77.0,938.0
78.0,963.0
79.0,940.0
80.0,932.0
81.0,946.0
82.0,943.0
83.0,934.0
84.0,960.0
85.0,958.0
86.0,940.0
87.0,927.0
88.0,950.0
89.0,958.0
90.0,960.0
91.0,955.0
92.0,921.0
93.0,951.0
94.0,962.0
95.0,956.0
96.0,935.0
97.0,936.0
98.0,935.0
99.0,952.0
100.0,949.0
101.0,950.0
102.0,952.0
103.0,946.0
104.0,927.0
105.0,946.0
106.0,950.0
107.0,942.0
108.0,949.0
109.0,948.0
110.0,940.0
111.0,942.0
112.0,952.0
113.0,943.0
114.0,944.0
115.0,933.0
116.0,959.0
117.0,937.0
118.0,942.0
119.0,972.0
120.0,947.0
121.0,944.0
122.0,955.0
123.0,942.0
124.0,942.0
125.0,959.0
126.0,948.0
127.0,954.0
128.0,938.0
129.0,957.0
130.0,939.0
131.0,928.0
132.0,945.0
133.0,926.0
134.0,930.0
135.0,926.0
136.0,958.0
137.0,954.0
138.0,939.0
139.0,945.0
140.0,945.0
141.0,928.0
142.0,941.0
143.0,935.0
144.0,945.0
145.0,958.0
146.0,954.0
147.0,938.0
148.0,960.0
149.0,933.0
150.0,927.0
151.0,949.0
152.0,929.0
153.0,949.0
154.0,940.0
155.0,939.0
156.0,932.0
157.0,951.0
158.0,938.0
159.0,935.0
160.0,960.0
161.0,952.0
162.0,942.0
163.0,936.0
164.0,943.0
165.0,957.0
166.0,933.0
167.0,949.0
168.0,948.0
169.0,933.0
170.0,937.0
171.0,935.0
172.0,918.0
173.0,933.0
174.0,947.0
175.0,932.0
176.0,933.0
177.0,938.0
178.0,938.0
179.0,949.0
180.0,957.0
181.0,933.0
182.0,917.0
183.0,947.0
184.0,934.0
185.0,948.0
186.0,956.0
187.0,943.0
188.0,949.0
189.0,954.0
190.0,948.0
191.0,934.0
192.0,938.0
193.0,938.0
194.0,936.0
195.0,930.0
196.0,926.0
197.0,937.0
198.0,945.0
199.0,928.0
200.0,942.0
201.0,933.0
202.0,951.0
203.0,937.0
204.0,963.0
205.0,942.0
206.0,936.0
207.0,941.0
208.0,926.0
209.0,929.0
210.0,945.0
211.0,931.0
212.0,933.0
213.0,942.0
214.0,929.0
215.0,930.0
216.0,951.0
217.0,927.0
218.0,936.0
219.0,939.0
220.0,940.0
221.0,948.0
222.0,941.0
223.0,926.0
224.0,923.0
225.0,951.0
226.0,948.0
227.0,927.0
228.0,923.0
229.0,935.0
230.0,956.0
231.0,935.0
232.0,942.0
233.0,927.0
234.0,969.0
235.0,937.0
236.0,932.0
237.0,949.0
238.0,926.0
239.0,932.0
240.0,934.0
241.0,936.0
242.0,946.0
243.0,930.0
244.0,946.0
245.0,950.0
246.0,929.0
247.0,945.0
248.0,938.0
249.0,956.0
250.0,935.0
251.0,936.0
252.0,931.0
253.0,943.0
254.0,945.0
255.0,940.0
256.0,934.0
257.0,945.0
258.0,932.0
259.0,933.0
260.0,937.0
261.0,930.0
262.0,934.0
263.0,939.0
264.0,961.0
265.0,943.0
266.0,921.0
267.0,938.0
268.0,945.0
269.0,946.0
270.0,936.0
271.0,955.0
272.0,930.0
273.0,938.0
274.0,926.0
275.0,937.0
276.0,932.0
277.0,931.0
278.0,941.0
279.0,930.0
280.0,955.0
281.0,943.0
282.0,933.0
283.0,932.0
284.0,945.0
285.0,942.0
286.0,939.0
287.0,921.0
288.0,939.0
289.0,948.0
290.0,918.0
291.0,932.0
292.0,955.0
293.0,952.0
294.0,924.0
295.0,939.0
296.0,932.0
297.0,945.0
298.0,932.0
299.0,931.0
300.0,931.0
301.0,928.0
302.0,934.0
303.0,947.0
304.0,930.0
305.0,915.0
306.0,936.0
307.0,939.0
308.0,955.0
309.0,950.0
310.0,947.0
311.0,928.0
312.0,933.0
313.0,936.0
314.0,932.0
315.0,933.0
316.0,940.0
317.0,942.0
318.0,930.0
319.0,937.0
320.0,940.0
321.0,932.0
322.0,934.0
323.0,936.0
324.0,941.0
325.0,927.0
326.0,924.0
327.0,937.0
328.0,925.0
329.0,922.0
330.0,925.0
331.0,925.0
332.0,943.0
333.0,937.0
334.0,919.0
335.0,933.0
336.0,931.0
337.0,927.0
338.0,928.0
339.0,952.0
340.0,936.0
341.0,933.0
342.0,931.0
343.0,935.0
344.0,940.0
345.0,937.0
346.0,938.0
347.0,931.0
348.0,929.0
349.0,927.0
350.0,923.0
351.0,944.0
352.0,959.0
353.0,933.0
354.0,940.0
355.0,942.0
356.0,929.0
357.0,920.0
358.0,932.0
359.0,932.0
360.0,944.0
361.0,926.0
362.0,924.0
363.0,932.0
364.0,945.0
365.0,934.0
366.0,930.0
367.0,922.0
368.0,909.0
369.0,937.0
370.0,921.0
371.0,932.0
372.0,928.0
373.0,939.0
374.0,936.0
375.0,927.0
376.0,937.0
377.0,933.0
378.0,924.0
379.0,923.0
380.0,948.0
381.0,933.0
382.0,926.0
383.0,919.0
384.0,953.0
385.0,927.0
386.0,955.0
387.0,934.0
388.0,936.0
389.0,950.0
390.0,917.0
391.0,933.0
392.0,924.0
393.0,945.0
394.0,943.0
395.0,935.0
396.0,909.0
397.0,931.0
398.0,926.0
399.0,925.0
400.0,939.0
401.0,936.0
402.0,930.0
403.0,942.0
404.0,947.0
405.0,931.0
406.0,963.0
407.0,923.0
408.0,947.0
409.0,935.0
410.0,932.0
411.0,932.0
412.0,935.0
413.0,933.0
414.0,931.0
415.0,940.0
416.0,920.0
417.0,946.0
418.0,935.0
419.0,937.0
420.0,922.0
421.0,931.0
422.0,923.0
423.0,931.0
424.0,936.0
425.0,953.0
426.0,901.0
427.0,938.0
428.0,931.0
429.0,941.0
430.0,944.0
431.0,931.0
432.0,915.0
433.0,942.0
434.0,937.0
435.0,936.0
436.0,926.0
437.0,930.0
438.0,933.0
439.0,922.0
440.0,930.0
441.0,934.0
442.0,934.0
443.0,914.0
444.0,911.0
445.0,923.0
446.0,937.0
447.0,931.0
448.0,937.0
449.0,923.0
450.0,929.0
451.0,933.0
452.0,931.0
453.0,927.0
454.0,928.0
455.0,937.0
456.0,930.0
457.0,939.0
458.0,933.0
459.0,936.0
460.0,916.0
461.0,936.0
462.0,941.0
463.0,939.0
464.0,916.0
465.0,921.0
466.0,921.0
467.0,942.0
468.0,926.0
469.0,956.0
470.0,938.0
471.0,928.0
472.0,922.0
473.0,934.0
474.0,940.0
475.0,913.0
476.0,936.0
477.0,942.0
478.0,937.0
479.0,934.0
480.0,928.0
481.0,950.0
482.0,948.0
483.0,932.0
484.0,938.0
485.0,934.0
486.0,916.0
487.0,935.0
488.0,935.0
489.0,923.0
490.0,937.0
491.0,963.0
492.0,947.0
493.0,944.0
494.0,924.0
495.0,924.0
496.0,944.0
497.0,929.0
498.0,938.0
499.0,937.0
500.0,924.0
501.0,930.0
502.0,930.0
503.0,922.0
504.0,925.0
505.0,920.0
506.0,913.0
507.0,929.0
508.0,913.0
509.0,930.0
510.0,922.0
