Timestamp: 14-Nov-2014 12:36:17
DistanceWeight: 3.0
Evaporation: 0.5
NumAnts: 40
NumCities: 20
PheromoneAmount: 1.0
PheromoneWeight: 1.0
XSize: 150
YSize: 150


"tick","Avg. Path Lengh"
1.0,835.0
2.0,765.0
3.0,747.0
4.0,754.0
5.0,755.0
6.0,754.0
7.0,749.0
8.0,735.0
9.0,733.0
10.0,732.0
11.0,723.0
12.0,705.0
13.0,712.0
14.0,710.0
15.0,695.0
16.0,688.0
17.0,710.0
18.0,698.0
19.0,703.0
20.0,698.0
21.0,693.0
22.0,658.0
23.0,685.0
24.0,702.0
25.0,702.0
26.0,695.0
27.0,682.0
28.0,668.0
29.0,708.0
30.0,691.0
31.0,674.0
32.0,672.0
33.0,662.0
34.0,697.0
35.0,713.0
36.0,739.0
37.0,694.0
38.0,700.0
39.0,706.0
40.0,708.0
41.0,692.0
42.0,687.0
43.0,711.0
44.0,684.0
45.0,698.0
46.0,691.0
47.0,692.0
48.0,690.0
49.0,692.0
50.0,695.0
51.0,677.0
52.0,714.0
53.0,696.0
54.0,706.0
55.0,686.0
56.0,696.0
57.0,715.0
58.0,716.0
59.0,662.0
60.0,677.0
61.0,716.0
62.0,692.0
63.0,698.0
64.0,676.0
65.0,698.0
66.0,706.0
67.0,674.0
68.0,690.0
69.0,653.0
70.0,693.0
71.0,687.0
72.0,683.0
73.0,709.0
74.0,712.0
75.0,690.0
76.0,701.0
77.0,699.0
78.0,697.0
79.0,707.0
80.0,691.0
81.0,689.0
82.0,698.0
83.0,679.0
84.0,689.0
85.0,680.0
86.0,691.0
87.0,692.0
88.0,689.0
89.0,695.0
90.0,679.0
91.0,686.0
92.0,679.0
93.0,712.0
94.0,680.0
95.0,696.0
96.0,688.0
97.0,685.0
98.0,698.0
99.0,704.0
100.0,706.0
101.0,694.0
102.0,679.0
103.0,692.0
104.0,710.0
105.0,683.0
106.0,692.0
107.0,691.0
108.0,691.0
109.0,698.0
110.0,688.0
111.0,704.0
112.0,684.0
113.0,689.0
114.0,678.0
115.0,685.0
116.0,708.0
117.0,692.0
118.0,691.0
119.0,701.0
120.0,689.0
121.0,695.0
122.0,682.0
123.0,676.0
124.0,698.0
125.0,692.0
126.0,687.0
127.0,716.0
128.0,686.0
129.0,690.0
130.0,658.0
131.0,700.0
132.0,678.0
133.0,680.0
134.0,708.0
135.0,684.0
136.0,680.0
137.0,686.0
138.0,694.0
139.0,692.0
140.0,711.0
141.0,689.0
142.0,718.0
143.0,693.0
144.0,678.0
145.0,690.0
146.0,685.0
147.0,672.0
148.0,699.0
149.0,668.0
150.0,670.0
151.0,693.0
152.0,694.0
153.0,686.0
154.0,667.0
155.0,669.0
156.0,704.0
157.0,692.0
158.0,698.0
159.0,660.0
160.0,696.0
161.0,685.0
162.0,688.0
163.0,681.0
164.0,691.0
165.0,670.0
166.0,705.0
167.0,669.0
168.0,681.0
169.0,653.0
170.0,678.0
171.0,704.0
172.0,669.0
173.0,677.0
174.0,681.0
175.0,668.0
176.0,684.0
177.0,680.0
178.0,670.0
179.0,685.0
180.0,663.0
181.0,684.0
182.0,689.0
183.0,713.0
184.0,677.0
185.0,676.0
186.0,665.0
187.0,694.0
188.0,671.0
189.0,693.0
190.0,661.0
191.0,690.0
192.0,673.0
193.0,682.0
194.0,665.0
195.0,679.0
196.0,667.0
197.0,680.0
198.0,673.0
199.0,659.0
200.0,671.0
201.0,671.0
202.0,679.0
203.0,680.0
204.0,659.0
205.0,679.0
206.0,680.0
207.0,680.0
208.0,705.0
209.0,673.0
210.0,685.0
211.0,674.0
212.0,682.0
213.0,672.0
214.0,690.0
215.0,682.0
216.0,668.0
217.0,682.0
218.0,651.0
219.0,661.0
220.0,678.0
221.0,673.0
222.0,681.0
223.0,669.0
224.0,691.0
225.0,679.0
226.0,663.0
227.0,669.0
228.0,664.0
229.0,675.0
230.0,649.0
231.0,692.0
232.0,666.0
233.0,664.0
234.0,676.0
235.0,652.0
236.0,658.0
237.0,646.0
238.0,661.0
239.0,667.0
240.0,659.0
241.0,689.0
242.0,660.0
243.0,663.0
244.0,643.0
245.0,664.0
246.0,685.0
247.0,674.0
248.0,677.0
249.0,654.0
250.0,655.0
251.0,663.0
252.0,653.0
253.0,647.0
254.0,671.0
255.0,683.0
256.0,671.0
257.0,675.0
258.0,664.0
259.0,665.0
260.0,654.0
261.0,674.0
262.0,674.0
263.0,646.0
264.0,677.0
265.0,688.0
266.0,671.0
267.0,674.0
268.0,687.0
269.0,663.0
270.0,669.0
271.0,690.0
272.0,664.0
273.0,670.0
274.0,663.0
275.0,666.0
276.0,662.0
277.0,665.0
278.0,667.0
279.0,663.0
280.0,655.0
281.0,672.0
282.0,667.0
283.0,668.0
284.0,671.0
285.0,658.0
286.0,634.0
287.0,647.0
288.0,659.0
289.0,644.0
290.0,671.0
291.0,655.0
292.0,657.0
293.0,668.0
294.0,644.0
295.0,662.0
296.0,642.0
297.0,668.0
298.0,670.0
299.0,639.0
300.0,663.0
301.0,647.0
302.0,645.0
303.0,651.0
304.0,668.0
305.0,638.0
306.0,659.0
307.0,651.0
308.0,644.0
309.0,673.0
310.0,670.0
311.0,671.0
312.0,686.0
313.0,646.0
314.0,660.0
315.0,643.0
316.0,637.0
317.0,654.0
318.0,657.0
319.0,656.0
320.0,650.0
321.0,669.0
322.0,649.0
323.0,659.0
324.0,664.0
325.0,650.0
326.0,649.0
327.0,669.0
328.0,669.0
329.0,667.0
330.0,643.0
331.0,655.0
332.0,682.0
333.0,645.0
334.0,661.0
335.0,661.0
336.0,653.0
337.0,666.0
338.0,669.0
339.0,673.0
340.0,670.0
341.0,674.0
342.0,675.0
343.0,659.0
344.0,651.0
345.0,650.0
346.0,655.0
347.0,662.0
348.0,651.0
349.0,666.0
350.0,665.0
351.0,664.0
352.0,661.0
353.0,653.0
354.0,665.0
355.0,676.0
356.0,670.0
357.0,660.0
358.0,652.0
359.0,650.0
360.0,635.0
361.0,653.0
362.0,646.0
363.0,642.0
364.0,652.0
365.0,650.0
366.0,658.0
367.0,658.0
368.0,654.0
369.0,662.0
370.0,669.0
371.0,650.0
372.0,651.0
373.0,645.0
374.0,647.0
375.0,634.0
376.0,652.0
377.0,648.0
378.0,644.0
379.0,680.0
380.0,656.0
381.0,665.0
382.0,663.0
383.0,668.0
384.0,661.0
385.0,666.0
386.0,660.0
387.0,658.0
388.0,660.0
389.0,670.0
390.0,674.0
391.0,659.0
392.0,671.0
393.0,645.0
394.0,669.0
395.0,648.0
396.0,659.0
397.0,679.0
398.0,655.0
399.0,666.0
400.0,644.0
401.0,646.0
402.0,669.0
403.0,678.0
404.0,677.0
405.0,681.0
406.0,638.0
407.0,656.0
408.0,645.0
409.0,659.0
410.0,676.0
411.0,684.0
412.0,659.0
413.0,662.0
414.0,638.0
415.0,645.0
416.0,677.0
417.0,675.0
418.0,673.0
419.0,659.0
420.0,663.0
421.0,662.0
422.0,653.0
423.0,659.0
424.0,656.0
425.0,657.0
426.0,664.0
427.0,637.0
428.0,662.0
429.0,651.0
430.0,674.0
431.0,632.0
432.0,636.0
433.0,640.0
434.0,639.0
435.0,661.0
436.0,662.0
437.0,680.0
438.0,653.0
439.0,682.0
440.0,669.0
441.0,658.0
442.0,673.0
443.0,648.0
444.0,673.0
445.0,669.0
446.0,659.0
447.0,671.0
448.0,682.0
449.0,654.0
450.0,672.0
451.0,669.0
452.0,660.0
453.0,664.0
454.0,683.0
455.0,655.0
456.0,673.0
457.0,671.0
458.0,647.0
459.0,666.0
460.0,651.0
461.0,652.0
462.0,678.0
463.0,660.0
464.0,652.0
465.0,676.0
466.0,662.0
467.0,665.0
468.0,694.0
469.0,665.0
470.0,665.0
471.0,666.0
472.0,656.0
473.0,652.0
474.0,665.0
475.0,679.0
476.0,669.0
477.0,667.0
478.0,671.0
479.0,656.0
480.0,664.0
481.0,666.0
482.0,653.0
483.0,671.0
484.0,676.0
485.0,657.0
486.0,661.0
487.0,653.0
488.0,671.0
489.0,679.0
490.0,694.0
491.0,665.0
492.0,668.0
493.0,655.0
494.0,661.0
495.0,680.0
496.0,677.0
497.0,662.0
498.0,655.0
499.0,669.0
500.0,657.0
501.0,677.0
502.0,643.0
503.0,647.0
504.0,662.0
505.0,669.0
506.0,670.0
507.0,650.0
508.0,660.0
509.0,663.0
510.0,649.0
511.0,661.0
512.0,668.0
513.0,658.0
514.0,661.0
515.0,661.0
516.0,667.0
517.0,677.0
518.0,673.0
519.0,661.0
520.0,651.0
521.0,659.0
522.0,662.0
523.0,654.0
524.0,674.0
525.0,680.0
526.0,678.0
527.0,673.0
528.0,665.0
529.0,688.0
530.0,674.0
531.0,681.0
532.0,688.0
533.0,698.0
534.0,687.0
535.0,663.0
536.0,676.0
537.0,654.0
538.0,673.0
539.0,673.0
540.0,667.0
541.0,675.0
542.0,684.0
543.0,662.0
544.0,677.0
545.0,665.0
546.0,670.0
547.0,682.0
548.0,681.0
549.0,649.0
550.0,662.0
551.0,687.0
552.0,671.0
553.0,660.0
554.0,654.0
555.0,671.0
556.0,667.0
557.0,687.0
558.0,667.0
559.0,627.0
560.0,655.0
561.0,677.0
562.0,649.0
563.0,653.0
564.0,652.0
565.0,669.0
566.0,671.0
567.0,697.0
568.0,666.0
569.0,666.0
570.0,656.0
571.0,657.0
572.0,658.0
573.0,647.0
574.0,662.0
575.0,662.0
576.0,685.0
577.0,654.0
578.0,669.0
579.0,647.0
580.0,659.0
581.0,664.0
582.0,665.0
583.0,650.0
584.0,648.0
585.0,650.0
586.0,666.0
587.0,681.0
588.0,656.0
589.0,686.0
590.0,670.0
591.0,670.0
592.0,676.0
593.0,670.0
594.0,661.0
595.0,652.0
596.0,684.0
597.0,670.0
598.0,666.0
599.0,678.0
600.0,656.0
601.0,693.0
602.0,662.0
603.0,679.0
604.0,655.0
605.0,662.0
606.0,691.0
607.0,645.0
608.0,646.0
609.0,667.0
610.0,678.0
611.0,627.0
612.0,652.0
613.0,647.0
614.0,674.0
615.0,656.0
616.0,662.0
617.0,683.0
618.0,643.0
619.0,687.0
620.0,649.0
621.0,654.0
622.0,654.0
623.0,638.0
624.0,658.0
625.0,690.0
626.0,677.0
627.0,676.0
628.0,662.0
629.0,652.0
630.0,659.0
631.0,643.0
632.0,666.0
633.0,655.0
634.0,668.0
635.0,655.0
636.0,670.0
637.0,645.0
638.0,658.0
639.0,676.0
640.0,697.0
641.0,668.0
642.0,666.0
643.0,663.0
644.0,658.0
645.0,656.0
646.0,661.0
647.0,670.0
648.0,657.0
649.0,666.0
650.0,665.0
651.0,658.0
652.0,656.0
653.0,661.0
654.0,645.0
655.0,671.0
656.0,664.0
657.0,672.0
658.0,645.0
659.0,662.0
660.0,663.0
661.0,653.0
662.0,668.0
663.0,641.0
664.0,653.0
665.0,676.0
666.0,655.0
667.0,656.0
668.0,640.0
669.0,658.0
670.0,656.0
671.0,649.0
672.0,641.0
673.0,655.0
674.0,674.0
675.0,657.0
676.0,664.0
677.0,675.0
678.0,688.0
679.0,667.0
680.0,681.0
681.0,685.0
682.0,678.0
683.0,646.0
684.0,657.0
685.0,658.0
686.0,658.0
687.0,668.0
688.0,664.0
689.0,658.0
690.0,666.0
691.0,659.0
692.0,631.0
693.0,689.0
694.0,681.0
695.0,695.0
696.0,657.0
697.0,659.0
698.0,677.0
699.0,671.0
700.0,648.0
701.0,655.0
702.0,650.0
703.0,651.0
704.0,675.0
705.0,658.0
706.0,667.0
707.0,683.0
708.0,637.0
709.0,667.0
710.0,673.0
711.0,660.0
712.0,643.0
713.0,652.0
714.0,671.0
715.0,654.0
716.0,673.0
717.0,673.0
718.0,676.0
719.0,682.0
720.0,682.0
721.0,689.0
722.0,702.0
723.0,707.0
724.0,706.0
725.0,696.0
726.0,694.0
727.0,702.0
728.0,679.0
729.0,695.0
730.0,660.0
731.0,689.0
732.0,687.0
733.0,671.0
734.0,663.0
735.0,682.0
736.0,699.0
737.0,671.0
738.0,671.0
739.0,689.0
740.0,667.0
741.0,664.0
742.0,686.0
743.0,677.0
744.0,695.0
745.0,716.0
746.0,675.0
747.0,695.0
748.0,682.0
749.0,681.0
750.0,675.0
751.0,689.0
752.0,697.0
753.0,676.0
754.0,681.0
755.0,656.0
756.0,660.0
757.0,677.0
758.0,701.0
759.0,679.0
760.0,689.0
761.0,680.0
762.0,688.0
763.0,680.0
764.0,696.0
765.0,693.0
766.0,696.0
767.0,687.0
768.0,677.0
769.0,700.0
770.0,708.0
771.0,687.0
772.0,685.0
773.0,692.0
774.0,669.0
775.0,702.0
776.0,697.0
777.0,701.0
778.0,699.0
779.0,690.0
780.0,682.0
781.0,680.0
782.0,691.0
783.0,670.0
784.0,696.0
785.0,698.0
786.0,669.0
787.0,684.0
788.0,654.0
789.0,669.0
790.0,685.0
791.0,695.0
792.0,663.0
793.0,677.0
794.0,682.0
795.0,699.0
796.0,683.0
797.0,655.0
798.0,682.0
799.0,680.0
800.0,666.0
801.0,697.0
802.0,678.0
803.0,678.0
804.0,661.0
805.0,714.0
806.0,703.0
807.0,675.0
808.0,689.0
809.0,674.0
810.0,676.0
811.0,676.0
812.0,676.0
813.0,671.0
814.0,683.0
815.0,684.0
816.0,679.0
817.0,679.0
818.0,673.0
819.0,674.0
820.0,670.0
821.0,704.0
822.0,688.0
823.0,691.0
824.0,663.0
825.0,684.0
826.0,677.0
827.0,674.0
828.0,673.0
829.0,679.0
830.0,692.0
831.0,673.0
832.0,665.0
833.0,644.0
834.0,680.0
835.0,692.0
836.0,686.0
837.0,659.0
838.0,686.0
839.0,678.0
840.0,663.0
841.0,711.0
842.0,669.0
843.0,678.0
844.0,665.0
845.0,666.0
846.0,671.0
847.0,689.0
848.0,679.0
849.0,684.0
850.0,676.0
851.0,664.0
852.0,690.0
853.0,686.0
854.0,681.0
855.0,704.0
856.0,684.0
857.0,672.0
858.0,675.0
859.0,671.0
860.0,679.0
861.0,698.0
862.0,681.0
863.0,698.0
864.0,704.0
865.0,664.0
866.0,690.0
867.0,702.0
868.0,705.0
869.0,676.0
870.0,694.0
871.0,684.0
872.0,678.0
873.0,682.0
874.0,688.0
875.0,683.0
876.0,676.0
877.0,700.0
878.0,677.0
879.0,690.0
880.0,670.0
881.0,656.0
882.0,685.0
883.0,695.0
884.0,675.0
885.0,669.0
886.0,652.0
887.0,703.0
888.0,681.0
889.0,676.0
890.0,685.0
891.0,716.0
892.0,695.0
893.0,696.0
894.0,691.0
895.0,719.0
896.0,691.0
897.0,694.0
898.0,675.0
899.0,688.0
900.0,679.0
901.0,684.0
902.0,671.0
903.0,687.0
904.0,676.0
905.0,708.0
906.0,686.0
907.0,687.0
908.0,665.0
909.0,699.0
910.0,684.0
911.0,705.0
912.0,687.0
913.0,701.0
914.0,682.0
915.0,660.0
916.0,700.0
917.0,665.0
918.0,702.0
919.0,687.0
920.0,692.0
921.0,660.0
922.0,661.0
923.0,682.0
924.0,658.0
925.0,685.0
926.0,668.0
927.0,669.0
928.0,698.0
929.0,669.0
930.0,680.0
931.0,684.0
932.0,681.0
933.0,683.0
934.0,692.0
935.0,669.0
936.0,664.0
937.0,661.0
938.0,676.0
939.0,679.0
940.0,710.0
941.0,687.0
942.0,709.0
943.0,698.0
944.0,664.0
945.0,657.0
946.0,686.0
947.0,683.0
948.0,683.0
949.0,713.0
950.0,671.0
951.0,660.0
952.0,678.0
953.0,715.0
954.0,695.0
955.0,694.0
956.0,676.0
957.0,689.0
958.0,674.0
959.0,712.0
960.0,674.0
961.0,699.0
962.0,712.0
963.0,663.0
964.0,685.0
965.0,701.0
966.0,677.0
967.0,685.0
968.0,685.0
969.0,671.0
970.0,689.0
971.0,686.0
972.0,684.0
973.0,674.0
974.0,681.0
975.0,682.0
976.0,704.0
977.0,694.0
978.0,680.0
979.0,671.0
980.0,688.0
981.0,667.0
982.0,697.0
983.0,703.0
984.0,695.0
985.0,703.0
986.0,675.0
987.0,673.0
988.0,672.0
989.0,685.0
990.0,676.0
991.0,682.0
992.0,688.0
993.0,696.0
994.0,696.0
995.0,682.0
996.0,697.0
997.0,694.0
998.0,684.0
999.0,682.0
1000.0,683.0
1001.0,663.0
1002.0,680.0
1003.0,665.0
1004.0,695.0
1005.0,698.0
1006.0,668.0
1007.0,688.0
1008.0,680.0
1009.0,692.0
1010.0,682.0
1011.0,695.0
1012.0,670.0
1013.0,682.0
1014.0,685.0
1015.0,688.0
1016.0,681.0
1017.0,698.0
1018.0,700.0
1019.0,677.0
1020.0,680.0
1021.0,664.0
1022.0,675.0
1023.0,687.0
1024.0,672.0
1025.0,677.0
1026.0,649.0
1027.0,661.0
1028.0,676.0
1029.0,658.0
1030.0,684.0
1031.0,662.0
1032.0,685.0
1033.0,701.0
1034.0,679.0
1035.0,664.0
1036.0,690.0
1037.0,680.0
1038.0,665.0
1039.0,700.0
1040.0,677.0
1041.0,701.0
1042.0,711.0
1043.0,668.0
1044.0,671.0
1045.0,675.0
1046.0,684.0
1047.0,716.0
1048.0,709.0
1049.0,712.0
1050.0,693.0
1051.0,674.0
1052.0,668.0
1053.0,667.0
1054.0,672.0
1055.0,677.0
1056.0,674.0
1057.0,673.0
1058.0,678.0
1059.0,663.0
1060.0,705.0
1061.0,690.0
1062.0,687.0
1063.0,676.0
1064.0,693.0
1065.0,707.0
1066.0,666.0
1067.0,654.0
1068.0,688.0
1069.0,679.0
1070.0,653.0
1071.0,662.0
1072.0,657.0
1073.0,688.0
1074.0,675.0
1075.0,672.0
1076.0,677.0
1077.0,674.0
1078.0,683.0
1079.0,660.0
1080.0,696.0
1081.0,667.0
1082.0,682.0
1083.0,676.0
1084.0,655.0
1085.0,690.0
1086.0,671.0
1087.0,690.0
1088.0,694.0
1089.0,675.0
1090.0,682.0
1091.0,665.0
1092.0,663.0
1093.0,683.0
1094.0,666.0
1095.0,664.0
1096.0,671.0
1097.0,690.0
1098.0,673.0
1099.0,680.0
1100.0,695.0
1101.0,675.0
1102.0,684.0
1103.0,677.0
1104.0,672.0
1105.0,702.0
1106.0,696.0
1107.0,675.0
1108.0,693.0
1109.0,689.0
1110.0,671.0
1111.0,647.0
1112.0,691.0
1113.0,682.0
1114.0,645.0
1115.0,669.0
1116.0,686.0
1117.0,670.0
1118.0,673.0
1119.0,670.0
1120.0,710.0
1121.0,702.0
1122.0,688.0
1123.0,682.0
1124.0,659.0
1125.0,682.0
1126.0,682.0
1127.0,713.0
1128.0,703.0
1129.0,660.0
1130.0,668.0
1131.0,674.0
1132.0,691.0
1133.0,674.0
1134.0,693.0
1135.0,692.0
1136.0,683.0
1137.0,684.0
1138.0,672.0
1139.0,675.0
1140.0,690.0
1141.0,696.0
1142.0,685.0
1143.0,684.0
1144.0,669.0
1145.0,689.0
1146.0,676.0
1147.0,687.0
1148.0,674.0
1149.0,679.0
1150.0,674.0
1151.0,691.0
1152.0,673.0
1153.0,677.0
1154.0,659.0
1155.0,665.0
1156.0,663.0
1157.0,689.0
1158.0,680.0
1159.0,689.0
1160.0,697.0
1161.0,686.0
1162.0,689.0
1163.0,671.0
1164.0,685.0
1165.0,670.0
1166.0,669.0
1167.0,681.0
1168.0,682.0
1169.0,680.0
1170.0,684.0
1171.0,663.0
1172.0,703.0
1173.0,684.0
1174.0,658.0
1175.0,685.0
1176.0,660.0
1177.0,668.0
1178.0,670.0
1179.0,668.0
1180.0,682.0
1181.0,685.0
1182.0,663.0
1183.0,703.0
1184.0,689.0
1185.0,695.0
1186.0,676.0
1187.0,672.0
1188.0,676.0
1189.0,686.0
1190.0,683.0
1191.0,689.0
1192.0,672.0
1193.0,698.0
1194.0,692.0
1195.0,699.0
1196.0,685.0
1197.0,698.0
1198.0,680.0
1199.0,680.0
1200.0,682.0
1201.0,693.0
1202.0,675.0
1203.0,690.0
1204.0,666.0
1205.0,665.0
1206.0,671.0
1207.0,669.0
1208.0,675.0
1209.0,670.0
1210.0,687.0
1211.0,657.0
1212.0,670.0
1213.0,687.0
1214.0,677.0
1215.0,675.0
1216.0,691.0
1217.0,694.0
1218.0,689.0
1219.0,691.0
1220.0,681.0
1221.0,682.0
1222.0,697.0
1223.0,673.0
1224.0,696.0
1225.0,688.0
1226.0,671.0
1227.0,660.0
1228.0,702.0
1229.0,699.0
1230.0,679.0
1231.0,697.0
1232.0,677.0
1233.0,702.0
1234.0,666.0
1235.0,700.0
1236.0,687.0
1237.0,678.0
1238.0,680.0
1239.0,692.0
1240.0,692.0
1241.0,688.0
1242.0,670.0
1243.0,688.0
1244.0,694.0
1245.0,707.0
1246.0,677.0
1247.0,689.0
1248.0,694.0
1249.0,662.0
1250.0,680.0
1251.0,696.0
1252.0,674.0
1253.0,680.0
1254.0,669.0
1255.0,671.0
1256.0,681.0
1257.0,684.0
1258.0,678.0
1259.0,682.0
1260.0,696.0
1261.0,687.0
1262.0,679.0
1263.0,723.0
1264.0,707.0
1265.0,662.0
1266.0,696.0
1267.0,675.0
1268.0,666.0
1269.0,702.0
1270.0,663.0
1271.0,675.0
1272.0,698.0
1273.0,703.0
1274.0,678.0
1275.0,682.0
1276.0,680.0
1277.0,680.0
1278.0,689.0
1279.0,703.0
1280.0,686.0
1281.0,680.0
1282.0,675.0
1283.0,673.0
1284.0,683.0
1285.0,683.0
1286.0,662.0
1287.0,702.0
1288.0,692.0
1289.0,665.0
1290.0,682.0
1291.0,701.0
1292.0,695.0
1293.0,700.0
1294.0,703.0
1295.0,684.0
1296.0,695.0
1297.0,680.0
1298.0,714.0
1299.0,679.0
1300.0,684.0
1301.0,678.0
1302.0,705.0
1303.0,688.0
1304.0,675.0
1305.0,704.0
1306.0,662.0
1307.0,689.0
1308.0,685.0
1309.0,670.0
1310.0,681.0
1311.0,678.0
1312.0,699.0
1313.0,689.0
1314.0,684.0
1315.0,671.0
1316.0,663.0
1317.0,679.0
1318.0,674.0
1319.0,702.0
1320.0,697.0
1321.0,683.0
1322.0,675.0
1323.0,697.0
1324.0,696.0
1325.0,671.0
1326.0,663.0
1327.0,683.0
1328.0,706.0
1329.0,682.0
1330.0,686.0
1331.0,701.0
1332.0,691.0
1333.0,690.0
1334.0,691.0
1335.0,697.0
1336.0,692.0
1337.0,704.0
1338.0,708.0
1339.0,710.0
1340.0,710.0
1341.0,725.0
1342.0,695.0
1343.0,707.0
1344.0,695.0
1345.0,692.0
1346.0,691.0
1347.0,714.0
1348.0,685.0
1349.0,675.0
1350.0,701.0
1351.0,696.0
1352.0,696.0
1353.0,678.0
1354.0,712.0
1355.0,693.0
1356.0,705.0
1357.0,708.0
1358.0,671.0
1359.0,687.0
1360.0,696.0
1361.0,699.0
1362.0,703.0
1363.0,679.0
1364.0,665.0
1365.0,683.0
1366.0,685.0
1367.0,687.0
1368.0,671.0
1369.0,697.0
1370.0,685.0
1371.0,681.0
1372.0,708.0
1373.0,703.0
1374.0,688.0
1375.0,713.0
1376.0,697.0
1377.0,705.0
1378.0,684.0
1379.0,694.0
1380.0,684.0
1381.0,681.0
1382.0,686.0
1383.0,660.0
1384.0,708.0
1385.0,683.0
1386.0,694.0
1387.0,683.0
1388.0,685.0
1389.0,713.0
1390.0,689.0
1391.0,697.0
1392.0,694.0
1393.0,697.0
1394.0,672.0
1395.0,667.0
1396.0,697.0
1397.0,694.0
1398.0,679.0
1399.0,684.0
1400.0,661.0
1401.0,681.0
1402.0,680.0
1403.0,690.0
1404.0,708.0
1405.0,700.0
1406.0,683.0
1407.0,686.0
1408.0,662.0
1409.0,681.0
1410.0,688.0
1411.0,672.0
1412.0,654.0
1413.0,672.0
1414.0,661.0
1415.0,687.0
1416.0,685.0
1417.0,696.0
1418.0,691.0
1419.0,680.0
1420.0,701.0
1421.0,681.0
1422.0,686.0
1423.0,686.0
1424.0,689.0
1425.0,677.0
1426.0,663.0
1427.0,665.0
1428.0,651.0
1429.0,671.0
1430.0,646.0
1431.0,672.0
1432.0,669.0
1433.0,651.0
1434.0,659.0
1435.0,686.0
1436.0,666.0
1437.0,672.0
1438.0,677.0
1439.0,686.0
1440.0,685.0
1441.0,692.0
1442.0,683.0
1443.0,700.0
1444.0,684.0
1445.0,684.0
1446.0,697.0
1447.0,685.0
1448.0,694.0
1449.0,691.0
1450.0,708.0
1451.0,700.0
1452.0,696.0
1453.0,710.0
1454.0,695.0
1455.0,693.0
1456.0,659.0
1457.0,691.0
1458.0,684.0
1459.0,680.0
1460.0,683.0
1461.0,697.0
1462.0,691.0
1463.0,691.0
1464.0,693.0
1465.0,693.0
1466.0,673.0
1467.0,679.0
1468.0,720.0
1469.0,689.0
1470.0,678.0
1471.0,716.0
1472.0,683.0
1473.0,690.0
1474.0,669.0
1475.0,685.0
1476.0,672.0
1477.0,687.0
1478.0,677.0
1479.0,674.0
1480.0,677.0
1481.0,681.0
1482.0,681.0
1483.0,708.0
1484.0,683.0
1485.0,687.0
1486.0,693.0
1487.0,697.0
1488.0,680.0
1489.0,700.0
1490.0,684.0
1491.0,716.0
1492.0,669.0
1493.0,707.0
1494.0,714.0
1495.0,690.0
1496.0,687.0
1497.0,681.0
1498.0,675.0
1499.0,680.0
1500.0,687.0
1501.0,666.0
1502.0,675.0
1503.0,678.0
1504.0,679.0
1505.0,671.0
1506.0,703.0
1507.0,676.0
1508.0,670.0
1509.0,665.0
1510.0,675.0
1511.0,679.0
1512.0,670.0
1513.0,697.0
1514.0,685.0
1515.0,680.0
1516.0,690.0
1517.0,677.0
1518.0,688.0
1519.0,694.0
1520.0,664.0
1521.0,692.0
1522.0,703.0
1523.0,691.0
1524.0,689.0
1525.0,680.0
1526.0,694.0
1527.0,672.0
1528.0,683.0
1529.0,670.0
1530.0,694.0
1531.0,664.0
1532.0,677.0
1533.0,670.0
1534.0,670.0
1535.0,680.0
1536.0,671.0
1537.0,690.0
1538.0,671.0
1539.0,690.0
1540.0,671.0
1541.0,666.0
1542.0,676.0
1543.0,645.0
1544.0,690.0
1545.0,680.0
1546.0,689.0
1547.0,662.0
1548.0,691.0
1549.0,678.0
1550.0,680.0
1551.0,660.0
1552.0,676.0
1553.0,676.0
1554.0,665.0
1555.0,670.0
1556.0,678.0
1557.0,642.0
1558.0,669.0
1559.0,687.0
1560.0,692.0
1561.0,681.0
1562.0,678.0
1563.0,681.0
1564.0,684.0
1565.0,667.0
1566.0,668.0
1567.0,695.0
1568.0,683.0
1569.0,676.0
1570.0,685.0
1571.0,673.0
1572.0,702.0
1573.0,680.0
1574.0,674.0
1575.0,676.0
1576.0,679.0
1577.0,692.0
1578.0,665.0
1579.0,685.0
1580.0,671.0
1581.0,715.0
1582.0,684.0
1583.0,681.0
1584.0,673.0
1585.0,686.0
1586.0,715.0
1587.0,662.0
1588.0,676.0
1589.0,681.0
1590.0,672.0
1591.0,688.0
1592.0,659.0
1593.0,696.0
1594.0,691.0
1595.0,708.0
1596.0,680.0
1597.0,688.0
1598.0,691.0
1599.0,692.0
1600.0,681.0
1601.0,698.0
1602.0,680.0
1603.0,672.0
1604.0,669.0
1605.0,699.0
1606.0,667.0
1607.0,682.0
1608.0,675.0
1609.0,685.0
1610.0,694.0
1611.0,691.0
1612.0,703.0
1613.0,675.0
1614.0,687.0
1615.0,692.0
1616.0,699.0
1617.0,695.0
1618.0,697.0
1619.0,673.0
1620.0,685.0
1621.0,682.0
1622.0,690.0
1623.0,681.0
1624.0,672.0
1625.0,693.0
1626.0,676.0
1627.0,685.0
1628.0,655.0
1629.0,683.0
1630.0,674.0
1631.0,691.0
1632.0,693.0
1633.0,695.0
1634.0,662.0
1635.0,690.0
1636.0,678.0
1637.0,656.0
1638.0,687.0
1639.0,686.0
1640.0,684.0
1641.0,688.0
1642.0,687.0
1643.0,674.0
1644.0,707.0
1645.0,676.0
1646.0,680.0
1647.0,689.0
1648.0,676.0
1649.0,682.0
1650.0,699.0
1651.0,674.0
1652.0,681.0
1653.0,678.0
1654.0,676.0
1655.0,697.0
1656.0,688.0
1657.0,705.0
1658.0,676.0
1659.0,672.0
1660.0,704.0
1661.0,666.0
1662.0,687.0
1663.0,682.0
1664.0,684.0
1665.0,689.0
1666.0,681.0
1667.0,680.0
1668.0,680.0
1669.0,673.0
1670.0,682.0
1671.0,664.0
1672.0,681.0
1673.0,676.0
1674.0,687.0
1675.0,703.0
1676.0,684.0
1677.0,677.0
1678.0,710.0
1679.0,673.0
1680.0,670.0
1681.0,676.0
1682.0,671.0
1683.0,686.0
1684.0,703.0
1685.0,678.0
1686.0,672.0
1687.0,695.0
1688.0,686.0
1689.0,677.0
1690.0,681.0
1691.0,665.0
1692.0,681.0
1693.0,684.0
1694.0,668.0
1695.0,673.0
1696.0,693.0
1697.0,680.0
1698.0,699.0
1699.0,673.0
1700.0,678.0
1701.0,673.0
1702.0,673.0
1703.0,686.0
1704.0,668.0
1705.0,658.0
1706.0,683.0
1707.0,675.0
1708.0,658.0
1709.0,673.0
1710.0,667.0
1711.0,679.0
1712.0,681.0
1713.0,673.0
1714.0,679.0
1715.0,683.0
1716.0,705.0
1717.0,710.0
1718.0,691.0
1719.0,697.0
1720.0,689.0
1721.0,665.0
1722.0,690.0
1723.0,685.0
1724.0,697.0
1725.0,698.0
1726.0,685.0
1727.0,681.0
1728.0,699.0
1729.0,680.0
1730.0,667.0
1731.0,672.0
1732.0,687.0
1733.0,676.0
1734.0,687.0
1735.0,679.0
1736.0,671.0
1737.0,656.0
1738.0,699.0
1739.0,681.0
1740.0,701.0
1741.0,683.0
1742.0,679.0
1743.0,667.0
1744.0,694.0
1745.0,689.0
1746.0,672.0
1747.0,694.0
1748.0,700.0
1749.0,683.0
1750.0,668.0
1751.0,669.0
1752.0,698.0
1753.0,686.0
1754.0,668.0
1755.0,677.0
1756.0,676.0
1757.0,689.0
1758.0,681.0
1759.0,660.0
1760.0,687.0
1761.0,665.0
1762.0,684.0
1763.0,656.0
1764.0,688.0
1765.0,692.0
1766.0,663.0
1767.0,672.0
1768.0,676.0
1769.0,702.0
1770.0,691.0
1771.0,693.0
1772.0,715.0
1773.0,682.0
1774.0,693.0
1775.0,713.0
1776.0,682.0
1777.0,698.0
1778.0,664.0
1779.0,677.0
1780.0,684.0
1781.0,685.0
1782.0,718.0
1783.0,682.0
1784.0,677.0
1785.0,667.0
1786.0,670.0
1787.0,665.0
1788.0,685.0
1789.0,688.0
1790.0,699.0
1791.0,673.0
1792.0,678.0
1793.0,660.0
1794.0,684.0
1795.0,671.0
1796.0,669.0
1797.0,670.0
1798.0,685.0
1799.0,661.0
1800.0,685.0
1801.0,684.0
1802.0,678.0
1803.0,695.0
1804.0,677.0
1805.0,675.0
1806.0,689.0
1807.0,670.0
1808.0,685.0
1809.0,655.0
1810.0,674.0
1811.0,682.0
1812.0,668.0
1813.0,673.0
1814.0,687.0
1815.0,669.0
1816.0,681.0
1817.0,679.0
1818.0,670.0
1819.0,687.0
1820.0,673.0
1821.0,674.0
1822.0,675.0
1823.0,709.0
1824.0,672.0
1825.0,685.0
1826.0,688.0
1827.0,688.0
1828.0,678.0
1829.0,688.0
1830.0,692.0
1831.0,700.0
1832.0,683.0
1833.0,682.0
1834.0,695.0
1835.0,684.0
1836.0,686.0
1837.0,675.0
1838.0,702.0
1839.0,668.0
1840.0,695.0
1841.0,665.0
1842.0,680.0
1843.0,668.0
1844.0,690.0
1845.0,680.0
1846.0,684.0
1847.0,665.0
1848.0,684.0
1849.0,681.0
1850.0,671.0
1851.0,701.0
1852.0,667.0
1853.0,672.0
1854.0,670.0
1855.0,689.0
1856.0,668.0
1857.0,682.0
1858.0,668.0
1859.0,663.0
1860.0,692.0
1861.0,675.0
1862.0,675.0
1863.0,658.0
1864.0,665.0
1865.0,684.0
1866.0,640.0
1867.0,684.0
1868.0,690.0
1869.0,677.0
1870.0,665.0
1871.0,680.0
1872.0,669.0
1873.0,701.0
1874.0,692.0
1875.0,687.0
1876.0,694.0
1877.0,699.0
1878.0,687.0
1879.0,680.0
1880.0,687.0
1881.0,686.0
1882.0,683.0
1883.0,701.0
1884.0,712.0
1885.0,725.0
1886.0,674.0
1887.0,689.0
1888.0,679.0
1889.0,681.0
1890.0,667.0
1891.0,661.0
1892.0,667.0
1893.0,673.0
1894.0,669.0
1895.0,682.0
1896.0,702.0
1897.0,684.0
1898.0,690.0
1899.0,688.0
1900.0,695.0
1901.0,683.0
1902.0,662.0
1903.0,695.0
1904.0,692.0
1905.0,687.0
1906.0,666.0
1907.0,689.0
1908.0,665.0
1909.0,689.0
1910.0,682.0
1911.0,674.0
1912.0,687.0
1913.0,684.0
1914.0,680.0
1915.0,668.0
1916.0,691.0
1917.0,694.0
1918.0,688.0
1919.0,695.0
1920.0,697.0
1921.0,707.0
1922.0,694.0
1923.0,697.0
1924.0,690.0
1925.0,682.0
1926.0,697.0
1927.0,708.0
1928.0,688.0
1929.0,669.0
1930.0,679.0
1931.0,695.0
1932.0,701.0
1933.0,671.0
1934.0,681.0
1935.0,705.0
1936.0,687.0
1937.0,692.0
1938.0,688.0
1939.0,684.0
1940.0,692.0
1941.0,701.0
1942.0,687.0
1943.0,712.0
1944.0,695.0
1945.0,695.0
1946.0,697.0
1947.0,692.0
1948.0,689.0
1949.0,662.0
1950.0,682.0
1951.0,674.0
1952.0,669.0
1953.0,673.0
1954.0,671.0
1955.0,671.0
1956.0,689.0
1957.0,661.0
1958.0,681.0
1959.0,681.0
1960.0,676.0
1961.0,674.0
1962.0,669.0
1963.0,672.0
1964.0,682.0
1965.0,691.0
1966.0,674.0
1967.0,673.0
1968.0,684.0
1969.0,682.0
1970.0,672.0
1971.0,683.0
1972.0,672.0
1973.0,690.0
1974.0,678.0
1975.0,674.0
1976.0,674.0
1977.0,696.0
1978.0,690.0
1979.0,674.0
1980.0,689.0
1981.0,675.0
1982.0,662.0
1983.0,694.0
1984.0,685.0
1985.0,667.0
1986.0,689.0
1987.0,670.0
1988.0,688.0
1989.0,675.0
1990.0,698.0
1991.0,655.0
1992.0,680.0
1993.0,692.0
1994.0,670.0
1995.0,689.0
1996.0,691.0
1997.0,665.0
1998.0,686.0
1999.0,661.0
2000.0,673.0
2001.0,660.0
2002.0,673.0
2003.0,685.0
2004.0,681.0
2005.0,674.0
2006.0,669.0
2007.0,674.0
2008.0,691.0
2009.0,682.0
2010.0,685.0
2011.0,675.0
2012.0,676.0
2013.0,689.0
2014.0,677.0
2015.0,676.0
2016.0,704.0
2017.0,680.0
2018.0,688.0
2019.0,670.0
2020.0,682.0
2021.0,660.0
2022.0,670.0
2023.0,670.0
2024.0,673.0
2025.0,689.0
2026.0,685.0
2027.0,686.0
2028.0,680.0
2029.0,689.0
2030.0,664.0
2031.0,683.0
2032.0,680.0
2033.0,677.0
2034.0,675.0
2035.0,665.0
2036.0,684.0
2037.0,694.0
2038.0,679.0
2039.0,678.0
2040.0,659.0
2041.0,660.0
2042.0,696.0
2043.0,692.0
2044.0,700.0
2045.0,672.0
2046.0,684.0
2047.0,692.0
2048.0,692.0
2049.0,685.0
2050.0,661.0
2051.0,667.0
2052.0,682.0
2053.0,669.0
2054.0,681.0
2055.0,705.0
2056.0,668.0
2057.0,687.0
2058.0,660.0
2059.0,673.0
2060.0,675.0
2061.0,674.0
2062.0,712.0
2063.0,693.0
2064.0,678.0
2065.0,656.0
2066.0,691.0
2067.0,685.0
2068.0,688.0
2069.0,692.0
2070.0,678.0
2071.0,699.0
2072.0,669.0
2073.0,677.0
2074.0,665.0
2075.0,704.0
2076.0,711.0
2077.0,664.0
2078.0,689.0
2079.0,685.0
2080.0,679.0
2081.0,687.0
2082.0,680.0
2083.0,704.0
2084.0,687.0
2085.0,678.0
2086.0,695.0
2087.0,688.0
2088.0,700.0
2089.0,685.0
2090.0,684.0
2091.0,688.0
2092.0,696.0
2093.0,690.0
2094.0,704.0
2095.0,700.0
2096.0,695.0
2097.0,674.0
2098.0,693.0
2099.0,700.0
2100.0,695.0
2101.0,693.0
2102.0,676.0
2103.0,655.0
2104.0,665.0
2105.0,676.0
2106.0,671.0
2107.0,685.0
2108.0,672.0
2109.0,688.0
2110.0,698.0
2111.0,700.0
2112.0,701.0
2113.0,697.0
2114.0,666.0
2115.0,679.0
2116.0,686.0
2117.0,681.0
2118.0,675.0
2119.0,673.0
2120.0,679.0
2121.0,669.0
2122.0,694.0
2123.0,644.0
2124.0,674.0
2125.0,672.0
2126.0,686.0
2127.0,686.0
2128.0,679.0
2129.0,683.0
2130.0,657.0
2131.0,670.0
2132.0,688.0
2133.0,668.0
2134.0,691.0
2135.0,667.0
2136.0,687.0
2137.0,679.0
2138.0,678.0
2139.0,695.0
2140.0,650.0
2141.0,666.0
2142.0,694.0
2143.0,677.0
2144.0,701.0
2145.0,678.0
2146.0,679.0
2147.0,667.0
2148.0,679.0
2149.0,678.0
2150.0,676.0
2151.0,678.0
2152.0,686.0
2153.0,692.0
2154.0,684.0
2155.0,675.0
2156.0,676.0
2157.0,687.0
2158.0,679.0
2159.0,686.0
2160.0,660.0
2161.0,669.0
2162.0,668.0
2163.0,665.0
2164.0,656.0
2165.0,704.0
2166.0,695.0
2167.0,669.0
2168.0,687.0
2169.0,689.0
2170.0,703.0
2171.0,656.0
2172.0,675.0
2173.0,677.0
2174.0,683.0
2175.0,677.0
2176.0,657.0
2177.0,674.0
2178.0,689.0
2179.0,677.0
2180.0,694.0
2181.0,674.0
2182.0,684.0
2183.0,671.0
2184.0,698.0
2185.0,681.0
2186.0,661.0
2187.0,667.0
2188.0,693.0
2189.0,688.0
2190.0,684.0
2191.0,679.0
2192.0,682.0
2193.0,679.0
2194.0,698.0
2195.0,675.0
2196.0,674.0
2197.0,687.0
2198.0,700.0
2199.0,693.0
2200.0,700.0
2201.0,703.0
2202.0,692.0
2203.0,702.0
2204.0,703.0
2205.0,716.0
2206.0,686.0
2207.0,688.0
2208.0,689.0
2209.0,705.0
2210.0,694.0
2211.0,699.0
2212.0,684.0
2213.0,688.0
2214.0,697.0
2215.0,689.0
2216.0,692.0
2217.0,699.0
2218.0,690.0
2219.0,665.0
2220.0,681.0
2221.0,670.0
2222.0,669.0
2223.0,671.0
2224.0,671.0
2225.0,699.0
2226.0,673.0
2227.0,668.0
2228.0,703.0
2229.0,671.0
2230.0,661.0
2231.0,685.0
2232.0,671.0
2233.0,685.0
2234.0,649.0
2235.0,662.0
2236.0,689.0
2237.0,676.0
2238.0,680.0
2239.0,699.0
2240.0,686.0
2241.0,692.0
2242.0,698.0
2243.0,692.0
2244.0,704.0
2245.0,666.0
2246.0,682.0
2247.0,668.0
2248.0,687.0
2249.0,671.0
2250.0,681.0
2251.0,684.0
2252.0,679.0
2253.0,690.0
2254.0,664.0
2255.0,705.0
2256.0,673.0
2257.0,679.0
2258.0,684.0
2259.0,711.0
2260.0,720.0
2261.0,685.0
2262.0,692.0
2263.0,672.0
2264.0,692.0
2265.0,668.0
2266.0,682.0
2267.0,675.0
2268.0,678.0
2269.0,684.0
2270.0,672.0
2271.0,683.0
2272.0,678.0
2273.0,676.0
2274.0,669.0
2275.0,699.0
2276.0,679.0
2277.0,681.0
2278.0,675.0
2279.0,684.0
2280.0,679.0
2281.0,698.0
2282.0,697.0
2283.0,680.0
2284.0,668.0
2285.0,674.0
2286.0,644.0
2287.0,690.0
2288.0,671.0
2289.0,680.0
2290.0,674.0
2291.0,690.0
2292.0,694.0
2293.0,689.0
2294.0,683.0
2295.0,687.0
2296.0,671.0
2297.0,682.0
2298.0,669.0
2299.0,692.0
2300.0,712.0
2301.0,695.0
2302.0,698.0
2303.0,690.0
2304.0,670.0
2305.0,695.0
2306.0,706.0
2307.0,658.0
2308.0,700.0
2309.0,692.0
2310.0,698.0
2311.0,684.0
2312.0,696.0
2313.0,676.0
2314.0,683.0
2315.0,670.0
2316.0,690.0
2317.0,713.0
2318.0,692.0
2319.0,693.0
2320.0,678.0
2321.0,680.0
2322.0,672.0
2323.0,665.0
2324.0,690.0
2325.0,675.0
2326.0,701.0
2327.0,693.0
2328.0,690.0
2329.0,685.0
2330.0,687.0
2331.0,692.0
2332.0,695.0
2333.0,681.0
2334.0,652.0
2335.0,670.0
2336.0,669.0
2337.0,695.0
2338.0,668.0
2339.0,699.0
2340.0,669.0
2341.0,671.0
2342.0,686.0
2343.0,676.0
2344.0,685.0
2345.0,695.0
2346.0,673.0
2347.0,685.0
2348.0,662.0
2349.0,681.0
2350.0,685.0
2351.0,696.0
2352.0,692.0
2353.0,675.0
2354.0,720.0
2355.0,669.0
2356.0,681.0
2357.0,698.0
2358.0,711.0
2359.0,709.0
2360.0,693.0
2361.0,707.0
2362.0,702.0
2363.0,689.0
2364.0,687.0
2365.0,691.0
2366.0,687.0
2367.0,695.0
2368.0,691.0
2369.0,664.0
2370.0,676.0
2371.0,683.0
2372.0,673.0
2373.0,691.0
2374.0,681.0
2375.0,685.0
2376.0,674.0
2377.0,688.0
2378.0,678.0
2379.0,658.0
2380.0,679.0
2381.0,669.0
2382.0,692.0
2383.0,692.0
2384.0,691.0
2385.0,650.0
2386.0,680.0
2387.0,668.0
2388.0,693.0
2389.0,700.0
2390.0,662.0
2391.0,686.0
2392.0,659.0
2393.0,675.0
2394.0,690.0
2395.0,680.0
2396.0,690.0
2397.0,690.0
2398.0,689.0
2399.0,676.0
2400.0,651.0
2401.0,684.0
2402.0,653.0
2403.0,697.0
2404.0,684.0
2405.0,670.0
2406.0,673.0
2407.0,683.0
2408.0,672.0
2409.0,649.0
2410.0,672.0
2411.0,646.0
2412.0,670.0
2413.0,674.0
2414.0,673.0
2415.0,684.0
2416.0,683.0
2417.0,653.0
2418.0,663.0
2419.0,664.0
2420.0,689.0
2421.0,665.0
2422.0,677.0
2423.0,694.0
2424.0,710.0
2425.0,664.0
2426.0,673.0
2427.0,682.0
2428.0,672.0
2429.0,674.0
2430.0,693.0
2431.0,681.0
2432.0,672.0
2433.0,671.0
2434.0,692.0
2435.0,664.0
2436.0,662.0
2437.0,665.0
2438.0,681.0
2439.0,682.0
2440.0,678.0
2441.0,679.0
2442.0,679.0
2443.0,651.0
2444.0,670.0
2445.0,657.0
2446.0,665.0
2447.0,687.0
2448.0,656.0
2449.0,661.0
2450.0,658.0
2451.0,674.0
2452.0,686.0
2453.0,674.0
2454.0,682.0
2455.0,687.0
2456.0,696.0
2457.0,686.0
2458.0,681.0
2459.0,694.0
2460.0,687.0
2461.0,650.0
2462.0,685.0
2463.0,676.0
2464.0,688.0
2465.0,693.0
2466.0,669.0
2467.0,679.0
2468.0,686.0
2469.0,688.0
2470.0,691.0
2471.0,677.0
2472.0,665.0
2473.0,680.0
2474.0,655.0
2475.0,667.0
2476.0,662.0
2477.0,671.0
2478.0,664.0
2479.0,679.0
2480.0,677.0
2481.0,681.0
2482.0,685.0
2483.0,683.0
2484.0,711.0
2485.0,699.0
2486.0,697.0
2487.0,681.0
2488.0,663.0
2489.0,649.0
2490.0,659.0
2491.0,682.0
2492.0,697.0
2493.0,681.0
2494.0,668.0
2495.0,681.0
2496.0,695.0
2497.0,683.0
2498.0,692.0
2499.0,697.0
2500.0,674.0
2501.0,697.0
2502.0,704.0
2503.0,678.0
2504.0,684.0
2505.0,682.0
2506.0,670.0
2507.0,680.0
2508.0,671.0
2509.0,658.0
2510.0,671.0
2511.0,679.0
2512.0,678.0
2513.0,677.0
2514.0,687.0
2515.0,697.0
2516.0,664.0
2517.0,692.0
2518.0,672.0
2519.0,680.0
2520.0,680.0
2521.0,671.0
2522.0,682.0
2523.0,656.0
2524.0,662.0
2525.0,683.0
2526.0,672.0
2527.0,696.0
2528.0,675.0
2529.0,691.0
2530.0,696.0
2531.0,691.0
2532.0,673.0
2533.0,687.0
2534.0,669.0
2535.0,678.0
2536.0,695.0
2537.0,689.0
2538.0,663.0
2539.0,686.0
2540.0,689.0
2541.0,682.0
2542.0,695.0
2543.0,681.0
2544.0,699.0
2545.0,695.0
2546.0,678.0
2547.0,649.0
2548.0,708.0
2549.0,695.0
2550.0,680.0
2551.0,666.0
2552.0,684.0
2553.0,678.0
2554.0,677.0
2555.0,697.0
2556.0,684.0
2557.0,677.0
2558.0,682.0
2559.0,662.0
2560.0,699.0
2561.0,689.0
2562.0,662.0
2563.0,675.0
2564.0,676.0
2565.0,682.0
2566.0,691.0
2567.0,675.0
2568.0,693.0
2569.0,693.0
2570.0,666.0
2571.0,686.0
2572.0,681.0
2573.0,677.0
2574.0,692.0
2575.0,685.0
2576.0,679.0
2577.0,693.0
2578.0,666.0
2579.0,669.0
2580.0,677.0
2581.0,667.0
2582.0,668.0
2583.0,697.0
2584.0,676.0
2585.0,665.0
2586.0,680.0
2587.0,678.0
2588.0,692.0
2589.0,669.0
2590.0,688.0
2591.0,676.0
2592.0,673.0
2593.0,695.0
2594.0,695.0
2595.0,670.0
2596.0,674.0
2597.0,698.0
2598.0,694.0
2599.0,688.0
2600.0,684.0
2601.0,666.0
2602.0,683.0
2603.0,663.0
2604.0,663.0
2605.0,670.0
2606.0,677.0
2607.0,702.0
2608.0,701.0
2609.0,692.0
2610.0,700.0
2611.0,683.0
2612.0,670.0
2613.0,675.0
2614.0,688.0
2615.0,677.0
2616.0,675.0
2617.0,669.0
2618.0,677.0
2619.0,718.0
2620.0,704.0
2621.0,679.0
2622.0,684.0
2623.0,702.0
2624.0,699.0
2625.0,685.0
2626.0,692.0
2627.0,664.0
2628.0,680.0
2629.0,677.0
2630.0,686.0
2631.0,671.0
2632.0,688.0
2633.0,689.0
2634.0,674.0
2635.0,676.0
2636.0,662.0
2637.0,673.0
2638.0,688.0
2639.0,681.0
2640.0,695.0
2641.0,690.0
2642.0,665.0
2643.0,685.0
2644.0,672.0
2645.0,670.0
2646.0,685.0
2647.0,670.0
2648.0,673.0
2649.0,651.0
2650.0,678.0
2651.0,681.0
2652.0,664.0
2653.0,658.0
2654.0,670.0
2655.0,668.0
2656.0,665.0
2657.0,688.0
2658.0,672.0
2659.0,687.0
2660.0,680.0
2661.0,684.0
2662.0,668.0
2663.0,683.0
2664.0,700.0
2665.0,674.0
2666.0,694.0
2667.0,686.0
2668.0,685.0
2669.0,678.0
2670.0,680.0
2671.0,690.0
2672.0,698.0
2673.0,711.0
2674.0,669.0
2675.0,674.0
2676.0,673.0
2677.0,680.0
2678.0,680.0
2679.0,664.0
2680.0,713.0
2681.0,695.0
2682.0,691.0
2683.0,677.0
2684.0,691.0
2685.0,693.0
2686.0,698.0
2687.0,691.0
2688.0,713.0
2689.0,693.0
2690.0,657.0
2691.0,694.0
2692.0,689.0
2693.0,681.0
2694.0,689.0
2695.0,682.0
2696.0,678.0
2697.0,678.0
2698.0,672.0
2699.0,677.0
2700.0,657.0
2701.0,676.0
2702.0,670.0
2703.0,686.0
2704.0,656.0
2705.0,678.0
2706.0,694.0
2707.0,689.0
2708.0,685.0
2709.0,677.0
2710.0,669.0
2711.0,688.0
2712.0,679.0
2713.0,678.0
2714.0,690.0
2715.0,663.0
2716.0,674.0
2717.0,670.0
2718.0,673.0
2719.0,658.0
2720.0,685.0
2721.0,690.0
2722.0,681.0
2723.0,700.0
2724.0,696.0
2725.0,679.0
2726.0,664.0
2727.0,683.0
2728.0,687.0
2729.0,693.0
2730.0,676.0
2731.0,678.0
2732.0,651.0
2733.0,677.0
2734.0,670.0
2735.0,696.0
2736.0,690.0
2737.0,657.0
2738.0,688.0
2739.0,667.0
2740.0,670.0
2741.0,683.0
2742.0,664.0
2743.0,674.0
2744.0,675.0
2745.0,688.0
2746.0,692.0
2747.0,681.0
2748.0,701.0
2749.0,683.0
2750.0,682.0
2751.0,683.0
2752.0,680.0
2753.0,680.0
2754.0,685.0
2755.0,689.0
2756.0,679.0
2757.0,700.0
2758.0,683.0
2759.0,686.0
2760.0,677.0
2761.0,687.0
2762.0,675.0
2763.0,683.0
2764.0,699.0
2765.0,671.0
2766.0,687.0
2767.0,675.0
2768.0,679.0
2769.0,657.0
2770.0,649.0
2771.0,696.0
2772.0,677.0
2773.0,677.0
2774.0,679.0
2775.0,681.0
2776.0,689.0
2777.0,683.0
2778.0,678.0
2779.0,692.0
2780.0,680.0
2781.0,671.0
2782.0,697.0
2783.0,665.0
2784.0,685.0
2785.0,690.0
2786.0,681.0
2787.0,702.0
2788.0,691.0
