Timestamp: 14-Nov-2014 12:42:41
DistanceWeight: 3.0
Evaporation: 0.5
NumAnts: 20
NumCities: 10
PheromoneAmount: 1.0
PheromoneWeight: 1.0
XSize: 150
YSize: 120


"tick","Avg. Path Lengh"
1.0,468.0
2.0,452.0
3.0,438.0
4.0,454.0
5.0,448.0
6.0,429.0
7.0,430.0
8.0,437.0
9.0,416.0
10.0,428.0
11.0,449.0
12.0,447.0
13.0,427.0
14.0,423.0
15.0,431.0
16.0,427.0
17.0,439.0
18.0,435.0
19.0,415.0
20.0,435.0
21.0,425.0
22.0,431.0
23.0,439.0
24.0,442.0
25.0,433.0
26.0,454.0
27.0,437.0
28.0,457.0
29.0,447.0
30.0,436.0
31.0,440.0
32.0,425.0
33.0,437.0
34.0,429.0
35.0,435.0
36.0,435.0
37.0,418.0
38.0,434.0
39.0,419.0
40.0,422.0
41.0,437.0
42.0,432.0
43.0,439.0
44.0,432.0
45.0,420.0
46.0,423.0
47.0,434.0
48.0,438.0
49.0,428.0
50.0,434.0
51.0,442.0
52.0,441.0
53.0,442.0
54.0,436.0
55.0,428.0
56.0,440.0
57.0,442.0
58.0,441.0
59.0,427.0
60.0,417.0
61.0,437.0
62.0,423.0
63.0,425.0
64.0,444.0
65.0,420.0
66.0,422.0
67.0,422.0
68.0,418.0
69.0,443.0
70.0,431.0
71.0,414.0
72.0,404.0
73.0,420.0
74.0,419.0
75.0,421.0
76.0,438.0
77.0,426.0
78.0,431.0
79.0,440.0
80.0,427.0
81.0,429.0
82.0,443.0
83.0,434.0
84.0,434.0
85.0,429.0
86.0,445.0
87.0,457.0
88.0,452.0
89.0,427.0
90.0,434.0
91.0,436.0
92.0,433.0
93.0,428.0
94.0,421.0
95.0,437.0
96.0,452.0
97.0,432.0
98.0,440.0
99.0,448.0
100.0,454.0
101.0,449.0
102.0,421.0
103.0,433.0
104.0,453.0
105.0,451.0
106.0,428.0
107.0,439.0
108.0,433.0
109.0,433.0
110.0,447.0
111.0,443.0
112.0,450.0
113.0,438.0
114.0,432.0
115.0,445.0
116.0,451.0
117.0,444.0
118.0,438.0
119.0,440.0
120.0,434.0
121.0,431.0
122.0,442.0
123.0,447.0
124.0,450.0
125.0,449.0
126.0,440.0
127.0,429.0
128.0,450.0
129.0,424.0
130.0,439.0
131.0,434.0
132.0,435.0
133.0,429.0
134.0,434.0
135.0,433.0
136.0,427.0
137.0,447.0
138.0,448.0
139.0,449.0
140.0,415.0
141.0,426.0
142.0,414.0
143.0,432.0
144.0,444.0
145.0,432.0
146.0,439.0
147.0,430.0
148.0,434.0
149.0,440.0
150.0,436.0
151.0,444.0
152.0,453.0
153.0,445.0
154.0,430.0
155.0,437.0
156.0,423.0
157.0,454.0
158.0,435.0
159.0,421.0
160.0,418.0
161.0,422.0
162.0,420.0
163.0,418.0
164.0,440.0
165.0,459.0
166.0,451.0
167.0,413.0
168.0,433.0
169.0,430.0
170.0,441.0
171.0,433.0
172.0,436.0
173.0,421.0
174.0,427.0
175.0,443.0
176.0,442.0
177.0,427.0
178.0,445.0
179.0,446.0
180.0,440.0
181.0,451.0
182.0,437.0
183.0,447.0
184.0,442.0
185.0,452.0
186.0,454.0
187.0,444.0
188.0,447.0
189.0,442.0
190.0,451.0
191.0,435.0
192.0,435.0
193.0,443.0
194.0,449.0
195.0,433.0
196.0,442.0
197.0,436.0
198.0,431.0
199.0,424.0
200.0,436.0
201.0,448.0
202.0,429.0
203.0,435.0
204.0,430.0
205.0,413.0
206.0,447.0
207.0,433.0
208.0,446.0
209.0,445.0
210.0,432.0
211.0,424.0
212.0,445.0
213.0,440.0
214.0,431.0
215.0,441.0
216.0,440.0
217.0,414.0
218.0,453.0
219.0,457.0
220.0,447.0
221.0,454.0
222.0,448.0
223.0,422.0
224.0,430.0
225.0,440.0
226.0,433.0
227.0,441.0
228.0,437.0
229.0,435.0
230.0,434.0
231.0,433.0
232.0,465.0
233.0,443.0
234.0,429.0
235.0,444.0
236.0,419.0
237.0,425.0
238.0,425.0
239.0,432.0
240.0,432.0
241.0,434.0
242.0,445.0
243.0,440.0
244.0,425.0
245.0,427.0
246.0,434.0
247.0,419.0
248.0,454.0
249.0,437.0
250.0,433.0
251.0,427.0
252.0,443.0
253.0,424.0
254.0,426.0
255.0,428.0
256.0,426.0
257.0,442.0
258.0,439.0
259.0,426.0
260.0,434.0
261.0,423.0
262.0,429.0
263.0,435.0
264.0,444.0
265.0,433.0
266.0,434.0
267.0,431.0
268.0,430.0
269.0,422.0
270.0,420.0
271.0,426.0
272.0,436.0
273.0,439.0
274.0,420.0
275.0,434.0
276.0,445.0
277.0,437.0
278.0,434.0
279.0,424.0
280.0,424.0
281.0,432.0
282.0,437.0
283.0,415.0
284.0,431.0
285.0,416.0
286.0,420.0
287.0,454.0
288.0,437.0
289.0,429.0
290.0,439.0
291.0,437.0
292.0,439.0
293.0,430.0
294.0,430.0
295.0,443.0
296.0,433.0
297.0,443.0
298.0,441.0
299.0,439.0
300.0,441.0
301.0,431.0
302.0,438.0
303.0,436.0
304.0,439.0
305.0,432.0
306.0,433.0
307.0,433.0
308.0,427.0
309.0,416.0
310.0,429.0
311.0,421.0
312.0,428.0
313.0,424.0
314.0,428.0
315.0,426.0
316.0,429.0
317.0,422.0
318.0,434.0
319.0,441.0
320.0,432.0
321.0,435.0
322.0,432.0
323.0,441.0
324.0,429.0
325.0,418.0
326.0,434.0
327.0,449.0
328.0,442.0
329.0,431.0
330.0,439.0
331.0,425.0
332.0,427.0
333.0,438.0
334.0,430.0
335.0,440.0
336.0,445.0
337.0,451.0
338.0,441.0
339.0,453.0
340.0,459.0
341.0,436.0
342.0,442.0
343.0,443.0
344.0,432.0
345.0,447.0
346.0,425.0
347.0,425.0
348.0,428.0
349.0,429.0
350.0,436.0
351.0,435.0
352.0,448.0
353.0,434.0
354.0,413.0
355.0,432.0
356.0,441.0
357.0,423.0
358.0,432.0
359.0,433.0
360.0,450.0
361.0,434.0
362.0,448.0
363.0,450.0
364.0,439.0
365.0,427.0
366.0,459.0
367.0,422.0
368.0,433.0
369.0,436.0
370.0,434.0
371.0,413.0
372.0,438.0
373.0,438.0
374.0,437.0
375.0,426.0
376.0,426.0
377.0,419.0
378.0,438.0
379.0,439.0
380.0,446.0
381.0,441.0
382.0,447.0
383.0,436.0
384.0,444.0
385.0,444.0
386.0,429.0
387.0,444.0
388.0,442.0
389.0,432.0
390.0,438.0
391.0,461.0
392.0,436.0
393.0,421.0
394.0,432.0
395.0,422.0
396.0,423.0
397.0,442.0
398.0,417.0
399.0,433.0
400.0,424.0
401.0,434.0
402.0,405.0
403.0,430.0
404.0,426.0
405.0,432.0
406.0,423.0
407.0,417.0
408.0,431.0
409.0,420.0
410.0,427.0
411.0,417.0
412.0,419.0
413.0,415.0
414.0,411.0
415.0,416.0
416.0,406.0
417.0,427.0
418.0,434.0
419.0,429.0
420.0,419.0
421.0,435.0
422.0,442.0
423.0,419.0
424.0,434.0
425.0,441.0
426.0,424.0
427.0,417.0
428.0,411.0
429.0,425.0
430.0,419.0
431.0,444.0
432.0,438.0
433.0,421.0
434.0,428.0
435.0,425.0
436.0,434.0
437.0,427.0
438.0,444.0
439.0,425.0
440.0,421.0
441.0,435.0
442.0,420.0
443.0,441.0
444.0,437.0
445.0,442.0
446.0,456.0
447.0,440.0
448.0,438.0
449.0,446.0
450.0,421.0
451.0,440.0
452.0,424.0
453.0,433.0
454.0,428.0
455.0,434.0
456.0,435.0
457.0,420.0
458.0,426.0
459.0,436.0
460.0,438.0
461.0,436.0
462.0,411.0
463.0,418.0
464.0,424.0
465.0,428.0
466.0,415.0
467.0,439.0
468.0,431.0
469.0,431.0
470.0,440.0
471.0,450.0
472.0,447.0
473.0,431.0
474.0,436.0
475.0,438.0
476.0,438.0
477.0,428.0
478.0,452.0
479.0,423.0
480.0,451.0
481.0,437.0
482.0,421.0
483.0,435.0
484.0,419.0
485.0,447.0
486.0,416.0
487.0,437.0
488.0,437.0
489.0,434.0
490.0,428.0
491.0,434.0
492.0,430.0
493.0,423.0
494.0,448.0
495.0,439.0
496.0,419.0
497.0,424.0
498.0,413.0
499.0,412.0
500.0,427.0
501.0,444.0
502.0,441.0
503.0,443.0
504.0,449.0
505.0,437.0
506.0,446.0
507.0,433.0
508.0,437.0
509.0,428.0
510.0,446.0
511.0,442.0
512.0,442.0
513.0,424.0
514.0,437.0
515.0,427.0
516.0,436.0
517.0,438.0
518.0,438.0
519.0,420.0
520.0,434.0
521.0,424.0
522.0,438.0
523.0,431.0
524.0,432.0
525.0,430.0
526.0,428.0
527.0,433.0
528.0,445.0
529.0,434.0
530.0,425.0
531.0,425.0
532.0,431.0
533.0,434.0
534.0,439.0
535.0,435.0
536.0,425.0
537.0,433.0
538.0,428.0
539.0,427.0
540.0,437.0
541.0,426.0
542.0,415.0
543.0,424.0
544.0,429.0
545.0,437.0
546.0,427.0
547.0,440.0
548.0,429.0
549.0,461.0
550.0,438.0
551.0,434.0
552.0,434.0
553.0,434.0
554.0,444.0
555.0,439.0
556.0,439.0
557.0,431.0
558.0,443.0
559.0,440.0
560.0,442.0
561.0,437.0
562.0,464.0
563.0,463.0
564.0,449.0
565.0,432.0
566.0,442.0
567.0,432.0
568.0,420.0
569.0,444.0
570.0,433.0
571.0,445.0
572.0,426.0
573.0,432.0
574.0,441.0
575.0,426.0
576.0,428.0
577.0,439.0
578.0,430.0
579.0,436.0
580.0,430.0
581.0,438.0
582.0,412.0
583.0,420.0
584.0,436.0
585.0,434.0
586.0,422.0
587.0,420.0
588.0,419.0
589.0,428.0
590.0,430.0
591.0,454.0
592.0,431.0
593.0,449.0
594.0,448.0
595.0,445.0
596.0,449.0
597.0,434.0
598.0,426.0
599.0,432.0
600.0,438.0
601.0,436.0
602.0,444.0
603.0,447.0
604.0,433.0
605.0,434.0
606.0,438.0
607.0,434.0
608.0,443.0
609.0,450.0
610.0,422.0
611.0,430.0
612.0,424.0
613.0,427.0
614.0,431.0
615.0,428.0
616.0,428.0
617.0,424.0
618.0,431.0
619.0,412.0
620.0,422.0
621.0,435.0
622.0,420.0
623.0,450.0
624.0,408.0
625.0,450.0
626.0,441.0
627.0,430.0
628.0,449.0
629.0,428.0
630.0,440.0
631.0,430.0
632.0,445.0
633.0,453.0
634.0,448.0
635.0,440.0
636.0,453.0
637.0,446.0
638.0,438.0
639.0,444.0
640.0,442.0
641.0,435.0
642.0,443.0
643.0,428.0
644.0,430.0
645.0,442.0
646.0,444.0
647.0,431.0
648.0,425.0
649.0,439.0
650.0,443.0
651.0,432.0
652.0,438.0
653.0,428.0
654.0,445.0
655.0,440.0
656.0,438.0
657.0,436.0
658.0,436.0
659.0,436.0
660.0,432.0
661.0,443.0
662.0,441.0
663.0,417.0
664.0,444.0
665.0,453.0
666.0,438.0
667.0,429.0
668.0,447.0
669.0,428.0
670.0,435.0
671.0,441.0
672.0,436.0
673.0,429.0
674.0,430.0
675.0,427.0
676.0,437.0
677.0,434.0
678.0,432.0
679.0,449.0
680.0,427.0
681.0,422.0
682.0,448.0
683.0,432.0
684.0,430.0
685.0,430.0
686.0,445.0
687.0,444.0
688.0,441.0
689.0,440.0
690.0,440.0
691.0,450.0
692.0,425.0
693.0,445.0
694.0,422.0
695.0,446.0
696.0,430.0
697.0,433.0
698.0,441.0
699.0,427.0
700.0,437.0
701.0,437.0
702.0,447.0
703.0,427.0
704.0,438.0
705.0,437.0
706.0,431.0
707.0,437.0
708.0,430.0
709.0,426.0
710.0,442.0
711.0,428.0
712.0,421.0
713.0,445.0
714.0,435.0
715.0,427.0
716.0,448.0
717.0,417.0
718.0,438.0
719.0,438.0
720.0,415.0
721.0,422.0
722.0,428.0
723.0,441.0
724.0,413.0
725.0,453.0
726.0,432.0
727.0,446.0
728.0,418.0
729.0,434.0
730.0,448.0
731.0,452.0
732.0,439.0
733.0,433.0
734.0,434.0
735.0,441.0
736.0,430.0
737.0,431.0
738.0,426.0
739.0,429.0
740.0,429.0
741.0,434.0
742.0,424.0
743.0,437.0
744.0,429.0
745.0,453.0
746.0,434.0
747.0,426.0
748.0,450.0
749.0,440.0
750.0,427.0
751.0,436.0
752.0,457.0
753.0,429.0
754.0,436.0
755.0,430.0
756.0,427.0
757.0,427.0
758.0,418.0
759.0,436.0
760.0,447.0
761.0,433.0
762.0,428.0
763.0,431.0
764.0,439.0
765.0,444.0
766.0,427.0
767.0,412.0
768.0,446.0
769.0,431.0
770.0,446.0
771.0,422.0
772.0,440.0
773.0,450.0
774.0,439.0
775.0,431.0
776.0,432.0
777.0,437.0
778.0,426.0
779.0,429.0
780.0,433.0
781.0,422.0
782.0,405.0
783.0,425.0
784.0,425.0
785.0,422.0
786.0,447.0
787.0,430.0
788.0,440.0
789.0,429.0
790.0,436.0
791.0,430.0
792.0,453.0
793.0,431.0
794.0,434.0
795.0,444.0
796.0,440.0
797.0,435.0
798.0,450.0
799.0,433.0
800.0,439.0
801.0,428.0
802.0,436.0
803.0,422.0
804.0,430.0
805.0,452.0
806.0,427.0
807.0,435.0
808.0,426.0
809.0,444.0
810.0,436.0
811.0,448.0
812.0,457.0
813.0,446.0
814.0,440.0
815.0,414.0
816.0,434.0
817.0,439.0
818.0,425.0
819.0,417.0
820.0,431.0
821.0,442.0
822.0,435.0
823.0,448.0
824.0,443.0
825.0,443.0
826.0,440.0
827.0,435.0
828.0,441.0
829.0,449.0
830.0,442.0
831.0,432.0
832.0,450.0
833.0,436.0
834.0,420.0
835.0,428.0
836.0,433.0
837.0,420.0
838.0,447.0
839.0,437.0
840.0,437.0
841.0,424.0
842.0,441.0
843.0,438.0
844.0,439.0
845.0,439.0
846.0,425.0
847.0,443.0
848.0,432.0
849.0,426.0
850.0,428.0
851.0,427.0
852.0,426.0
853.0,412.0
854.0,434.0
855.0,431.0
856.0,437.0
857.0,429.0
858.0,433.0
859.0,429.0
860.0,435.0
861.0,434.0
862.0,433.0
863.0,427.0
864.0,434.0
865.0,439.0
866.0,441.0
867.0,440.0
868.0,430.0
869.0,446.0
870.0,435.0
871.0,442.0
872.0,444.0
873.0,450.0
874.0,445.0
875.0,441.0
876.0,456.0
877.0,436.0
878.0,431.0
879.0,435.0
880.0,440.0
881.0,425.0
882.0,434.0
883.0,440.0
884.0,442.0
885.0,442.0
886.0,425.0
887.0,432.0
888.0,436.0
889.0,426.0
890.0,433.0
891.0,441.0
892.0,427.0
893.0,423.0
894.0,441.0
895.0,432.0
896.0,450.0
897.0,423.0
898.0,442.0
899.0,428.0
900.0,437.0
901.0,449.0
902.0,431.0
903.0,438.0
904.0,429.0
905.0,428.0
906.0,424.0
907.0,413.0
908.0,420.0
909.0,423.0
910.0,408.0
911.0,440.0
912.0,434.0
913.0,443.0
914.0,419.0
915.0,454.0
916.0,432.0
917.0,428.0
918.0,428.0
919.0,430.0
920.0,441.0
921.0,455.0
922.0,426.0
923.0,433.0
924.0,419.0
925.0,436.0
926.0,435.0
927.0,428.0
928.0,429.0
929.0,439.0
930.0,431.0
931.0,431.0
932.0,421.0
933.0,424.0
934.0,430.0
935.0,441.0
936.0,441.0
937.0,431.0
938.0,432.0
939.0,447.0
940.0,455.0
941.0,454.0
942.0,451.0
943.0,443.0
944.0,458.0
945.0,438.0
946.0,436.0
947.0,449.0
948.0,435.0
949.0,432.0
950.0,442.0
951.0,450.0
952.0,445.0
953.0,452.0
954.0,430.0
955.0,452.0
956.0,443.0
957.0,432.0
958.0,431.0
959.0,435.0
960.0,447.0
961.0,420.0
962.0,420.0
963.0,426.0
964.0,408.0
965.0,418.0
966.0,415.0
967.0,411.0
968.0,438.0
969.0,433.0
970.0,447.0
971.0,438.0
972.0,431.0
973.0,421.0
974.0,427.0
975.0,437.0
976.0,427.0
977.0,438.0
978.0,411.0
979.0,424.0
980.0,431.0
981.0,430.0
982.0,426.0
983.0,421.0
984.0,431.0
985.0,452.0
986.0,449.0
987.0,445.0
988.0,438.0
989.0,432.0
990.0,435.0
991.0,418.0
992.0,434.0
993.0,418.0
994.0,443.0
995.0,430.0
996.0,434.0
997.0,437.0
998.0,439.0
