Timestamp: 14-Nov-2014 22:56:44
DelayedPheromone: false
DistanceWeight: 3.0
Evaporation: 0.5
NumAnts: 100
NumCities: 50
PheromoneAmount: 1.0
PheromoneWeight: 1.0
XSize: 150
YSize: 120


"tick","Avg. Path Lengh"
1.0,1335.0
2.0,1009.0
3.0,967.0
4.0,944.0
5.0,946.0
6.0,953.0
7.0,934.0
8.0,936.0
9.0,941.0
10.0,947.0
11.0,939.0
12.0,939.0
13.0,945.0
14.0,935.0
15.0,942.0
16.0,929.0
17.0,941.0
18.0,944.0
19.0,941.0
20.0,944.0
21.0,929.0
22.0,928.0
23.0,921.0
24.0,935.0
25.0,934.0
26.0,949.0
27.0,942.0
28.0,939.0
29.0,936.0
30.0,927.0
31.0,928.0
32.0,932.0
33.0,936.0
34.0,931.0
35.0,931.0
36.0,938.0
37.0,939.0
38.0,939.0
39.0,928.0
40.0,943.0
41.0,937.0
42.0,935.0
43.0,933.0
44.0,940.0
45.0,932.0
46.0,934.0
47.0,932.0
48.0,941.0
49.0,945.0
50.0,936.0
51.0,934.0
52.0,925.0
53.0,940.0
54.0,928.0
55.0,931.0
56.0,929.0
57.0,929.0
58.0,931.0
59.0,934.0
60.0,911.0
61.0,936.0
62.0,934.0
63.0,920.0
64.0,929.0
65.0,924.0
66.0,920.0
67.0,921.0
68.0,933.0
69.0,923.0
70.0,929.0
71.0,930.0
72.0,945.0
73.0,938.0
74.0,940.0
75.0,950.0
76.0,922.0
77.0,919.0
78.0,928.0
79.0,929.0
80.0,919.0
81.0,926.0
82.0,934.0
83.0,928.0
84.0,931.0
85.0,933.0
86.0,924.0
87.0,933.0
88.0,926.0
89.0,921.0
90.0,931.0
91.0,926.0
92.0,932.0
93.0,937.0
94.0,927.0
95.0,929.0
96.0,919.0
97.0,924.0
98.0,921.0
99.0,933.0
100.0,933.0
101.0,934.0
102.0,931.0
103.0,929.0
104.0,924.0
105.0,920.0
106.0,914.0
107.0,924.0
108.0,916.0
109.0,918.0
110.0,915.0
111.0,926.0
112.0,918.0
113.0,917.0
114.0,915.0
115.0,930.0
116.0,920.0
117.0,941.0
118.0,928.0
119.0,925.0
120.0,927.0
121.0,925.0
122.0,921.0
123.0,927.0
124.0,927.0
125.0,918.0
126.0,931.0
127.0,917.0
128.0,923.0
129.0,920.0
130.0,924.0
131.0,929.0
132.0,924.0
133.0,926.0
134.0,934.0
135.0,924.0
136.0,926.0
137.0,929.0
138.0,941.0
139.0,930.0
140.0,920.0
141.0,924.0
142.0,925.0
143.0,924.0
144.0,917.0
145.0,909.0
146.0,921.0
147.0,916.0
148.0,917.0
149.0,932.0
150.0,925.0
151.0,920.0
152.0,931.0
153.0,919.0
154.0,916.0
155.0,911.0
156.0,911.0
157.0,918.0
158.0,941.0
159.0,929.0
160.0,924.0
161.0,915.0
162.0,938.0
163.0,940.0
164.0,930.0
165.0,918.0
166.0,912.0
167.0,934.0
168.0,942.0
169.0,918.0
170.0,933.0
171.0,926.0
172.0,916.0
173.0,924.0
174.0,932.0
175.0,920.0
176.0,926.0
177.0,931.0
178.0,928.0
179.0,934.0
180.0,942.0
181.0,942.0
182.0,929.0
183.0,937.0
184.0,934.0
185.0,933.0
186.0,938.0
187.0,938.0
188.0,931.0
189.0,929.0
190.0,939.0
191.0,928.0
192.0,932.0
193.0,926.0
194.0,923.0
195.0,923.0
196.0,920.0
197.0,939.0
198.0,945.0
199.0,925.0
200.0,955.0
201.0,944.0
202.0,955.0
203.0,948.0
204.0,939.0
205.0,941.0
206.0,943.0
207.0,943.0
208.0,941.0
209.0,938.0
210.0,934.0
211.0,936.0
212.0,942.0
213.0,940.0
214.0,945.0
215.0,956.0
216.0,935.0
217.0,925.0
218.0,941.0
219.0,941.0
220.0,960.0
221.0,938.0
222.0,950.0
223.0,926.0
224.0,932.0
225.0,950.0
226.0,939.0
227.0,942.0
228.0,929.0
229.0,936.0
230.0,928.0
231.0,921.0
232.0,949.0
233.0,948.0
234.0,944.0
235.0,948.0
236.0,943.0
237.0,941.0
238.0,951.0
239.0,932.0
240.0,933.0
241.0,933.0
242.0,940.0
243.0,947.0
244.0,946.0
245.0,948.0
246.0,937.0
247.0,947.0
248.0,947.0
249.0,947.0
250.0,935.0
251.0,935.0
252.0,932.0
253.0,943.0
254.0,933.0
255.0,943.0
256.0,941.0
257.0,932.0
258.0,943.0
259.0,941.0
260.0,936.0
261.0,940.0
262.0,935.0
263.0,931.0
264.0,940.0
265.0,952.0
266.0,934.0
267.0,935.0
268.0,941.0
269.0,938.0
270.0,941.0
271.0,939.0
272.0,938.0
273.0,936.0
274.0,930.0
275.0,932.0
276.0,921.0
277.0,932.0
278.0,937.0
279.0,929.0
280.0,931.0
281.0,931.0
282.0,928.0
283.0,917.0
284.0,930.0
285.0,928.0
286.0,944.0
287.0,933.0
288.0,943.0
289.0,922.0
290.0,937.0
291.0,935.0
292.0,955.0
293.0,936.0
294.0,915.0
295.0,921.0
296.0,919.0
297.0,927.0
298.0,920.0
299.0,925.0
300.0,923.0
301.0,923.0
302.0,936.0
303.0,929.0
304.0,925.0
305.0,930.0
306.0,935.0
307.0,935.0
308.0,931.0
309.0,942.0
310.0,936.0
311.0,931.0
312.0,922.0
313.0,920.0
314.0,919.0
315.0,939.0
316.0,929.0
317.0,928.0
318.0,921.0
319.0,918.0
320.0,944.0
321.0,923.0
322.0,922.0
323.0,919.0
324.0,928.0
325.0,930.0
326.0,921.0
327.0,914.0
328.0,917.0
329.0,927.0
330.0,931.0
331.0,924.0
332.0,927.0
333.0,933.0
334.0,925.0
335.0,914.0
336.0,931.0
337.0,927.0
338.0,928.0
339.0,928.0
340.0,922.0
341.0,919.0
342.0,940.0
343.0,929.0
344.0,923.0
345.0,925.0
346.0,942.0
347.0,934.0
348.0,932.0
349.0,931.0
350.0,926.0
351.0,931.0
352.0,910.0
353.0,921.0
354.0,922.0
355.0,917.0
356.0,928.0
357.0,913.0
358.0,900.0
359.0,922.0
360.0,912.0
361.0,916.0
362.0,919.0
363.0,915.0
364.0,908.0
365.0,904.0
366.0,915.0
367.0,890.0
368.0,903.0
369.0,909.0
370.0,908.0
371.0,912.0
372.0,914.0
373.0,920.0
374.0,913.0
375.0,909.0
376.0,919.0
377.0,924.0
378.0,925.0
379.0,926.0
380.0,927.0
381.0,916.0
382.0,917.0
383.0,914.0
384.0,927.0
385.0,924.0
386.0,923.0
387.0,916.0
388.0,924.0
389.0,929.0
390.0,917.0
391.0,920.0
392.0,924.0
393.0,934.0
394.0,930.0
395.0,919.0
396.0,930.0
397.0,924.0
398.0,899.0
399.0,907.0
400.0,921.0
401.0,912.0
402.0,912.0
403.0,917.0
404.0,923.0
405.0,930.0
406.0,913.0
407.0,910.0
408.0,923.0
409.0,915.0
410.0,916.0
411.0,919.0
412.0,918.0
413.0,928.0
414.0,930.0
415.0,931.0
416.0,928.0
417.0,915.0
418.0,930.0
419.0,931.0
420.0,920.0
421.0,935.0
422.0,924.0
423.0,924.0
424.0,929.0
425.0,915.0
426.0,917.0
427.0,928.0
428.0,917.0
429.0,928.0
430.0,924.0
431.0,930.0
432.0,923.0
433.0,924.0
434.0,934.0
435.0,929.0
436.0,914.0
437.0,920.0
438.0,907.0
439.0,933.0
440.0,930.0
441.0,926.0
442.0,928.0
443.0,931.0
444.0,925.0
445.0,917.0
446.0,922.0
447.0,930.0
448.0,933.0
449.0,931.0
450.0,929.0
451.0,922.0
452.0,919.0
453.0,933.0
454.0,906.0
455.0,917.0
456.0,904.0
457.0,915.0
458.0,917.0
459.0,914.0
460.0,926.0
461.0,931.0
462.0,908.0
463.0,912.0
464.0,918.0
465.0,917.0
466.0,903.0
467.0,919.0
468.0,911.0
469.0,922.0
470.0,916.0
471.0,908.0
472.0,925.0
473.0,913.0
474.0,929.0
475.0,934.0
476.0,907.0
477.0,918.0
478.0,919.0
479.0,917.0
480.0,916.0
481.0,920.0
482.0,934.0
483.0,914.0
484.0,911.0
485.0,926.0
486.0,921.0
487.0,920.0
488.0,903.0
489.0,919.0
490.0,911.0
491.0,926.0
492.0,921.0
493.0,915.0
494.0,903.0
495.0,912.0
496.0,918.0
497.0,896.0
498.0,921.0
499.0,919.0
500.0,907.0
501.0,898.0
502.0,910.0
503.0,908.0
504.0,913.0
505.0,909.0
506.0,909.0
507.0,908.0
508.0,923.0
509.0,914.0
510.0,909.0
511.0,918.0
512.0,914.0
513.0,913.0
514.0,910.0
515.0,911.0
516.0,922.0
517.0,916.0
518.0,925.0
519.0,925.0
520.0,911.0
521.0,922.0
522.0,929.0
523.0,937.0
524.0,922.0
525.0,930.0
526.0,924.0
527.0,921.0
528.0,914.0
529.0,934.0
530.0,921.0
531.0,921.0
532.0,927.0
533.0,933.0
534.0,921.0
535.0,924.0
536.0,917.0
537.0,921.0
538.0,918.0
539.0,922.0
540.0,919.0
541.0,922.0
542.0,922.0
543.0,924.0
544.0,899.0
545.0,911.0
546.0,913.0
547.0,917.0
548.0,929.0
549.0,925.0
550.0,930.0
551.0,923.0
552.0,919.0
553.0,936.0
554.0,934.0
555.0,926.0
556.0,924.0
557.0,924.0
558.0,914.0
559.0,910.0
560.0,905.0
561.0,912.0
562.0,917.0
563.0,918.0
564.0,926.0
565.0,919.0
566.0,921.0
567.0,925.0
568.0,912.0
569.0,909.0
570.0,916.0
571.0,923.0
572.0,924.0
573.0,915.0
574.0,931.0
575.0,917.0
576.0,928.0
577.0,937.0
578.0,936.0
579.0,925.0
580.0,942.0
581.0,929.0
582.0,928.0
583.0,920.0
584.0,927.0
585.0,921.0
586.0,941.0
587.0,919.0
588.0,923.0
589.0,927.0
590.0,934.0
591.0,944.0
592.0,931.0
593.0,937.0
594.0,930.0
595.0,945.0
596.0,932.0
597.0,937.0
598.0,949.0
599.0,928.0
600.0,933.0
601.0,935.0
602.0,930.0
603.0,924.0
604.0,936.0
605.0,931.0
606.0,939.0
607.0,933.0
608.0,932.0
609.0,936.0
610.0,942.0
611.0,929.0
612.0,924.0
613.0,930.0
614.0,930.0
615.0,926.0
616.0,929.0
617.0,934.0
618.0,938.0
619.0,941.0
620.0,929.0
621.0,922.0
622.0,928.0
623.0,927.0
624.0,922.0
625.0,916.0
626.0,929.0
627.0,925.0
628.0,943.0
629.0,936.0
630.0,931.0
631.0,932.0
632.0,938.0
633.0,935.0
634.0,924.0
635.0,935.0
636.0,929.0
637.0,924.0
638.0,939.0
639.0,921.0
640.0,934.0
641.0,943.0
642.0,945.0
643.0,937.0
644.0,941.0
645.0,944.0
646.0,944.0
647.0,910.0
648.0,929.0
649.0,917.0
650.0,926.0
651.0,918.0
652.0,924.0
653.0,925.0
654.0,914.0
655.0,914.0
656.0,922.0
657.0,931.0
658.0,921.0
659.0,919.0
660.0,917.0
661.0,926.0
662.0,918.0
663.0,913.0
664.0,915.0
665.0,925.0
666.0,917.0
667.0,924.0
668.0,928.0
669.0,917.0
670.0,928.0
671.0,921.0
672.0,907.0
673.0,917.0
674.0,923.0
675.0,930.0
676.0,917.0
677.0,915.0
678.0,928.0
679.0,913.0
680.0,921.0
681.0,923.0
682.0,915.0
683.0,927.0
684.0,930.0
685.0,930.0
686.0,929.0
687.0,935.0
688.0,932.0
689.0,932.0
690.0,933.0
691.0,937.0
692.0,923.0
693.0,920.0
694.0,929.0
695.0,933.0
696.0,929.0
697.0,925.0
698.0,918.0
699.0,914.0
700.0,921.0
701.0,927.0
702.0,923.0
703.0,937.0
704.0,931.0
705.0,923.0
706.0,929.0
707.0,922.0
708.0,912.0
709.0,934.0
710.0,926.0
711.0,932.0
712.0,928.0
713.0,930.0
714.0,935.0
715.0,943.0
716.0,937.0
717.0,933.0
718.0,922.0
719.0,936.0
720.0,917.0
721.0,926.0
722.0,936.0
723.0,931.0
724.0,935.0
725.0,928.0
726.0,930.0
727.0,929.0
728.0,923.0
729.0,930.0
730.0,930.0
731.0,942.0
732.0,936.0
733.0,929.0
734.0,936.0
735.0,932.0
736.0,927.0
737.0,937.0
738.0,926.0
739.0,943.0
740.0,942.0
741.0,938.0
742.0,933.0
743.0,943.0
744.0,944.0
745.0,941.0
746.0,929.0
747.0,941.0
748.0,935.0
749.0,934.0
750.0,946.0
751.0,929.0
752.0,935.0
753.0,930.0
754.0,923.0
755.0,925.0
756.0,943.0
757.0,934.0
758.0,936.0
759.0,942.0
760.0,944.0
761.0,943.0
762.0,936.0
763.0,935.0
764.0,927.0
765.0,937.0
766.0,938.0
767.0,943.0
768.0,941.0
769.0,940.0
770.0,930.0
771.0,933.0
772.0,943.0
773.0,942.0
774.0,933.0
775.0,937.0
776.0,939.0
777.0,945.0
778.0,933.0
779.0,927.0
780.0,938.0
781.0,930.0
782.0,939.0
783.0,932.0
784.0,943.0
785.0,924.0
786.0,945.0
787.0,929.0
788.0,946.0
789.0,941.0
790.0,929.0
791.0,937.0
792.0,929.0
793.0,936.0
794.0,934.0
795.0,919.0
796.0,938.0
797.0,928.0
798.0,928.0
799.0,925.0
800.0,933.0
801.0,926.0
802.0,933.0
803.0,935.0
804.0,925.0
805.0,928.0
806.0,934.0
807.0,932.0
808.0,931.0
809.0,934.0
810.0,930.0
811.0,940.0
812.0,939.0
813.0,928.0
814.0,937.0
815.0,924.0
816.0,934.0
817.0,932.0
818.0,941.0
819.0,938.0
820.0,936.0
821.0,928.0
822.0,929.0
823.0,929.0
824.0,940.0
825.0,940.0
826.0,927.0
827.0,913.0
828.0,923.0
829.0,918.0
830.0,920.0
831.0,910.0
832.0,920.0
833.0,924.0
834.0,936.0
835.0,938.0
836.0,933.0
837.0,924.0
838.0,931.0
839.0,931.0
840.0,942.0
841.0,948.0
842.0,933.0
843.0,941.0
844.0,918.0
845.0,927.0
846.0,925.0
847.0,929.0
848.0,933.0
849.0,917.0
850.0,930.0
851.0,932.0
852.0,941.0
853.0,940.0
854.0,933.0
855.0,937.0
856.0,951.0
857.0,935.0
858.0,935.0
859.0,933.0
860.0,931.0
861.0,923.0
862.0,940.0
863.0,929.0
864.0,930.0
865.0,922.0
866.0,930.0
867.0,916.0
868.0,924.0
869.0,922.0
870.0,929.0
871.0,936.0
872.0,931.0
873.0,929.0
874.0,908.0
875.0,928.0
876.0,930.0
877.0,929.0
878.0,912.0
879.0,919.0
880.0,926.0
881.0,920.0
882.0,928.0
883.0,923.0
884.0,926.0
885.0,933.0
886.0,941.0
887.0,925.0
888.0,935.0
889.0,939.0
890.0,921.0
891.0,919.0
892.0,923.0
893.0,922.0
894.0,918.0
895.0,916.0
896.0,912.0
897.0,920.0
898.0,916.0
899.0,923.0
900.0,909.0
901.0,915.0
902.0,920.0
903.0,917.0
904.0,921.0
905.0,927.0
906.0,914.0
907.0,920.0
908.0,914.0
909.0,916.0
910.0,913.0
911.0,915.0
912.0,929.0
913.0,929.0
914.0,914.0
915.0,920.0
916.0,919.0
917.0,923.0
918.0,923.0
919.0,931.0
920.0,933.0
921.0,924.0
922.0,928.0
923.0,911.0
924.0,904.0
925.0,923.0
926.0,921.0
927.0,925.0
928.0,930.0
929.0,930.0
930.0,935.0
931.0,929.0
932.0,921.0
933.0,931.0
934.0,927.0
935.0,926.0
936.0,930.0
937.0,923.0
938.0,927.0
939.0,936.0
940.0,928.0
941.0,926.0
942.0,929.0
943.0,937.0
944.0,946.0
945.0,940.0
946.0,939.0
947.0,933.0
948.0,938.0
949.0,931.0
950.0,937.0
951.0,924.0
952.0,921.0
953.0,944.0
954.0,927.0
955.0,936.0
956.0,933.0
957.0,937.0
958.0,938.0
959.0,924.0
960.0,932.0
961.0,940.0
962.0,936.0
963.0,937.0
964.0,934.0
965.0,936.0
966.0,928.0
967.0,936.0
968.0,925.0
969.0,928.0
970.0,921.0
971.0,925.0
972.0,933.0
973.0,921.0
974.0,931.0
975.0,922.0
976.0,921.0
977.0,923.0
978.0,926.0
979.0,930.0
980.0,941.0
981.0,935.0
982.0,927.0
983.0,917.0
984.0,934.0
985.0,920.0
986.0,931.0
987.0,926.0
988.0,933.0
989.0,921.0
990.0,918.0
991.0,925.0
992.0,917.0
993.0,917.0
994.0,910.0
995.0,905.0
996.0,928.0
997.0,932.0
998.0,930.0
999.0,925.0
1000.0,923.0
1001.0,932.0
1002.0,935.0
1003.0,923.0
1004.0,945.0
1005.0,932.0
1006.0,930.0
1007.0,914.0
1008.0,935.0
1009.0,936.0
1010.0,927.0
1011.0,939.0
1012.0,941.0
1013.0,941.0
1014.0,921.0
1015.0,934.0
1016.0,923.0
1017.0,933.0
1018.0,930.0
1019.0,921.0
1020.0,929.0
1021.0,934.0
1022.0,929.0
1023.0,933.0
1024.0,926.0
1025.0,928.0
1026.0,937.0
1027.0,929.0
1028.0,935.0
1029.0,937.0
1030.0,941.0
1031.0,931.0
1032.0,943.0
1033.0,942.0
1034.0,928.0
1035.0,939.0
1036.0,930.0
1037.0,939.0
1038.0,945.0
1039.0,938.0
1040.0,942.0
1041.0,926.0
1042.0,931.0
1043.0,928.0
1044.0,923.0
1045.0,934.0
1046.0,935.0
1047.0,936.0
1048.0,937.0
1049.0,931.0
1050.0,936.0
1051.0,939.0
1052.0,929.0
1053.0,937.0
1054.0,920.0
1055.0,937.0
1056.0,927.0
1057.0,933.0
1058.0,949.0
1059.0,930.0
1060.0,939.0
1061.0,933.0
1062.0,930.0
1063.0,940.0
1064.0,941.0
1065.0,945.0
1066.0,940.0
1067.0,931.0
1068.0,936.0
1069.0,930.0
1070.0,933.0
1071.0,934.0
1072.0,930.0
1073.0,939.0
1074.0,940.0
1075.0,935.0
1076.0,934.0
1077.0,943.0
1078.0,925.0
1079.0,935.0
1080.0,928.0
1081.0,932.0
1082.0,916.0
1083.0,926.0
1084.0,914.0
1085.0,917.0
1086.0,925.0
1087.0,923.0
1088.0,916.0
1089.0,928.0
1090.0,927.0
1091.0,918.0
1092.0,927.0
1093.0,933.0
1094.0,926.0
1095.0,930.0
1096.0,926.0
1097.0,921.0
1098.0,932.0
1099.0,918.0
1100.0,928.0
1101.0,930.0
1102.0,912.0
1103.0,921.0
1104.0,930.0
1105.0,925.0
1106.0,927.0
1107.0,919.0
1108.0,928.0
1109.0,928.0
1110.0,925.0
1111.0,922.0
1112.0,920.0
1113.0,913.0
1114.0,935.0
1115.0,929.0
1116.0,928.0
1117.0,928.0
1118.0,919.0
1119.0,933.0
1120.0,925.0
1121.0,919.0
1122.0,921.0
1123.0,919.0
1124.0,933.0
1125.0,918.0
1126.0,925.0
1127.0,918.0
1128.0,911.0
1129.0,907.0
1130.0,921.0
1131.0,924.0
1132.0,919.0
1133.0,924.0
1134.0,924.0
1135.0,926.0
1136.0,913.0
1137.0,927.0
1138.0,927.0
1139.0,915.0
1140.0,926.0
1141.0,921.0
1142.0,924.0
1143.0,932.0
1144.0,917.0
1145.0,916.0
1146.0,926.0
1147.0,911.0
1148.0,923.0
1149.0,917.0
1150.0,926.0
1151.0,931.0
1152.0,922.0
1153.0,921.0
1154.0,934.0
1155.0,919.0
1156.0,921.0
1157.0,921.0
1158.0,905.0
1159.0,933.0
1160.0,923.0
1161.0,921.0
1162.0,921.0
1163.0,928.0
1164.0,916.0
1165.0,925.0
1166.0,911.0
1167.0,925.0
1168.0,925.0
1169.0,917.0
1170.0,919.0
1171.0,909.0
1172.0,923.0
1173.0,916.0
1174.0,910.0
1175.0,922.0
1176.0,919.0
1177.0,918.0
1178.0,931.0
1179.0,910.0
1180.0,939.0
1181.0,919.0
1182.0,916.0
1183.0,915.0
1184.0,913.0
1185.0,909.0
1186.0,908.0
1187.0,915.0
1188.0,923.0
1189.0,914.0
1190.0,924.0
1191.0,913.0
1192.0,914.0
1193.0,914.0
1194.0,922.0
1195.0,913.0
1196.0,923.0
1197.0,921.0
1198.0,923.0
1199.0,925.0
1200.0,921.0
1201.0,918.0
1202.0,926.0
1203.0,937.0
1204.0,925.0
1205.0,927.0
1206.0,930.0
1207.0,913.0
1208.0,931.0
1209.0,933.0
1210.0,926.0
1211.0,943.0
1212.0,931.0
1213.0,926.0
1214.0,915.0
1215.0,921.0
1216.0,921.0
1217.0,913.0
1218.0,934.0
1219.0,934.0
1220.0,924.0
1221.0,914.0
1222.0,927.0
1223.0,936.0
1224.0,919.0
1225.0,920.0
1226.0,933.0
1227.0,918.0
1228.0,918.0
1229.0,916.0
1230.0,931.0
1231.0,929.0
1232.0,921.0
1233.0,934.0
1234.0,929.0
1235.0,918.0
1236.0,924.0
1237.0,921.0
1238.0,926.0
1239.0,921.0
1240.0,919.0
1241.0,927.0
1242.0,916.0
1243.0,923.0
1244.0,922.0
1245.0,911.0
1246.0,926.0
1247.0,926.0
1248.0,925.0
1249.0,937.0
1250.0,926.0
1251.0,926.0
1252.0,918.0
1253.0,920.0
1254.0,920.0
1255.0,932.0
1256.0,929.0
1257.0,931.0
1258.0,935.0
1259.0,913.0
1260.0,933.0
1261.0,926.0
1262.0,925.0
1263.0,932.0
1264.0,923.0
1265.0,937.0
1266.0,928.0
1267.0,923.0
1268.0,923.0
1269.0,921.0
1270.0,933.0
1271.0,917.0
1272.0,933.0
1273.0,923.0
1274.0,928.0
1275.0,918.0
1276.0,932.0
1277.0,922.0
1278.0,919.0
1279.0,921.0
1280.0,930.0
1281.0,922.0
1282.0,933.0
1283.0,920.0
1284.0,931.0
1285.0,927.0
1286.0,926.0
1287.0,922.0
1288.0,933.0
1289.0,929.0
1290.0,922.0
1291.0,928.0
1292.0,930.0
1293.0,928.0
1294.0,919.0
