Timestamp: 14-Nov-2014 16:21:48
DickAnts: false
DistanceWeight: 3.0
Evaporation: 0.5
NumAnts: 40
NumCities: 10
PheromoneAmount: 1.0
PheromoneWeight: 1.0
XSize: 150
YSize: 120


"tick","Avg. Path Lengh"
1.0,450.0
2.0,371.0
3.0,383.0
4.0,381.0
5.0,360.0
6.0,355.0
7.0,353.0
8.0,359.0
9.0,349.0
10.0,353.0
11.0,360.0
12.0,356.0
13.0,351.0
14.0,357.0
15.0,358.0
16.0,358.0
17.0,357.0
18.0,356.0
19.0,349.0
20.0,345.0
21.0,354.0
22.0,344.0
23.0,363.0
24.0,353.0
25.0,346.0
26.0,353.0
27.0,341.0
28.0,355.0
29.0,352.0
30.0,352.0
31.0,362.0
32.0,354.0
33.0,361.0
34.0,352.0
35.0,359.0
36.0,359.0
37.0,349.0
38.0,355.0
39.0,355.0
40.0,362.0
41.0,367.0
42.0,353.0
43.0,360.0
44.0,343.0
45.0,353.0
46.0,364.0
47.0,364.0
48.0,353.0
49.0,355.0
50.0,353.0
51.0,364.0
52.0,358.0
53.0,357.0
54.0,359.0
55.0,357.0
56.0,370.0
57.0,354.0
58.0,343.0
59.0,353.0
60.0,351.0
61.0,349.0
62.0,356.0
63.0,352.0
64.0,339.0
65.0,350.0
66.0,343.0
67.0,328.0
68.0,356.0
69.0,353.0
70.0,364.0
71.0,359.0
72.0,358.0
73.0,353.0
74.0,361.0
75.0,351.0
76.0,357.0
77.0,347.0
78.0,354.0
79.0,338.0
80.0,348.0
81.0,353.0
82.0,360.0
83.0,352.0
84.0,338.0
85.0,346.0
86.0,349.0
87.0,345.0
88.0,347.0
89.0,357.0
90.0,352.0
91.0,344.0
92.0,346.0
93.0,342.0
94.0,350.0
95.0,359.0
96.0,342.0
97.0,353.0
98.0,351.0
99.0,359.0
100.0,351.0
101.0,349.0
102.0,350.0
103.0,355.0
104.0,346.0
105.0,347.0
106.0,354.0
107.0,350.0
108.0,337.0
109.0,343.0
110.0,352.0
111.0,363.0
112.0,356.0
113.0,340.0
114.0,342.0
115.0,353.0
116.0,355.0
117.0,350.0
118.0,351.0
119.0,343.0
120.0,357.0
121.0,342.0
122.0,356.0
123.0,360.0
124.0,351.0
125.0,344.0
126.0,351.0
127.0,360.0
128.0,349.0
129.0,365.0
130.0,354.0
131.0,349.0
132.0,349.0
133.0,350.0
134.0,334.0
135.0,345.0
136.0,339.0
137.0,349.0
138.0,345.0
139.0,350.0
140.0,343.0
141.0,345.0
142.0,354.0
143.0,344.0
144.0,335.0
145.0,352.0
146.0,344.0
147.0,350.0
148.0,360.0
149.0,350.0
150.0,351.0
151.0,346.0
152.0,349.0
153.0,356.0
154.0,348.0
155.0,344.0
156.0,343.0
157.0,348.0
158.0,361.0
159.0,350.0
160.0,345.0
161.0,351.0
162.0,345.0
163.0,353.0
164.0,346.0
165.0,362.0
166.0,360.0
167.0,362.0
168.0,341.0
169.0,342.0
170.0,352.0
171.0,353.0
172.0,348.0
173.0,358.0
174.0,341.0
175.0,352.0
176.0,338.0
177.0,352.0
178.0,344.0
179.0,354.0
180.0,354.0
181.0,341.0
182.0,354.0
183.0,355.0
184.0,340.0
185.0,342.0
186.0,347.0
187.0,342.0
188.0,340.0
189.0,350.0
190.0,348.0
191.0,351.0
192.0,350.0
193.0,349.0
194.0,335.0
195.0,352.0
196.0,342.0
197.0,347.0
198.0,361.0
199.0,355.0
200.0,351.0
201.0,350.0
202.0,350.0
203.0,344.0
204.0,354.0
205.0,335.0
206.0,346.0
207.0,357.0
208.0,348.0
209.0,346.0
210.0,346.0
211.0,346.0
212.0,352.0
213.0,342.0
214.0,346.0
215.0,354.0
216.0,343.0
217.0,346.0
218.0,343.0
219.0,352.0
220.0,342.0
221.0,342.0
222.0,348.0
223.0,340.0
224.0,347.0
225.0,341.0
226.0,349.0
227.0,357.0
228.0,349.0
229.0,341.0
230.0,345.0
231.0,345.0
232.0,340.0
233.0,342.0
234.0,351.0
235.0,337.0
236.0,343.0
237.0,347.0
238.0,345.0
239.0,338.0
240.0,339.0
241.0,346.0
242.0,353.0
243.0,350.0
244.0,349.0
245.0,350.0
246.0,331.0
247.0,337.0
248.0,350.0
249.0,347.0
250.0,346.0
251.0,359.0
252.0,361.0
253.0,360.0
254.0,342.0
255.0,358.0
256.0,345.0
257.0,363.0
258.0,337.0
259.0,349.0
260.0,354.0
261.0,347.0
262.0,340.0
263.0,345.0
264.0,355.0
265.0,338.0
266.0,343.0
267.0,346.0
268.0,341.0
269.0,338.0
270.0,357.0
271.0,352.0
272.0,352.0
273.0,344.0
274.0,346.0
275.0,362.0
276.0,340.0
277.0,346.0
278.0,337.0
279.0,354.0
280.0,348.0
281.0,354.0
282.0,359.0
283.0,341.0
284.0,347.0
285.0,342.0
286.0,366.0
287.0,341.0
288.0,349.0
289.0,342.0
290.0,355.0
291.0,342.0
292.0,339.0
293.0,346.0
294.0,338.0
295.0,346.0
296.0,355.0
297.0,345.0
298.0,349.0
299.0,342.0
300.0,339.0
301.0,351.0
302.0,347.0
303.0,338.0
304.0,348.0
305.0,354.0
306.0,345.0
307.0,348.0
308.0,342.0
309.0,337.0
310.0,341.0
311.0,336.0
312.0,344.0
313.0,331.0
314.0,344.0
315.0,341.0
316.0,348.0
317.0,340.0
318.0,345.0
319.0,337.0
320.0,346.0
321.0,339.0
322.0,353.0
323.0,342.0
324.0,354.0
325.0,349.0
326.0,356.0
327.0,347.0
328.0,345.0
329.0,347.0
330.0,342.0
331.0,339.0
332.0,357.0
333.0,353.0
334.0,349.0
335.0,347.0
336.0,342.0
337.0,338.0
338.0,341.0
339.0,344.0
340.0,349.0
341.0,352.0
342.0,350.0
343.0,335.0
344.0,359.0
345.0,353.0
346.0,338.0
347.0,346.0
348.0,341.0
349.0,349.0
350.0,343.0
351.0,344.0
352.0,341.0
353.0,350.0
354.0,354.0
355.0,350.0
356.0,338.0
357.0,349.0
358.0,347.0
359.0,339.0
360.0,345.0
361.0,349.0
362.0,356.0
363.0,351.0
364.0,346.0
365.0,340.0
366.0,355.0
367.0,368.0
368.0,346.0
369.0,361.0
370.0,344.0
371.0,351.0
372.0,353.0
373.0,336.0
374.0,355.0
375.0,355.0
376.0,354.0
377.0,356.0
378.0,335.0
379.0,351.0
380.0,335.0
381.0,340.0
382.0,359.0
383.0,345.0
384.0,341.0
385.0,343.0
386.0,338.0
387.0,352.0
388.0,346.0
389.0,341.0
390.0,340.0
391.0,344.0
392.0,345.0
393.0,350.0
394.0,350.0
395.0,350.0
396.0,355.0
397.0,342.0
398.0,350.0
399.0,353.0
400.0,352.0
401.0,353.0
402.0,357.0
403.0,347.0
404.0,348.0
405.0,361.0
406.0,351.0
407.0,354.0
408.0,353.0
409.0,350.0
410.0,350.0
411.0,338.0
412.0,341.0
413.0,358.0
414.0,348.0
415.0,347.0
416.0,351.0
417.0,336.0
418.0,346.0
419.0,355.0
420.0,343.0
421.0,346.0
422.0,337.0
423.0,347.0
424.0,350.0
425.0,339.0
426.0,348.0
427.0,352.0
428.0,350.0
429.0,339.0
430.0,341.0
431.0,346.0
432.0,346.0
433.0,346.0
434.0,339.0
435.0,355.0
436.0,343.0
437.0,358.0
438.0,351.0
439.0,356.0
440.0,321.0
441.0,344.0
442.0,348.0
443.0,342.0
444.0,346.0
445.0,346.0
446.0,348.0
447.0,355.0
448.0,351.0
449.0,349.0
450.0,347.0
451.0,345.0
452.0,351.0
453.0,354.0
454.0,341.0
455.0,339.0
456.0,352.0
457.0,341.0
458.0,349.0
459.0,346.0
460.0,355.0
461.0,363.0
462.0,344.0
463.0,348.0
464.0,353.0
465.0,354.0
466.0,347.0
467.0,353.0
468.0,341.0
469.0,364.0
470.0,353.0
471.0,336.0
472.0,356.0
473.0,340.0
474.0,339.0
475.0,356.0
476.0,354.0
477.0,352.0
478.0,351.0
479.0,347.0
480.0,357.0
481.0,356.0
482.0,344.0
483.0,351.0
484.0,346.0
485.0,354.0
486.0,347.0
487.0,350.0
488.0,346.0
489.0,338.0
490.0,346.0
491.0,359.0
492.0,339.0
493.0,348.0
494.0,343.0
495.0,337.0
496.0,351.0
497.0,353.0
498.0,349.0
499.0,347.0
500.0,353.0
501.0,354.0
502.0,344.0
503.0,349.0
504.0,352.0
505.0,342.0
506.0,344.0
507.0,342.0
508.0,356.0
509.0,341.0
510.0,353.0
511.0,348.0
512.0,342.0
513.0,341.0
514.0,345.0
515.0,335.0
516.0,343.0
517.0,340.0
518.0,349.0
519.0,349.0
520.0,349.0
521.0,339.0
522.0,351.0
523.0,343.0
524.0,354.0
525.0,355.0
526.0,354.0
527.0,350.0
528.0,357.0
529.0,330.0
530.0,346.0
531.0,343.0
532.0,334.0
533.0,340.0
534.0,332.0
535.0,342.0
536.0,345.0
537.0,340.0
538.0,331.0
539.0,352.0
540.0,333.0
541.0,344.0
542.0,346.0
543.0,343.0
544.0,350.0
545.0,339.0
546.0,343.0
547.0,353.0
548.0,347.0
549.0,341.0
550.0,338.0
551.0,350.0
552.0,353.0
553.0,353.0
554.0,370.0
555.0,341.0
556.0,348.0
557.0,340.0
558.0,348.0
559.0,341.0
560.0,355.0
561.0,354.0
562.0,347.0
563.0,358.0
564.0,348.0
565.0,340.0
566.0,348.0
567.0,350.0
568.0,350.0
569.0,350.0
570.0,350.0
571.0,355.0
572.0,360.0
573.0,334.0
574.0,347.0
575.0,346.0
576.0,355.0
577.0,348.0
578.0,349.0
579.0,349.0
580.0,346.0
581.0,357.0
582.0,353.0
583.0,358.0
584.0,343.0
585.0,357.0
586.0,344.0
587.0,345.0
588.0,358.0
589.0,359.0
590.0,352.0
591.0,347.0
592.0,351.0
593.0,343.0
594.0,344.0
595.0,341.0
596.0,346.0
597.0,341.0
598.0,347.0
599.0,350.0
600.0,344.0
601.0,337.0
602.0,354.0
603.0,354.0
604.0,341.0
605.0,352.0
606.0,348.0
607.0,357.0
608.0,350.0
609.0,354.0
610.0,342.0
611.0,343.0
612.0,347.0
613.0,342.0
614.0,340.0
615.0,344.0
616.0,360.0
617.0,347.0
618.0,351.0
619.0,338.0
620.0,349.0
621.0,341.0
622.0,351.0
623.0,345.0
624.0,345.0
625.0,351.0
626.0,344.0
627.0,346.0
628.0,353.0
629.0,341.0
630.0,353.0
631.0,351.0
632.0,347.0
633.0,361.0
634.0,347.0
635.0,340.0
636.0,343.0
637.0,352.0
638.0,341.0
639.0,346.0
640.0,350.0
641.0,343.0
642.0,343.0
643.0,344.0
644.0,349.0
645.0,346.0
646.0,334.0
647.0,341.0
648.0,346.0
649.0,354.0
650.0,353.0
651.0,347.0
652.0,354.0
653.0,342.0
654.0,351.0
655.0,346.0
656.0,340.0
657.0,355.0
658.0,346.0
659.0,341.0
660.0,362.0
661.0,352.0
662.0,348.0
663.0,337.0
664.0,352.0
665.0,352.0
666.0,340.0
667.0,354.0
668.0,340.0
669.0,349.0
670.0,359.0
671.0,356.0
672.0,359.0
673.0,355.0
674.0,339.0
675.0,351.0
676.0,361.0
677.0,347.0
678.0,349.0
679.0,345.0
680.0,349.0
681.0,353.0
682.0,328.0
683.0,356.0
684.0,347.0
685.0,355.0
686.0,348.0
687.0,347.0
688.0,344.0
689.0,337.0
690.0,346.0
691.0,348.0
692.0,348.0
693.0,348.0
694.0,346.0
695.0,341.0
696.0,348.0
697.0,347.0
698.0,354.0
699.0,366.0
700.0,348.0
701.0,339.0
702.0,347.0
703.0,351.0
704.0,345.0
705.0,340.0
706.0,342.0
707.0,345.0
708.0,355.0
709.0,346.0
710.0,356.0
711.0,363.0
712.0,348.0
713.0,349.0
714.0,347.0
715.0,339.0
716.0,355.0
717.0,349.0
718.0,348.0
719.0,336.0
720.0,350.0
721.0,352.0
722.0,346.0
723.0,353.0
724.0,359.0
725.0,348.0
726.0,350.0
727.0,350.0
728.0,348.0
729.0,348.0
730.0,350.0
731.0,351.0
732.0,352.0
733.0,338.0
734.0,350.0
735.0,362.0
736.0,341.0
737.0,335.0
738.0,352.0
739.0,350.0
740.0,347.0
741.0,352.0
742.0,339.0
743.0,339.0
744.0,360.0
745.0,363.0
746.0,354.0
747.0,345.0
748.0,343.0
749.0,351.0
750.0,338.0
751.0,345.0
752.0,346.0
753.0,347.0
754.0,335.0
755.0,357.0
756.0,344.0
757.0,356.0
758.0,339.0
759.0,361.0
760.0,352.0
761.0,339.0
762.0,345.0
763.0,341.0
764.0,355.0
765.0,353.0
766.0,353.0
767.0,356.0
768.0,348.0
769.0,343.0
770.0,346.0
771.0,340.0
772.0,355.0
773.0,352.0
774.0,353.0
775.0,352.0
776.0,360.0
777.0,342.0
778.0,340.0
779.0,353.0
780.0,340.0
781.0,360.0
782.0,343.0
783.0,358.0
784.0,353.0
785.0,353.0
786.0,345.0
787.0,341.0
788.0,343.0
789.0,345.0
790.0,338.0
791.0,357.0
792.0,356.0
793.0,343.0
794.0,354.0
795.0,350.0
796.0,355.0
797.0,354.0
798.0,349.0
799.0,348.0
800.0,361.0
801.0,352.0
802.0,345.0
803.0,343.0
804.0,358.0
805.0,343.0
806.0,341.0
807.0,343.0
808.0,353.0
809.0,334.0
810.0,346.0
811.0,336.0
812.0,347.0
813.0,363.0
814.0,353.0
815.0,344.0
816.0,350.0
817.0,347.0
818.0,338.0
819.0,356.0
820.0,356.0
821.0,355.0
822.0,344.0
823.0,344.0
824.0,346.0
825.0,344.0
826.0,350.0
827.0,334.0
828.0,353.0
829.0,360.0
830.0,354.0
831.0,351.0
832.0,350.0
833.0,342.0
834.0,347.0
835.0,340.0
836.0,351.0
837.0,343.0
