Timestamp: 14-Nov-2014 23:06:30
DelayedPheromone: true
DistanceWeight: 3.0
Evaporation: 0.5
NumAnts: 50
NumCities: 10
PheromoneAmount: 1.0
PheromoneWeight: 1.0
XSize: 150
YSize: 120


"tick","Avg. Path Lengh"
1.0,1250.0
2.0,1004.0
3.0,977.0
4.0,952.0
5.0,953.0
6.0,947.0
7.0,946.0
8.0,937.0
9.0,938.0
10.0,950.0
11.0,942.0
12.0,944.0
13.0,952.0
14.0,946.0
15.0,932.0
16.0,945.0
17.0,925.0
18.0,954.0
19.0,940.0
20.0,964.0
21.0,949.0
22.0,939.0
23.0,955.0
24.0,941.0
25.0,928.0
26.0,940.0
27.0,934.0
28.0,927.0
29.0,955.0
30.0,940.0
31.0,944.0
32.0,953.0
33.0,955.0
34.0,939.0
35.0,946.0
36.0,956.0
37.0,940.0
38.0,947.0
39.0,945.0
40.0,939.0
41.0,948.0
42.0,951.0
43.0,941.0
44.0,927.0
45.0,932.0
46.0,945.0
47.0,949.0
48.0,950.0
49.0,929.0
50.0,935.0
51.0,942.0
52.0,933.0
53.0,940.0
54.0,935.0
55.0,937.0
56.0,965.0
57.0,933.0
58.0,946.0
59.0,946.0
60.0,933.0
61.0,922.0
62.0,931.0
63.0,933.0
64.0,938.0
65.0,941.0
66.0,935.0
67.0,933.0
68.0,957.0
69.0,940.0
70.0,933.0
71.0,948.0
72.0,941.0
73.0,948.0
74.0,920.0
75.0,936.0
76.0,936.0
77.0,945.0
78.0,937.0
79.0,952.0
80.0,942.0
81.0,931.0
82.0,934.0
83.0,945.0
84.0,934.0
85.0,943.0
86.0,929.0
87.0,939.0
88.0,938.0
89.0,932.0
90.0,935.0
91.0,929.0
92.0,942.0
93.0,947.0
94.0,936.0
95.0,944.0
96.0,935.0
97.0,939.0
98.0,942.0
99.0,956.0
100.0,949.0
101.0,932.0
102.0,952.0
103.0,936.0
104.0,925.0
105.0,951.0
106.0,938.0
107.0,932.0
108.0,930.0
109.0,936.0
110.0,935.0
111.0,960.0
112.0,937.0
113.0,951.0
114.0,943.0
115.0,946.0
116.0,931.0
117.0,928.0
118.0,946.0
119.0,946.0
120.0,933.0
121.0,938.0
122.0,948.0
123.0,963.0
124.0,952.0
125.0,930.0
126.0,941.0
127.0,933.0
128.0,938.0
129.0,936.0
130.0,949.0
131.0,950.0
132.0,941.0
133.0,924.0
134.0,955.0
135.0,949.0
136.0,944.0
137.0,916.0
138.0,938.0
139.0,940.0
140.0,926.0
141.0,951.0
142.0,948.0
143.0,926.0
144.0,947.0
145.0,934.0
146.0,939.0
147.0,928.0
148.0,958.0
149.0,935.0
150.0,935.0
151.0,948.0
152.0,921.0
153.0,925.0
154.0,939.0
155.0,952.0
156.0,927.0
157.0,953.0
158.0,940.0
159.0,957.0
160.0,950.0
161.0,931.0
162.0,937.0
163.0,936.0
164.0,945.0
165.0,943.0
166.0,941.0
167.0,927.0
168.0,939.0
169.0,960.0
170.0,939.0
171.0,937.0
172.0,930.0
173.0,932.0
174.0,932.0
175.0,943.0
176.0,930.0
177.0,937.0
178.0,936.0
179.0,919.0
180.0,941.0
181.0,946.0
182.0,948.0
183.0,937.0
184.0,943.0
185.0,954.0
186.0,936.0
187.0,939.0
188.0,944.0
189.0,938.0
190.0,923.0
191.0,934.0
192.0,943.0
193.0,947.0
194.0,931.0
195.0,954.0
196.0,932.0
197.0,944.0
198.0,952.0
199.0,943.0
200.0,922.0
201.0,946.0
202.0,922.0
203.0,938.0
204.0,929.0
205.0,927.0
206.0,934.0
207.0,949.0
208.0,928.0
209.0,935.0
210.0,922.0
211.0,934.0
212.0,945.0
213.0,932.0
214.0,943.0
215.0,926.0
216.0,938.0
217.0,941.0
218.0,954.0
219.0,948.0
220.0,943.0
221.0,936.0
222.0,923.0
223.0,931.0
224.0,936.0
225.0,930.0
226.0,937.0
227.0,935.0
228.0,942.0
229.0,932.0
230.0,943.0
231.0,923.0
232.0,919.0
233.0,935.0
234.0,932.0
235.0,927.0
236.0,930.0
237.0,950.0
238.0,934.0
239.0,928.0
240.0,923.0
241.0,934.0
242.0,957.0
243.0,935.0
244.0,935.0
245.0,936.0
246.0,950.0
247.0,935.0
248.0,933.0
249.0,939.0
250.0,948.0
251.0,926.0
252.0,942.0
253.0,950.0
254.0,942.0
255.0,928.0
256.0,932.0
257.0,936.0
258.0,939.0
259.0,938.0
260.0,934.0
261.0,944.0
262.0,935.0
263.0,919.0
264.0,942.0
265.0,930.0
266.0,939.0
267.0,936.0
268.0,941.0
269.0,943.0
270.0,933.0
271.0,935.0
272.0,932.0
273.0,930.0
274.0,937.0
275.0,931.0
276.0,932.0
277.0,943.0
278.0,939.0
279.0,950.0
280.0,921.0
281.0,945.0
282.0,958.0
283.0,947.0
284.0,939.0
285.0,942.0
286.0,935.0
287.0,915.0
288.0,941.0
289.0,948.0
290.0,957.0
291.0,950.0
292.0,935.0
293.0,943.0
294.0,944.0
295.0,930.0
296.0,923.0
297.0,919.0
298.0,940.0
299.0,943.0
300.0,939.0
301.0,948.0
302.0,947.0
303.0,927.0
304.0,926.0
305.0,938.0
306.0,936.0
307.0,934.0
308.0,946.0
309.0,925.0
310.0,932.0
311.0,915.0
312.0,923.0
313.0,926.0
314.0,944.0
315.0,943.0
316.0,940.0
317.0,948.0
318.0,934.0
319.0,932.0
320.0,947.0
321.0,929.0
322.0,950.0
323.0,943.0
324.0,941.0
325.0,942.0
326.0,938.0
327.0,939.0
328.0,936.0
329.0,926.0
330.0,938.0
331.0,943.0
332.0,954.0
333.0,928.0
334.0,925.0
335.0,923.0
336.0,960.0
337.0,940.0
338.0,927.0
339.0,931.0
340.0,933.0
341.0,927.0
342.0,939.0
343.0,927.0
344.0,928.0
345.0,914.0
346.0,928.0
347.0,944.0
348.0,943.0
349.0,940.0
350.0,947.0
351.0,931.0
352.0,947.0
353.0,941.0
354.0,943.0
355.0,928.0
356.0,942.0
357.0,932.0
358.0,957.0
359.0,936.0
360.0,924.0
361.0,930.0
362.0,926.0
363.0,936.0
364.0,938.0
365.0,919.0
366.0,932.0
367.0,920.0
368.0,945.0
369.0,934.0
370.0,941.0
371.0,938.0
372.0,952.0
373.0,938.0
374.0,938.0
375.0,950.0
376.0,941.0
377.0,921.0
378.0,922.0
379.0,931.0
380.0,946.0
381.0,933.0
382.0,934.0
383.0,923.0
384.0,936.0
385.0,935.0
386.0,939.0
387.0,926.0
388.0,946.0
389.0,940.0
390.0,947.0
391.0,958.0
392.0,948.0
393.0,931.0
394.0,941.0
395.0,924.0
396.0,948.0
397.0,933.0
398.0,935.0
399.0,924.0
400.0,915.0
401.0,931.0
402.0,927.0
403.0,931.0
404.0,936.0
405.0,953.0
406.0,942.0
407.0,945.0
408.0,932.0
409.0,949.0
410.0,935.0
411.0,937.0
412.0,945.0
413.0,930.0
414.0,930.0
415.0,937.0
416.0,937.0
417.0,925.0
418.0,933.0
419.0,928.0
420.0,964.0
421.0,944.0
422.0,931.0
423.0,934.0
424.0,926.0
425.0,933.0
426.0,933.0
427.0,921.0
428.0,941.0
429.0,927.0
430.0,942.0
431.0,931.0
432.0,936.0
433.0,931.0
434.0,946.0
435.0,925.0
436.0,937.0
437.0,951.0
438.0,933.0
439.0,931.0
440.0,921.0
441.0,942.0
442.0,921.0
443.0,924.0
444.0,952.0
445.0,934.0
446.0,931.0
447.0,941.0
448.0,933.0
449.0,941.0
450.0,933.0
451.0,947.0
452.0,931.0
453.0,934.0
454.0,947.0
455.0,944.0
456.0,933.0
457.0,939.0
458.0,953.0
459.0,934.0
460.0,926.0
461.0,939.0
462.0,930.0
463.0,932.0
464.0,941.0
465.0,937.0
466.0,943.0
467.0,953.0
468.0,924.0
469.0,942.0
470.0,949.0
471.0,926.0
472.0,941.0
473.0,934.0
474.0,936.0
475.0,941.0
476.0,937.0
477.0,939.0
478.0,955.0
479.0,936.0
480.0,940.0
481.0,946.0
482.0,948.0
483.0,941.0
484.0,946.0
485.0,934.0
486.0,932.0
487.0,935.0
488.0,927.0
489.0,931.0
490.0,935.0
491.0,925.0
492.0,928.0
493.0,936.0
494.0,937.0
495.0,946.0
496.0,943.0
497.0,930.0
498.0,950.0
499.0,926.0
500.0,948.0
501.0,934.0
502.0,950.0
503.0,937.0
504.0,944.0
505.0,928.0
506.0,938.0
507.0,957.0
508.0,940.0
509.0,936.0
510.0,939.0
511.0,954.0
512.0,941.0
513.0,920.0
514.0,943.0
515.0,937.0
516.0,942.0
517.0,928.0
518.0,944.0
519.0,922.0
520.0,928.0
521.0,946.0
522.0,939.0
523.0,934.0
524.0,920.0
525.0,927.0
526.0,951.0
527.0,938.0
